 slim_762501699 slim_762501667 slim_762501669 slim_762501680 slim_762501709 slim_762501668 slim_762501695 slim_762501687 slim_762501671 slim_762501696 slim_762501711 slim_762501717 slim_762501684 slim_762501701 slim_762501700 slim_762501686 slim_762501702 slim_762501682 slim_762501693 slim_762501694 slim_762501708 slim_762501690 slim_762501719 slim_762501706 slim_762501685 slim_762501674 slim_762501707 slim_762501720 slim_762501688 slim_762501704 slim_762501677 slim_762501716 slim_762501697 slim_762501713 slim_762501691 slim_762501670 slim_762501712 slim_762501673 slim_762501689 slim_762501703 slim_762501714 slim_762501672 slim_762501666 slim_762501692 slim_762501715 slim_762501675 slim_762501665 slim_762501681 slim_762501718 slim_762501678 slim_762501679 slim_762501710 slim_762501705 slim_762501683 slim_762501698 slim_762501676
0 1.2e-06 9e-07 2.1e-06 1.45e-06 1.25e-06 8.5e-07 1.6e-06 1.1e-06 1.3e-06 1.25e-06 8e-07 1.45e-06 1.2e-06 1e-06 1.1e-06 1.35e-06 1e-06 1.25e-06 1e-06 1e-06 1.25e-06 1.05e-06 1.3e-06 1.45e-06 9.5e-07 1.25e-06 1.9e-06 1.75e-06 1e-06 1e-06 8.5e-07 1.35e-06 1.1e-06 1.45e-06 1.05e-06 1.55e-06 9e-07 1.25e-06 1.3e-06 1e-06 9e-07 1.3e-06 1.9e-06 1.75e-06 1.45e-06 9.5e-07 2.25e-06 1.2e-06 1.55e-06 9.5e-07 1.3e-06 1.4e-06 1.1e-06 1.1e-06 2.25e-06 1e-06
1 9e-07 8e-07 2.15e-06 1e-06 7.5e-07 9e-07 1.65e-06 7.5e-07 9.5e-07 1.35e-06 5e-07 1.55e-06 1.3e-06 1.25e-06 1.7e-06 1.45e-06 9.5e-07 1.05e-06 5.5e-07 1.25e-06 9e-07 1.1e-06 1.05e-06 1.2e-06 7.5e-07 9e-07 1.65e-06 1.45e-06 8e-07 8e-07 5.5e-07 1.05e-06 9e-07 1.5e-06 1.05e-06 1.45e-06 7e-07 9.5e-07 1.2e-06 8e-07 6e-07 1.15e-06 2e-06 1.5e-06 1.25e-06 6e-07 2.25e-06 7e-07 1.6e-06 6e-07 1.1e-06 1.15e-06 8.5e-07 1.05e-06 1.95e-06 7e-07
2 2.1e-06 2.15e-06 2.4e-06 1.95e-06 2.45e-06 2.25e-06 2.15e-06 2.05e-06 2.45e-06 1.8e-06 2e-06 1.6e-06 1.6e-06 2.1e-06 1.95e-06 1.7e-06 1.95e-06 2.15e-06 2.1e-06 2.1e-06 2.4e-06 2e-06 2.1e-06 2.15e-06 2.2e-06 2.15e-06 1.6e-06 2.2e-06 2.25e-06 2.2e-06 2.05e-06 1.75e-06 2e-06 2.2e-06 2.15e-06 2.4e-06 2.25e-06 2.15e-06 2.3e-06 2.2e-06 2.2e-06 2.5e-06 2.3e-06 2.15e-06 1.7e-06 2.2e-06 1.7e-06 2.4e-06 1.7e-06 2.2e-06 2.3e-06 2.1e-06 2.15e-06 1.75e-06 2.25e-06 2.1e-06
3 1.45e-06 1e-06 1.95e-06 1.7e-06 1.2e-06 1.3e-06 1.75e-06 1.15e-06 1.45e-06 1.45e-06 9e-07 1.7e-06 1.55e-06 1.8e-06 2.2e-06 1.55e-06 1.45e-06 1.4e-06 9.5e-07 1.8e-06 1.3e-06 1.5e-06 1.4e-06 1.45e-06 9.5e-07 1.2e-06 1.6e-06 1.65e-06 1e-06 1.2e-06 9e-07 9e-07 1.15e-06 1.75e-06 1.6e-06 1.8e-06 1.05e-06 1.25e-06 1.6e-06 1.25e-06 1.2e-06 1.65e-06 1.95e-06 1.65e-06 1.1e-06 9.5e-07 1.9e-06 1.1e-06 1.8e-06 9.5e-07 1.55e-06 1.4e-06 1.3e-06 1.3e-06 2e-06 9.5e-07
4 1.25e-06 7.5e-07 2.45e-06 1.2e-06 7e-07 1.2e-06 1.5e-06 8.5e-07 1.2e-06 1.55e-06 6.5e-07 1.9e-06 1.65e-06 1.6e-06 2.15e-06 1.8e-06 1.35e-06 1.35e-06 5e-07 1.6e-06 7e-07 1.45e-06 1.25e-06 1.25e-06 1e-06 9.5e-07 1.9e-06 1.4e-06 1.05e-06 1e-06 7e-07 1.2e-06 1.2e-06 1.85e-06 1.35e-06 1.75e-06 9.5e-07 1.15e-06 1.5e-06 1.1e-06 9.5e-07 1.4e-06 2.2e-06 1.55e-06 1.55e-06 6.5e-07 2.35e-06 8.5e-07 1.85e-06 7e-07 1.3e-06 1.2e-06 1.05e-06 1.4e-06 1.8e-06 8.5e-07
5 8.5e-07 9e-07 2.25e-06 1.3e-06 1.2e-06 1.1e-06 1.65e-06 9.5e-07 1.3e-06 1.3e-06 7.5e-07 1.65e-06 1.4e-06 1.1e-06 1.6e-06 1.4e-06 1.05e-06 1.15e-06 9.5e-07 1.1e-06 1.2e-06 1.3e-06 1.15e-06 1.4e-06 6e-07 1.2e-06 1.75e-06 1.7e-06 6.5e-07 9.5e-07 7.5e-07 1.2e-06 8.5e-07 1.6e-06 8.5e-07 1.55e-06 7e-07 9.5e-07 1.25e-06 8.5e-07 9e-07 1.3e-06 2e-06 1.7e-06 1.2e-06 7.5e-07 2.3e-06 1.05e-06 1.75e-06 8e-07 1.3e-06 1.35e-06 1e-06 1.2e-06 2.2e-06 7.5e-07
6 1.6e-06 1.65e-06 2.15e-06 1.75e-06 1.5e-06 1.65e-06 2.9e-06 1.65e-06 1.95e-06 1.45e-06 1.5e-06 2.05e-06 1.9e-06 1.85e-06 2.1e-06 2.05e-06 1.85e-06 1.9e-06 1.55e-06 1.85e-06 1.6e-06 1.9e-06 1.85e-06 1.9e-06 1.8e-06 1.8e-06 1.95e-06 2.05e-06 1.85e-06 1.75e-06 1.55e-06 1.65e-06 1.75e-06 1.95e-06 1.7e-06 2.2e-06 1.75e-06 1.85e-06 2e-06 1.75e-06 1.75e-06 2.05e-06 2.2e-06 2.1e-06 1.75e-06 1.65e-06 2e-06 1.85e-06 2.1e-06 1.65e-06 1.95e-06 1.85e-06 1.75e-06 1.8e-06 2.3e-06 1.7e-06
7 1.1e-06 7.5e-07 2.05e-06 1.15e-06 8.5e-07 9.5e-07 1.65e-06 1.1e-06 1.15e-06 1.35e-06 6.5e-07 1.4e-06 1.35e-06 1.4e-06 1.8e-06 1.5e-06 8.5e-07 1e-06 6.5e-07 1.4e-06 1.05e-06 1.15e-06 8e-07 1.15e-06 9e-07 8.5e-07 1.45e-06 1.3e-06 9.5e-07 8.5e-07 7e-07 1.1e-06 7.5e-07 1.65e-06 1.05e-06 1.4e-06 8.5e-07 8e-07 1.05e-06 7.5e-07 8.5e-07 1.25e-06 1.9e-06 1.3e-06 1e-06 7e-07 2.15e-06 9.5e-07 1.55e-06 7.5e-07 1.05e-06 1.1e-06 8.5e-07 1.05e-06 1.7e-06 8.5e-07
8 1.3e-06 9.5e-07 2.45e-06 1.45e-06 1.2e-06 1.3e-06 1.95e-06 1.15e-06 1.7e-06 1.65e-06 9.5e-07 1.95e-06 1.7e-06 1.6e-06 2.05e-06 1.85e-06 1.35e-06 1.45e-06 1e-06 1.6e-06 1.35e-06 1.5e-06 1.45e-06 1.65e-06 1.2e-06 1.35e-06 1.95e-06 1.9e-06 1.25e-06 1.25e-06 1e-06 1.5e-06 1.3e-06 1.95e-06 1.4e-06 1.35e-06 1.15e-06 1.35e-06 1.1e-06 1.2e-06 1.15e-06 1.05e-06 2.35e-06 1.95e-06 1.65e-06 1.05e-06 2.5e-06 1.15e-06 2e-06 1.05e-06 1e-06 1.6e-06 1.25e-06 1.5e-06 2.4e-06 1.15e-06
9 1.25e-06 1.35e-06 1.8e-06 1.45e-06 1.55e-06 1.3e-06 1.45e-06 1.35e-06 1.65e-06 2.2e-06 1.15e-06 1.7e-06 1.55e-06 1.5e-06 1.75e-06 1.7e-06 1.5e-06 1.55e-06 1.25e-06 1.5e-06 1.6e-06 1.55e-06 1.55e-06 1.65e-06 1.45e-06 1.5e-06 1.6e-06 1.85e-06 1.5e-06 1.45e-06 1.2e-06 1.3e-06 1.4e-06 1.6e-06 1.35e-06 1.85e-06 1.4e-06 1.5e-06 1.65e-06 1.4e-06 1.4e-06 1.7e-06 1.85e-06 1.85e-06 1.4e-06 1.35e-06 1.65e-06 1.55e-06 1.8e-06 1.35e-06 1.6e-06 1.6e-06 1.45e-06 1.45e-06 2.15e-06 1.35e-06
10 8e-07 5e-07 2e-06 9e-07 6.5e-07 7.5e-07 1.5e-06 6.5e-07 9.5e-07 1.15e-06 4e-07 1.4e-06 1.15e-06 1.2e-06 1.65e-06 1.3e-06 9e-07 8.5e-07 3e-07 1.2e-06 7e-07 9.5e-07 9e-07 1.05e-06 5.5e-07 7e-07 1.5e-06 1.3e-06 6e-07 6e-07 3e-07 7e-07 7e-07 1.4e-06 9.5e-07 1.25e-06 5e-07 8e-07 1.05e-06 6.5e-07 5.5e-07 1e-06 1.7e-06 1.35e-06 1.05e-06 4.5e-07 2e-06 6.5e-07 1.45e-06 4.5e-07 9.5e-07 1e-06 7e-07 9e-07 1.85e-06 4.5e-07
11 1.45e-06 1.55e-06 1.6e-06 1.7e-06 1.9e-06 1.65e-06 2.05e-06 1.4e-06 1.95e-06 1.7e-06 1.4e-06 1.9e-06 1.1e-06 1.85e-06 1.4e-06 1.3e-06 1.3e-06 1.45e-06 1.6e-06 1.85e-06 1.8e-06 1.3e-06 1.3e-06 1.5e-06 1.6e-06 1.45e-06 1.75e-06 1.5e-06 1.65e-06 1.35e-06 1.45e-06 1.55e-06 1.35e-06 1.85e-06 1.85e-06 1.75e-06 1.55e-06 1.55e-06 1.6e-06 1.5e-06 1.55e-06 1.95e-06 1.85e-06 1.4e-06 1.35e-06 1.6e-06 2.25e-06 1.85e-06 1.15e-06 1.6e-06 1.7e-06 1.45e-06 1.45e-06 1.25e-06 1.7e-06 1.6e-06
12 1.2e-06 1.3e-06 1.6e-06 1.55e-06 1.65e-06 1.4e-06 1.9e-06 1.35e-06 1.7e-06 1.55e-06 1.15e-06 1.1e-06 2e-06 1.6e-06 1.3e-06 1.2e-06 1.25e-06 1.4e-06 1.35e-06 1.6e-06 1.55e-06 1.25e-06 1.4e-06 1.45e-06 1.35e-06 1.4e-06 1.8e-06 1.6e-06 1.4e-06 1.25e-06 1.2e-06 1.4e-06 1.3e-06 1.7e-06 1.6e-06 1.7e-06 1.3e-06 1.5e-06 1.55e-06 1.35e-06 1.3e-06 1.7e-06 1.9e-06 1.55e-06 1.4e-06 1.35e-06 2.2e-06 1.6e-06 1.2e-06 1.35e-06 1.6e-06 1.4e-06 1.35e-06 1.15e-06 1.85e-06 1.35e-06
13 1e-06 1.25e-06 2.1e-06 1.8e-06 1.6e-06 1.1e-06 1.85e-06 1.4e-06 1.6e-06 1.5e-06 1.2e-06 1.85e-06 1.6e-06 1.9e-06 1.45e-06 1.65e-06 1.3e-06 1.6e-06 1.35e-06 9.5e-07 1.65e-06 1.45e-06 1.65e-06 1.85e-06 1.2e-06 1.65e-06 1.85e-06 2.15e-06 1.25e-06 1.45e-06 1.25e-06 1.7e-06 1.4e-06 1.8e-06 1.05e-06 1.9e-06 1.25e-06 1.45e-06 1.65e-06 1.35e-06 1.25e-06 1.6e-06 2.3e-06 2.15e-06 1.75e-06 1.25e-06 2.25e-06 1.45e-06 1.95e-06 1.3e-06 1.6e-06 1.8e-06 1.45e-06 1.5e-06 2.6e-06 1.25e-06
14 1.1e-06 1.7e-06 1.95e-06 2.2e-06 2.15e-06 1.6e-06 2.1e-06 1.8e-06 2.05e-06 1.75e-06 1.65e-06 1.4e-06 1.3e-06 1.45e-06 1.4e-06 1.45e-06 1.45e-06 1.75e-06 1.85e-06 1.45e-06 2.1e-06 1.3e-06 1.85e-06 1.95e-06 1.85e-06 1.8e-06 2.3e-06 2.1e-06 1.9e-06 1.75e-06 1.7e-06 2.05e-06 1.75e-06 1.9e-06 1.75e-06 1.95e-06 1.8e-06 1.95e-06 1.9e-06 1.8e-06 1.7e-06 2.05e-06 2.1e-06 2.05e-06 2e-06 1.85e-06 2.55e-06 2.1e-06 1.5e-06 1.85e-06 1.95e-06 1.9e-06 1.8e-06 1.55e-06 2.35e-06 1.85e-06
15 1.35e-06 1.45e-06 1.7e-06 1.55e-06 1.8e-06 1.4e-06 2.05e-06 1.5e-06 1.85e-06 1.7e-06 1.3e-06 1.3e-06 1.2e-06 1.65e-06 1.45e-06 2.3e-06 1.4e-06 1.55e-06 1.5e-06 1.65e-06 1.75e-06 1.4e-06 1.55e-06 1.6e-06 1.15e-06 1.55e-06 1.85e-06 1.75e-06 1.2e-06 1.4e-06 1.3e-06 1.4e-06 1.35e-06 1.85e-06 1.75e-06 1.85e-06 1.3e-06 1.5e-06 1.7e-06 1.5e-06 1.45e-06 1.85e-06 2.05e-06 1.7e-06 1.4e-06 1.35e-06 2.25e-06 1.65e-06 1.4e-06 1.4e-06 1.75e-06 1.55e-06 1.5e-06 1.3e-06 2e-06 1.3e-06
16 1e-06 9.5e-07 1.95e-06 1.45e-06 1.35e-06 1.05e-06 1.85e-06 8.5e-07 1.35e-06 1.5e-06 9e-07 1.3e-06 1.25e-06 1.3e-06 1.45e-06 1.4e-06 1.2e-06 1.05e-06 1.1e-06 1.3e-06 1.35e-06 1.05e-06 9.5e-07 1.45e-06 1.05e-06 1.2e-06 1.55e-06 1.65e-06 1.1e-06 1e-06 9.5e-07 1.35e-06 8.5e-07 1.7e-06 1.15e-06 1.45e-06 1e-06 1e-06 1.1e-06 8.5e-07 9.5e-07 1.35e-06 2.05e-06 1.6e-06 1.1e-06 1.05e-06 2.35e-06 1.3e-06 1.5e-06 1.05e-06 1.2e-06 1.4e-06 9e-07 9.5e-07 2.15e-06 1.1e-06
17 1.25e-06 1.05e-06 2.15e-06 1.4e-06 1.35e-06 1.15e-06 1.9e-06 1e-06 1.45e-06 1.55e-06 8.5e-07 1.45e-06 1.4e-06 1.6e-06 1.75e-06 1.55e-06 1.05e-06 1.4e-06 1.05e-06 1.6e-06 1.3e-06 1e-06 9.5e-07 1.5e-06 1.05e-06 9e-07 1.5e-06 1.55e-06 1.1e-06 8.5e-07 9e-07 1.25e-06 9.5e-07 1.8e-06 1.3e-06 1.25e-06 1e-06 1.15e-06 1.3e-06 1e-06 1.05e-06 1.45e-06 1.75e-06 1.5e-06 1.2e-06 1.05e-06 2.4e-06 1.3e-06 1.5e-06 1.05e-06 1.35e-06 1.45e-06 8.5e-07 1.2e-06 2.25e-06 1.05e-06
18 1e-06 5.5e-07 2.1e-06 9.5e-07 5e-07 9.5e-07 1.55e-06 6.5e-07 1e-06 1.25e-06 3e-07 1.6e-06 1.35e-06 1.35e-06 1.85e-06 1.5e-06 1.1e-06 1.05e-06 4e-07 1.35e-06 7.5e-07 1.15e-06 1.05e-06 1.1e-06 7.5e-07 7e-07 1.6e-06 1.3e-06 8e-07 8e-07 4e-07 8e-07 9e-07 1.55e-06 1.1e-06 1.45e-06 7e-07 9e-07 1.25e-06 8.5e-07 7e-07 1.15e-06 1.85e-06 1.4e-06 1.25e-06 4.5e-07 2e-06 6.5e-07 1.6e-06 5e-07 1.05e-06 1.05e-06 8.5e-07 1.1e-06 1.75e-06 5.5e-07
19 1e-06 1.25e-06 2.1e-06 1.8e-06 1.6e-06 1.1e-06 1.85e-06 1.4e-06 1.6e-06 1.5e-06 1.2e-06 1.85e-06 1.6e-06 9.5e-07 1.45e-06 1.65e-06 1.3e-06 1.6e-06 1.35e-06 1.9e-06 1.65e-06 1.45e-06 1.65e-06 1.85e-06 1.2e-06 1.65e-06 1.85e-06 2.15e-06 1.25e-06 1.45e-06 1.25e-06 1.7e-06 1.4e-06 1.8e-06 1.05e-06 1.9e-06 1.25e-06 1.45e-06 1.65e-06 1.35e-06 1.25e-06 1.6e-06 2.3e-06 2.15e-06 1.75e-06 1.25e-06 2.25e-06 1.45e-06 1.95e-06 1.3e-06 1.6e-06 1.8e-06 1.45e-06 1.5e-06 2.6e-06 1.25e-06
20 1.25e-06 9e-07 2.4e-06 1.3e-06 7e-07 1.2e-06 1.6e-06 1.05e-06 1.35e-06 1.6e-06 7e-07 1.8e-06 1.55e-06 1.65e-06 2.1e-06 1.75e-06 1.35e-06 1.3e-06 7.5e-07 1.65e-06 1.3e-06 1.4e-06 1.3e-06 1.4e-06 1e-06 1.1e-06 1.95e-06 1.6e-06 1.05e-06 9.5e-07 7.5e-07 1.2e-06 1.15e-06 1.85e-06 1.4e-06 1.7e-06 9e-07 1.25e-06 1.5e-06 1.05e-06 1e-06 1.45e-06 2.15e-06 1.7e-06 1.5e-06 8.5e-07 2.45e-06 1.05e-06 1.8e-06 8.5e-07 1.4e-06 1.35e-06 1.1e-06 1.3e-06 2.1e-06 9e-07
21 1.05e-06 1.1e-06 2e-06 1.5e-06 1.45e-06 1.3e-06 1.9e-06 1.15e-06 1.5e-06 1.55e-06 9.5e-07 1.3e-06 1.25e-06 1.45e-06 1.3e-06 1.4e-06 1.05e-06 1e-06 1.15e-06 1.45e-06 1.4e-06 1.6e-06 1.1e-06 1.6e-06 1.15e-06 1e-06 1.65e-06 1.65e-06 1.2e-06 9.5e-07 1e-06 1.35e-06 1.1e-06 1.7e-06 1.5e-06 1.3e-06 1.1e-06 1.3e-06 1.35e-06 1.15e-06 1.1e-06 1.5e-06 1.7e-06 1.6e-06 1.35e-06 1.15e-06 2.35e-06 1.4e-06 1.35e-06 1.15e-06 1.4e-06 1.55e-06 1.05e-06 1.1e-06 2.35e-06 1.15e-06
22 1.3e-06 1.05e-06 2.1e-06 1.4e-06 1.25e-06 1.15e-06 1.85e-06 8e-07 1.45e-06 1.55e-06 9e-07 1.3e-06 1.4e-06 1.65e-06 1.85e-06 1.55e-06 9.5e-07 9.5e-07 1.05e-06 1.65e-06 1.3e-06 1.1e-06 1.1e-06 1.35e-06 1.1e-06 9.5e-07 1.4e-06 1.2e-06 1.15e-06 7.5e-07 9.5e-07 1.3e-06 8.5e-07 1.85e-06 1.3e-06 1.35e-06 1.05e-06 9.5e-07 1.15e-06 9e-07 1.1e-06 1.5e-06 1.85e-06 1.25e-06 1.05e-06 1.05e-06 2.35e-06 1.3e-06 1.3e-06 1.05e-06 1.25e-06 1.3e-06 7.5e-07 1.15e-06 1.9e-06 1.1e-06
23 1.45e-06 1.2e-06 2.15e-06 1.45e-06 1.25e-06 1.4e-06 1.9e-06 1.15e-06 1.65e-06 1.65e-06 1.05e-06 1.5e-06 1.45e-06 1.85e-06 1.95e-06 1.6e-06 1.45e-06 1.5e-06 1.1e-06 1.85e-06 1.4e-06 1.6e-06 1.35e-06 1.9e-06 1.3e-06 1.3e-06 1.95e-06 1.15e-06 1.35e-06 1.25e-06 1.1e-06 1.4e-06 1.3e-06 1.9e-06 1.6e-06 1.9e-06 1.25e-06 1.35e-06 1.6e-06 1.3e-06 1.3e-06 1.75e-06 2.1e-06 1.15e-06 1.45e-06 1.15e-06 2.35e-06 1.35e-06 1.65e-06 1.15e-06 1.55e-06 9.5e-07 1.35e-06 1.45e-06 1e-06 1.25e-06
24 9.5e-07 7.5e-07 2.2e-06 9.5e-07 1e-06 6e-07 1.8e-06 9e-07 1.2e-06 1.45e-06 5.5e-07 1.6e-06 1.35e-06 1.2e-06 1.85e-06 1.15e-06 1.05e-06 1.05e-06 7.5e-07 1.2e-06 1e-06 1.15e-06 1.1e-06 1.3e-06 1e-07 1e-06 1.65e-06 1.6e-06 1e-07 7.5e-07 5e-07 8.5e-07 7e-07 1.65e-06 1.15e-06 1.45e-06 3.5e-07 7.5e-07 1.2e-06 8e-07 7.5e-07 1.2e-06 2e-06 1.6e-06 1e-06 4e-07 2.3e-06 7.5e-07 1.7e-06 5e-07 1.2e-06 1.25e-06 9e-07 1.1e-06 2.2e-06 3.5e-07
25 1.25e-06 9e-07 2.15e-06 1.2e-06 9.5e-07 1.2e-06 1.8e-06 8.5e-07 1.35e-06 1.5e-06 7e-07 1.45e-06 1.4e-06 1.65e-06 1.8e-06 1.55e-06 1.2e-06 9e-07 7e-07 1.65e-06 1.1e-06 1e-06 9.5e-07 1.3e-06 1e-06 1.3e-06 1.55e-06 1.3e-06 1.05e-06 8e-07 7.5e-07 1.1e-06 1e-06 1.75e-06 1.4e-06 1.3e-06 9.5e-07 1.1e-06 1.35e-06 1.05e-06 1e-06 1.45e-06 1.65e-06 1.3e-06 1.25e-06 8e-07 2.25e-06 1.05e-06 1.45e-06 8.5e-07 1.3e-06 1.25e-06 9e-07 1.2e-06 1.9e-06 9e-07
26 1.9e-06 1.65e-06 1.6e-06 1.6e-06 1.9e-06 1.75e-06 1.95e-06 1.45e-06 1.95e-06 1.6e-06 1.5e-06 1.75e-06 1.8e-06 1.85e-06 2.3e-06 1.85e-06 1.55e-06 1.5e-06 1.6e-06 1.85e-06 1.95e-06 1.65e-06 1.4e-06 1.95e-06 1.65e-06 1.55e-06 2.1e-06 1.9e-06 1.7e-06 1.55e-06 1.55e-06 1.45e-06 1.45e-06 2.1e-06 1.6e-06 1.85e-06 1.7e-06 1.55e-06 1.8e-06 1.6e-06 1.7e-06 2e-06 2.1e-06 1.85e-06 1.3e-06 1.65e-06 1.75e-06 1.85e-06 1.8e-06 1.65e-06 1.8e-06 1.9e-06 1.45e-06 1.6e-06 2.4e-06 1.6e-06
27 1.75e-06 1.45e-06 2.2e-06 1.65e-06 1.4e-06 1.7e-06 2.05e-06 1.3e-06 1.9e-06 1.85e-06 1.3e-06 1.5e-06 1.6e-06 2.15e-06 2.1e-06 1.75e-06 1.65e-06 1.55e-06 1.3e-06 2.15e-06 1.6e-06 1.65e-06 1.2e-06 1.15e-06 1.6e-06 1.3e-06 1.9e-06 1.9e-06 1.65e-06 1.25e-06 1.35e-06 1.6e-06 1.5e-06 2.15e-06 1.9e-06 1.95e-06 1.55e-06 1.5e-06 1.8e-06 1.55e-06 1.6e-06 2.05e-06 2.1e-06 1.05e-06 1.6e-06 1.4e-06 2.45e-06 1.6e-06 1.45e-06 1.4e-06 1.75e-06 1.1e-06 1.3e-06 1.65e-06 1e-06 1.5e-06
28 1e-06 8e-07 2.25e-06 1e-06 1.05e-06 6.5e-07 1.85e-06 9.5e-07 1.25e-06 1.5e-06 6e-07 1.65e-06 1.4e-06 1.25e-06 1.9e-06 1.2e-06 1.1e-06 1.1e-06 8e-07 1.25e-06 1.05e-06 1.2e-06 1.15e-06 1.35e-06 1e-07 1.05e-06 1.7e-06 1.65e-06 2e-07 8e-07 5.5e-07 9e-07 7.5e-07 1.7e-06 1.2e-06 1.5e-06 3.5e-07 8e-07 1.25e-06 8.5e-07 8e-07 1.25e-06 2.05e-06 1.65e-06 1.05e-06 4.5e-07 2.35e-06 8e-07 1.75e-06 5.5e-07 1.25e-06 1.3e-06 9.5e-07 1.15e-06 2.25e-06 4e-07
29 1e-06 8e-07 2.2e-06 1.2e-06 1e-06 9.5e-07 1.75e-06 8.5e-07 1.25e-06 1.45e-06 6e-07 1.35e-06 1.25e-06 1.45e-06 1.75e-06 1.4e-06 1e-06 8.5e-07 8e-07 1.45e-06 9.5e-07 9.5e-07 7.5e-07 1.25e-06 7.5e-07 8e-07 1.55e-06 1.25e-06 8e-07 8e-07 6.5e-07 1.1e-06 8.5e-07 1.65e-06 1.2e-06 1.25e-06 6.5e-07 1e-06 1.15e-06 7.5e-07 8e-07 1.25e-06 1.75e-06 1.3e-06 1.15e-06 7.5e-07 2.4e-06 1e-06 1.3e-06 7.5e-07 1.2e-06 1.2e-06 6.5e-07 1e-06 2.05e-06 8e-07
30 8.5e-07 5.5e-07 2.05e-06 9e-07 7e-07 7.5e-07 1.55e-06 7e-07 1e-06 1.2e-06 3e-07 1.45e-06 1.2e-06 1.25e-06 1.7e-06 1.3e-06 9.5e-07 9e-07 4e-07 1.25e-06 7.5e-07 1e-06 9.5e-07 1.1e-06 5e-07 7.5e-07 1.55e-06 1.35e-06 5.5e-07 6.5e-07 5e-07 7.5e-07 7e-07 1.45e-06 1e-06 1.3e-06 5e-07 8e-07 1.1e-06 7e-07 6e-07 1.05e-06 1.75e-06 1.4e-06 1.05e-06 4.5e-07 2.05e-06 7e-07 1.5e-06 4.5e-07 1e-06 1.05e-06 7.5e-07 9.5e-07 1.9e-06 4.5e-07
31 1.35e-06 1.05e-06 1.75e-06 9e-07 1.2e-06 1.2e-06 1.65e-06 1.1e-06 1.5e-06 1.3e-06 7e-07 1.55e-06 1.4e-06 1.7e-06 2.05e-06 1.4e-06 1.35e-06 1.25e-06 8e-07 1.7e-06 1.2e-06 1.35e-06 1.3e-06 1.4e-06 8.5e-07 1.1e-06 1.45e-06 1.6e-06 9e-07 1.1e-06 7.5e-07 1.3e-06 1e-06 1.6e-06 1.5e-06 1.65e-06 9.5e-07 1.15e-06 1.5e-06 1.15e-06 1.1e-06 1.55e-06 1.75e-06 1.6e-06 9.5e-07 9e-07 1.7e-06 1.15e-06 1.65e-06 9e-07 1.45e-06 1.35e-06 1.2e-06 1.15e-06 2e-06 8e-07
32 1.1e-06 9e-07 2e-06 1.15e-06 1.2e-06 8.5e-07 1.75e-06 7.5e-07 1.3e-06 1.4e-06 7e-07 1.35e-06 1.3e-06 1.4e-06 1.75e-06 1.35e-06 8.5e-07 9.5e-07 9e-07 1.4e-06 1.15e-06 1.1e-06 8.5e-07 1.3e-06 7e-07 1e-06 1.45e-06 1.5e-06 7.5e-07 8.5e-07 7e-07 1e-06 1.1e-06 1.65e-06 1.1e-06 1.35e-06 7.5e-07 8e-07 1.05e-06 7.5e-07 9e-07 1.3e-06 1.85e-06 1.45e-06 8.5e-07 8e-07 2.2e-06 1.1e-06 1.55e-06 8e-07 1.15e-06 1.25e-06 9e-07 1e-06 2e-06 7.5e-07
33 1.45e-06 1.5e-06 2.2e-06 1.75e-06 1.85e-06 1.6e-06 1.95e-06 1.65e-06 1.95e-06 1.6e-06 1.4e-06 1.85e-06 1.7e-06 1.8e-06 1.9e-06 1.85e-06 1.7e-06 1.8e-06 1.55e-06 1.8e-06 1.85e-06 1.7e-06 1.85e-06 1.9e-06 1.65e-06 1.75e-06 2.1e-06 2.15e-06 1.7e-06 1.65e-06 1.45e-06 1.6e-06 1.65e-06 2.6e-06 1.75e-06 2.1e-06 1.6e-06 1.8e-06 1.9e-06 1.65e-06 1.35e-06 1.8e-06 1.65e-06 2.1e-06 1.7e-06 1.6e-06 1.95e-06 1.65e-06 2e-06 1.6e-06 1.9e-06 1.85e-06 1.75e-06 1.6e-06 2.45e-06 1.6e-06
34 1.05e-06 1.05e-06 2.15e-06 1.6e-06 1.35e-06 8.5e-07 1.7e-06 1.05e-06 1.4e-06 1.35e-06 9.5e-07 1.85e-06 1.6e-06 1.05e-06 1.75e-06 1.75e-06 1.15e-06 1.3e-06 1.1e-06 1.05e-06 1.4e-06 1.5e-06 1.3e-06 1.6e-06 1.15e-06 1.4e-06 1.6e-06 1.9e-06 1.2e-06 1.2e-06 1e-06 1.5e-06 1.1e-06 1.75e-06 1.2e-06 1.7e-06 1.1e-06 1.2e-06 1.4e-06 1e-06 1.05e-06 1.4e-06 2.2e-06 1.9e-06 1.45e-06 1.1e-06 2.2e-06 1.3e-06 1.95e-06 1.1e-06 1.4e-06 1.55e-06 1.15e-06 1.4e-06 2.35e-06 1.15e-06
35 1.55e-06 1.45e-06 2.4e-06 1.8e-06 1.75e-06 1.55e-06 2.2e-06 1.4e-06 1.35e-06 1.85e-06 1.25e-06 1.75e-06 1.7e-06 1.9e-06 1.95e-06 1.85e-06 1.45e-06 1.25e-06 1.45e-06 1.9e-06 1.7e-06 1.3e-06 1.35e-06 1.9e-06 1.45e-06 1.3e-06 1.85e-06 1.95e-06 1.5e-06 1.25e-06 1.3e-06 1.65e-06 1.35e-06 2.1e-06 1.7e-06 2.2e-06 1.4e-06 1.55e-06 1.2e-06 1.4e-06 1.45e-06 1.35e-06 2.05e-06 1.9e-06 1.6e-06 1.45e-06 2.65e-06 1.7e-06 1.8e-06 1.45e-06 1.25e-06 1.85e-06 1.3e-06 1.55e-06 2.65e-06 1.45e-06
36 9e-07 7e-07 2.25e-06 1.05e-06 9.5e-07 7e-07 1.75e-06 8.5e-07 1.15e-06 1.4e-06 5e-07 1.55e-06 1.3e-06 1.25e-06 1.8e-06 1.3e-06 1e-06 1e-06 7e-07 1.25e-06 9e-07 1.1e-06 1.05e-06 1.25e-06 3.5e-07 9.5e-07 1.7e-06 1.55e-06 3.5e-07 6.5e-07 5e-07 9.5e-07 7.5e-07 1.6e-06 1.1e-06 1.4e-06 6e-07 8.5e-07 1.15e-06 7e-07 7e-07 1.15e-06 1.95e-06 1.55e-06 1.1e-06 5e-07 2.35e-06 8e-07 1.65e-06 5.5e-07 1.15e-06 1.2e-06 8.5e-07 1e-06 2.15e-06 5e-07
37 1.25e-06 9.5e-07 2.15e-06 1.25e-06 1.15e-06 9.5e-07 1.85e-06 8e-07 1.35e-06 1.5e-06 8e-07 1.55e-06 1.5e-06 1.45e-06 1.95e-06 1.5e-06 1e-06 1.15e-06 9e-07 1.45e-06 1.25e-06 1.3e-06 9.5e-07 1.35e-06 7.5e-07 1.1e-06 1.55e-06 1.5e-06 8e-07 1e-06 8e-07 1.15e-06 8e-07 1.8e-06 1.2e-06 1.55e-06 8.5e-07 1.4e-06 1.2e-06 9e-07 1e-06 1.4e-06 2.05e-06 1.5e-06 1.05e-06 8e-07 2.25e-06 1.05e-06 1.7e-06 8.5e-07 1.2e-06 1.3e-06 1e-06 1.2e-06 1.95e-06 8e-07
38 1.3e-06 1.2e-06 2.3e-06 1.6e-06 1.5e-06 1.25e-06 2e-06 1.05e-06 1.1e-06 1.65e-06 1.05e-06 1.6e-06 1.55e-06 1.65e-06 1.9e-06 1.7e-06 1.1e-06 1.3e-06 1.25e-06 1.65e-06 1.5e-06 1.35e-06 1.15e-06 1.6e-06 1.2e-06 1.35e-06 1.8e-06 1.8e-06 1.25e-06 1.15e-06 1.1e-06 1.5e-06 1.05e-06 1.9e-06 1.4e-06 1.2e-06 1.15e-06 1.2e-06 1.7e-06 1.05e-06 1.2e-06 1.1e-06 2.15e-06 1.75e-06 1.3e-06 1.2e-06 2.5e-06 1.45e-06 1.8e-06 1.2e-06 9.5e-07 1.55e-06 1.2e-06 1.3e-06 2.3e-06 1.25e-06
39 1e-06 8e-07 2.2e-06 1.25e-06 1.1e-06 8.5e-07 1.75e-06 7.5e-07 1.2e-06 1.4e-06 6.5e-07 1.5e-06 1.35e-06 1.35e-06 1.8e-06 1.5e-06 8.5e-07 1e-06 8.5e-07 1.35e-06 1.05e-06 1.15e-06 9e-07 1.3e-06 8e-07 1.05e-06 1.6e-06 1.55e-06 8.5e-07 7.5e-07 7e-07 1.15e-06 7.5e-07 1.65e-06 1e-06 1.4e-06 7e-07 9e-07 1.05e-06 9e-07 8e-07 1.2e-06 2e-06 1.55e-06 1.05e-06 8e-07 2.35e-06 1.05e-06 1.65e-06 8e-07 1.15e-06 1.25e-06 8.5e-07 1e-06 2.1e-06 8.5e-07
40 9e-07 6e-07 2.2e-06 1.2e-06 9.5e-07 9e-07 1.75e-06 8.5e-07 1.15e-06 1.4e-06 5.5e-07 1.55e-06 1.3e-06 1.25e-06 1.7e-06 1.45e-06 9.5e-07 1.05e-06 7e-07 1.25e-06 1e-06 1.1e-06 1.1e-06 1.3e-06 7.5e-07 1e-06 1.7e-06 1.6e-06 8e-07 8e-07 6e-07 1.1e-06 9e-07 1.35e-06 1.05e-06 1.45e-06 7e-07 1e-06 1.2e-06 8e-07 8e-07 9.5e-07 1.85e-06 1.6e-06 1.25e-06 7e-07 2.35e-06 7e-07 1.65e-06 7e-07 1.15e-06 1.25e-06 9e-07 1.05e-06 2.15e-06 7.5e-07
41 1.3e-06 1.15e-06 2.5e-06 1.65e-06 1.4e-06 1.3e-06 2.05e-06 1.25e-06 1.05e-06 1.7e-06 1e-06 1.95e-06 1.7e-06 1.6e-06 2.05e-06 1.85e-06 1.35e-06 1.45e-06 1.15e-06 1.6e-06 1.45e-06 1.5e-06 1.5e-06 1.75e-06 1.2e-06 1.45e-06 2e-06 2.05e-06 1.25e-06 1.25e-06 1.05e-06 1.55e-06 1.3e-06 1.8e-06 1.4e-06 1.35e-06 1.15e-06 1.4e-06 1.1e-06 1.2e-06 9.5e-07 1.7e-06 2.2e-06 2.05e-06 1.65e-06 1.15e-06 2.6e-06 1.15e-06 2.05e-06 1.15e-06 1.05e-06 1.7e-06 1.3e-06 1.5e-06 2.6e-06 1.2e-06
42 1.9e-06 2e-06 2.3e-06 1.95e-06 2.2e-06 2e-06 2.2e-06 1.9e-06 2.35e-06 1.85e-06 1.7e-06 1.85e-06 1.9e-06 2.3e-06 2.1e-06 2.05e-06 2.05e-06 1.75e-06 1.85e-06 2.3e-06 2.15e-06 1.7e-06 1.85e-06 2.1e-06 2e-06 1.65e-06 2.1e-06 2.1e-06 2.05e-06 1.75e-06 1.75e-06 1.75e-06 1.85e-06 1.65e-06 2.2e-06 2.05e-06 1.95e-06 2.05e-06 2.15e-06 2e-06 1.85e-06 2.2e-06 2.7e-06 2e-06 1.8e-06 1.95e-06 2.05e-06 2e-06 1.95e-06 1.95e-06 2.2e-06 2.05e-06 1.9e-06 1.85e-06 2.5e-06 1.9e-06
43 1.75e-06 1.5e-06 2.15e-06 1.65e-06 1.55e-06 1.7e-06 2.1e-06 1.3e-06 1.95e-06 1.85e-06 1.35e-06 1.4e-06 1.55e-06 2.15e-06 2.05e-06 1.7e-06 1.6e-06 1.5e-06 1.4e-06 2.15e-06 1.7e-06 1.6e-06 1.25e-06 1.15e-06 1.6e-06 1.3e-06 1.85e-06 1.05e-06 1.65e-06 1.3e-06 1.4e-06 1.6e-06 1.45e-06 2.1e-06 1.9e-06 1.9e-06 1.55e-06 1.5e-06 1.75e-06 1.55e-06 1.6e-06 2.05e-06 2e-06 1.9e-06 1.5e-06 1.45e-06 2.45e-06 1.65e-06 1.5e-06 1.45e-06 1.75e-06 1.1e-06 1.4e-06 1.6e-06 1e-06 1.55e-06
44 1.45e-06 1.25e-06 1.7e-06 1.1e-06 1.55e-06 1.2e-06 1.75e-06 1e-06 1.65e-06 1.4e-06 1.05e-06 1.35e-06 1.4e-06 1.75e-06 2e-06 1.4e-06 1.1e-06 1.2e-06 1.25e-06 1.75e-06 1.5e-06 1.35e-06 1.05e-06 1.45e-06 1e-06 1.25e-06 1.3e-06 1.6e-06 1.05e-06 1.15e-06 1.05e-06 9.5e-07 8.5e-07 1.7e-06 1.45e-06 1.6e-06 1.1e-06 1.05e-06 1.3e-06 1.05e-06 1.25e-06 1.65e-06 1.8e-06 1.5e-06 1.4e-06 1.15e-06 1.85e-06 1.45e-06 1.6e-06 1.15e-06 1.45e-06 1.4e-06 1.2e-06 1.1e-06 1.95e-06 1.1e-06
45 9.5e-07 6e-07 2.2e-06 9.5e-07 6.5e-07 7.5e-07 1.65e-06 7e-07 1.05e-06 1.35e-06 4.5e-07 1.6e-06 1.35e-06 1.25e-06 1.85e-06 1.35e-06 1.05e-06 1.05e-06 4.5e-07 1.25e-06 8.5e-07 1.15e-06 1.05e-06 1.15e-06 4e-07 8e-07 1.65e-06 1.4e-06 4.5e-07 7.5e-07 4.5e-07 9e-07 8e-07 1.6e-06 1.1e-06 1.45e-06 5e-07 8e-07 1.2e-06 8e-07 7e-07 1.15e-06 1.95e-06 1.45e-06 1.15e-06 7e-07 2.2e-06 6.5e-07 1.65e-06 4.5e-07 1.1e-06 1.1e-06 8.5e-07 1.1e-06 1.9e-06 4.5e-07
46 2.25e-06 2.25e-06 1.7e-06 1.9e-06 2.35e-06 2.3e-06 2e-06 2.15e-06 2.5e-06 1.65e-06 2e-06 2.25e-06 2.2e-06 2.25e-06 2.55e-06 2.25e-06 2.35e-06 2.4e-06 2e-06 2.25e-06 2.45e-06 2.35e-06 2.35e-06 2.35e-06 2.3e-06 2.25e-06 1.75e-06 2.45e-06 2.35e-06 2.4e-06 2.05e-06 1.7e-06 2.2e-06 1.95e-06 2.2e-06 2.65e-06 2.35e-06 2.25e-06 2.5e-06 2.35e-06 2.35e-06 2.6e-06 2.05e-06 2.45e-06 1.85e-06 2.2e-06 2.2e-06 2.35e-06 2.35e-06 2.2e-06 2.4e-06 2.3e-06 2.35e-06 2.1e-06 2.55e-06 2.1e-06
47 1.2e-06 7e-07 2.4e-06 1.1e-06 8.5e-07 1.05e-06 1.85e-06 9.5e-07 1.15e-06 1.55e-06 6.5e-07 1.85e-06 1.6e-06 1.45e-06 2.1e-06 1.65e-06 1.3e-06 1.3e-06 6.5e-07 1.45e-06 1.05e-06 1.4e-06 1.3e-06 1.35e-06 7.5e-07 1.05e-06 1.85e-06 1.6e-06 8e-07 1e-06 7e-07 1.15e-06 1.1e-06 1.65e-06 1.3e-06 1.7e-06 8e-07 1.05e-06 1.45e-06 1.05e-06 7e-07 1.15e-06 2e-06 1.65e-06 1.45e-06 6.5e-07 2.35e-06 1e-06 1.9e-06 7e-07 1.3e-06 1.3e-06 1.1e-06 1.35e-06 2.05e-06 7e-07
48 1.55e-06 1.6e-06 1.7e-06 1.8e-06 1.85e-06 1.75e-06 2.1e-06 1.55e-06 2e-06 1.8e-06 1.45e-06 1.15e-06 1.2e-06 1.95e-06 1.5e-06 1.4e-06 1.5e-06 1.5e-06 1.6e-06 1.95e-06 1.8e-06 1.35e-06 1.3e-06 1.65e-06 1.7e-06 1.45e-06 1.8e-06 1.45e-06 1.75e-06 1.3e-06 1.5e-06 1.65e-06 1.55e-06 2e-06 1.95e-06 1.8e-06 1.65e-06 1.7e-06 1.8e-06 1.65e-06 1.65e-06 2.05e-06 1.95e-06 1.5e-06 1.6e-06 1.65e-06 2.35e-06 1.9e-06 2.1e-06 1.65e-06 1.85e-06 1.6e-06 1.35e-06 1.4e-06 1.9e-06 1.65e-06
49 9.5e-07 6e-07 2.2e-06 9.5e-07 7e-07 8e-07 1.65e-06 7.5e-07 1.05e-06 1.35e-06 4.5e-07 1.6e-06 1.35e-06 1.3e-06 1.85e-06 1.4e-06 1.05e-06 1.05e-06 5e-07 1.3e-06 8.5e-07 1.15e-06 1.05e-06 1.15e-06 5e-07 8.5e-07 1.65e-06 1.4e-06 5.5e-07 7.5e-07 4.5e-07 9e-07 8e-07 1.6e-06 1.1e-06 1.45e-06 5.5e-07 8.5e-07 1.2e-06 8e-07 7e-07 1.15e-06 1.95e-06 1.45e-06 1.15e-06 4.5e-07 2.2e-06 7e-07 1.65e-06 7e-07 1.1e-06 1.1e-06 8.5e-07 1.1e-06 1.85e-06 5e-07
50 1.3e-06 1.1e-06 2.3e-06 1.55e-06 1.3e-06 1.3e-06 1.95e-06 1.05e-06 1e-06 1.6e-06 9.5e-07 1.7e-06 1.6e-06 1.6e-06 1.95e-06 1.75e-06 1.2e-06 1.35e-06 1.05e-06 1.6e-06 1.4e-06 1.4e-06 1.25e-06 1.55e-06 1.2e-06 1.3e-06 1.8e-06 1.75e-06 1.25e-06 1.2e-06 1e-06 1.45e-06 1.15e-06 1.9e-06 1.4e-06 1.25e-06 1.15e-06 1.2e-06 9.5e-07 1.15e-06 1.15e-06 1.05e-06 2.2e-06 1.75e-06 1.45e-06 1.1e-06 2.4e-06 1.3e-06 1.85e-06 1.1e-06 1.7e-06 1.5e-06 1.2e-06 1.4e-06 2.2e-06 1.15e-06
51 1.4e-06 1.15e-06 2.1e-06 1.4e-06 1.2e-06 1.35e-06 1.85e-06 1.1e-06 1.6e-06 1.6e-06 1e-06 1.45e-06 1.4e-06 1.8e-06 1.9e-06 1.55e-06 1.4e-06 1.45e-06 1.05e-06 1.8e-06 1.35e-06 1.55e-06 1.3e-06 9.5e-07 1.25e-06 1.25e-06 1.9e-06 1.1e-06 1.3e-06 1.2e-06 1.05e-06 1.35e-06 1.25e-06 1.85e-06 1.55e-06 1.85e-06 1.2e-06 1.3e-06 1.55e-06 1.25e-06 1.25e-06 1.7e-06 2.05e-06 1.1e-06 1.4e-06 1.1e-06 2.3e-06 1.3e-06 1.6e-06 1.1e-06 1.5e-06 1.8e-06 1.3e-06 1.4e-06 9.5e-07 1.2e-06
52 1.1e-06 8.5e-07 2.15e-06 1.3e-06 1.05e-06 1e-06 1.75e-06 8.5e-07 1.25e-06 1.45e-06 7e-07 1.45e-06 1.35e-06 1.45e-06 1.8e-06 1.5e-06 9e-07 8.5e-07 8.5e-07 1.45e-06 1.1e-06 1.05e-06 7.5e-07 1.35e-06 9e-07 9e-07 1.45e-06 1.3e-06 9.5e-07 6.5e-07 7.5e-07 1.2e-06 9e-07 1.75e-06 1.15e-06 1.3e-06 8.5e-07 1e-06 1.2e-06 8.5e-07 9e-07 1.3e-06 1.9e-06 1.4e-06 1.2e-06 8.5e-07 2.35e-06 1.1e-06 1.35e-06 8.5e-07 1.2e-06 1.3e-06 1.1e-06 1.15e-06 2.1e-06 9e-07
53 1.1e-06 1.05e-06 1.75e-06 1.3e-06 1.4e-06 1.2e-06 1.8e-06 1.05e-06 1.5e-06 1.45e-06 9e-07 1.25e-06 1.15e-06 1.5e-06 1.55e-06 1.3e-06 9.5e-07 1.2e-06 1.1e-06 1.5e-06 1.3e-06 1.1e-06 1.15e-06 1.45e-06 1.1e-06 1.2e-06 1.6e-06 1.65e-06 1.15e-06 1e-06 9.5e-07 1.15e-06 1e-06 1.6e-06 1.4e-06 1.55e-06 1e-06 1.2e-06 1.3e-06 1e-06 1.05e-06 1.5e-06 1.85e-06 1.6e-06 1.1e-06 1.1e-06 2.1e-06 1.35e-06 1.4e-06 1.1e-06 1.4e-06 1.4e-06 1.15e-06 1.5e-06 2.1e-06 1.1e-06
54 2.25e-06 1.95e-06 2.25e-06 2e-06 1.8e-06 2.2e-06 2.3e-06 1.7e-06 2.4e-06 2.15e-06 1.85e-06 1.7e-06 1.85e-06 2.6e-06 2.35e-06 2e-06 2.15e-06 2.25e-06 1.75e-06 2.6e-06 2.1e-06 2.35e-06 1.9e-06 1e-06 2.2e-06 1.9e-06 2.4e-06 1e-06 2.25e-06 2.05e-06 1.9e-06 2e-06 2e-06 2.45e-06 2.35e-06 2.65e-06 2.15e-06 1.95e-06 2.3e-06 2.1e-06 2.15e-06 2.6e-06 2.5e-06 1e-06 1.95e-06 1.9e-06 2.55e-06 2.05e-06 1.9e-06 1.85e-06 2.2e-06 9.5e-07 2.1e-06 2.1e-06 1e-07 2.05e-06
55 1e-06 7e-07 2.1e-06 9.5e-07 8.5e-07 7.5e-07 1.7e-06 8.5e-07 1.15e-06 1.35e-06 4.5e-07 1.6e-06 1.35e-06 1.25e-06 1.85e-06 1.3e-06 1.1e-06 1.05e-06 5.5e-07 1.25e-06 9e-07 1.15e-06 1.1e-06 1.25e-06 3.5e-07 9e-07 1.6e-06 1.5e-06 4e-07 8e-07 4.5e-07 8e-07 7.5e-07 1.6e-06 1.15e-06 1.45e-06 5e-07 8e-07 1.25e-06 8.5e-07 7.5e-07 1.2e-06 1.9e-06 1.55e-06 1.1e-06 4.5e-07 2.1e-06 7e-07 1.65e-06 5e-07 1.15e-06 1.2e-06 9e-07 1.1e-06 2.05e-06 6e-07
