 slim_762424783 slim_762424766 slim_762424737 slim_762424775 slim_762424777 slim_762424771 slim_762424761 slim_762424781 slim_762424773 slim_762424769 slim_762424774 slim_762424734 slim_762424788 slim_762424786 slim_762424744 slim_762424735 slim_762424751 slim_762424750 slim_762424746 slim_762424763 slim_762424739 slim_762424748 slim_762424782 slim_762424779 slim_762424772 slim_762424733 slim_762424743 slim_762424768 slim_762424756 slim_762424749 slim_762424780 slim_762424784 slim_762424752 slim_762424765 slim_762424762 slim_762424741 slim_762424770 slim_762424767 slim_762424758 slim_762424776 slim_762424764 slim_762424789 slim_762424736 slim_762424740 slim_762424785 slim_762424747 slim_762424754 slim_762424757 slim_762424738 slim_762424787 slim_762424755 slim_762424745 slim_762424760 slim_762424742 slim_762424778 slim_762424753 slim_762424759
0 1.3e-06 1.65e-06 2.5e-06 2.65e-06 2.3e-06 1.1e-06 2.25e-06 2.1e-06 1.65e-06 3.05e-06 1.65e-06 2.35e-06 3.25e-06 3.25e-06 2.9e-06 2.1e-06 3.65e-06 3.25e-06 2.5e-06 3.9e-06 2.35e-06 2.2e-06 3.25e-06 1.9e-06 2.9e-06 1.75e-06 3.3e-06 1.8e-06 3.1e-06 1.95e-06 2.75e-06 2.15e-06 1.8e-06 3.15e-06 1.5e-06 3.2e-06 1.95e-06 2e-06 2.65e-06 3.5e-06 2.9e-06 2.2e-06 1.35e-06 2.75e-06 2.1e-06 2.3e-06 2.9e-06 3.25e-06 2.3e-06 3.65e-06 1.05e-06 3.35e-06 2.2e-06 3.2e-06 2.75e-06 1.35e-06 2.35e-06
1 1.65e-06 2.7e-06 2.7e-06 2.65e-06 2.5e-06 1.75e-06 2.45e-06 2.6e-06 2e-06 2.85e-06 2.2e-06 2.55e-06 3.35e-06 2.85e-06 2.55e-06 2.7e-06 3.25e-06 2.85e-06 2.6e-06 3.75e-06 2.55e-06 2.7e-06 3e-06 2.15e-06 2.55e-06 2.05e-06 3e-06 1.75e-06 2.85e-06 2.1e-06 2.6e-06 2.45e-06 2.05e-06 3.4e-06 1.8e-06 2.8e-06 1.7e-06 2.45e-06 2.7e-06 2.9e-06 2.1e-06 2.8e-06 2.15e-06 2.55e-06 2.45e-06 2.55e-06 2.9e-06 2.95e-06 2e-06 3.25e-06 1.7e-06 3e-06 2.15e-06 2.8e-06 2.2e-06 2.2e-06 2.55e-06
2 2.5e-06 2.7e-06 3.2e-06 2.6e-06 1.7e-06 2.35e-06 1.75e-06 2.7e-06 1.65e-06 2.55e-06 3.25e-06 1.75e-06 2.85e-06 1.9e-06 2.45e-06 2.7e-06 2.1e-06 1.9e-06 3.2e-06 2.75e-06 1.75e-06 2.8e-06 2.5e-06 2.3e-06 2.45e-06 2.9e-06 1.9e-06 3.05e-06 2.35e-06 2.35e-06 2.05e-06 2.3e-06 2.45e-06 3.2e-06 2.85e-06 1.8e-06 2e-06 2e-06 3.35e-06 2.75e-06 2.1e-06 2.5e-06 1.6e-06 3.35e-06 2.25e-06 1.9e-06 2.05e-06 2.75e-06 2.15e-06 2.1e-06 2e-06 2.85e-06 2.35e-06 1.8e-06 3.1e-06 2.2e-06 2.7e-06
3 2.65e-06 2.65e-06 2.6e-06 3.3e-06 2.4e-06 2.65e-06 2.35e-06 3.25e-06 2.4e-06 2.6e-06 3.05e-06 2.45e-06 3.3e-06 2.05e-06 1.95e-06 3.3e-06 2.45e-06 2.05e-06 2.6e-06 3.05e-06 2.45e-06 3.35e-06 2.85e-06 2.25e-06 1.95e-06 2.75e-06 1.9e-06 2.9e-06 2.75e-06 2.15e-06 2.05e-06 2.95e-06 2.75e-06 3.25e-06 2.85e-06 1.95e-06 2.65e-06 2.4e-06 2.8e-06 3.1e-06 2.35e-06 3.15e-06 2.75e-06 3.45e-06 2.9e-06 2.45e-06 2.8e-06 3e-06 2.55e-06 2.45e-06 2.6e-06 2.55e-06 1.95e-06 1.95e-06 2.6e-06 2.8e-06 3e-06
4 2.3e-06 2.5e-06 1.7e-06 2.4e-06 2.8e-06 2.15e-06 1.5e-06 2.65e-06 1.4e-06 2.8e-06 3.2e-06 1.5e-06 2.95e-06 1.55e-06 2.15e-06 2.65e-06 2e-06 1.6e-06 3.1e-06 3e-06 1.45e-06 2.75e-06 2.55e-06 2.05e-06 2.15e-06 2.75e-06 1.75e-06 3e-06 2.4e-06 2.15e-06 1.9e-06 2.15e-06 2.4e-06 3.35e-06 2.8e-06 1.55e-06 1.8e-06 1.8e-06 3.25e-06 2.85e-06 1.9e-06 2.45e-06 1.4e-06 3.45e-06 2.1e-06 1.7e-06 2e-06 2.95e-06 1.95e-06 2e-06 1.8e-06 2.85e-06 2.05e-06 1.55e-06 3e-06 2.1e-06 2.6e-06
5 1.1e-06 1.75e-06 2.35e-06 2.65e-06 2.15e-06 2.1e-06 2.1e-06 2.05e-06 1.5e-06 3e-06 2e-06 2.2e-06 3.3e-06 3.05e-06 2.7e-06 2.2e-06 3.45e-06 3.05e-06 2.5e-06 3.85e-06 2.2e-06 2.15e-06 3.05e-06 1.75e-06 2.7e-06 1.8e-06 3.1e-06 2.05e-06 2.9e-06 2.05e-06 2.55e-06 1.85e-06 1.8e-06 3.35e-06 1.75e-06 3e-06 1.8e-06 2.15e-06 2.7e-06 3.45e-06 2.7e-06 2.1e-06 1.25e-06 2.95e-06 1.9e-06 2.05e-06 2.75e-06 3.2e-06 2.1e-06 3.45e-06 1.2e-06 3.15e-06 2e-06 3e-06 2.7e-06 1.65e-06 2.4e-06
6 2.25e-06 2.45e-06 1.75e-06 2.35e-06 1.5e-06 2.1e-06 2.7e-06 2.6e-06 1.35e-06 2.75e-06 3.15e-06 1.45e-06 2.8e-06 1.45e-06 2e-06 2.65e-06 1.75e-06 1.35e-06 3.05e-06 2.95e-06 1.55e-06 2.7e-06 2.5e-06 2e-06 2e-06 2.7e-06 1.7e-06 2.95e-06 2.35e-06 2.1e-06 1.85e-06 2.1e-06 2.35e-06 3.3e-06 2.75e-06 1.4e-06 1.75e-06 1.75e-06 3.2e-06 2.7e-06 1.85e-06 2.4e-06 1.45e-06 3.4e-06 2.1e-06 1.55e-06 1.85e-06 2.9e-06 1.9e-06 1.75e-06 1.75e-06 2.8e-06 2e-06 1.4e-06 2.95e-06 2.05e-06 2.55e-06
7 2.1e-06 2.6e-06 2.7e-06 3.25e-06 2.65e-06 2.05e-06 2.6e-06 3.1e-06 1.85e-06 3.4e-06 2e-06 2.7e-06 2.8e-06 3.45e-06 3.2e-06 1.8e-06 3.6e-06 3.45e-06 2.2e-06 3.65e-06 2.7e-06 1.65e-06 3e-06 2.35e-06 3.2e-06 2.05e-06 3.55e-06 2.75e-06 2.85e-06 2.95e-06 2.9e-06 1.65e-06 2.4e-06 2.6e-06 2.4e-06 3.4e-06 2.2e-06 2.65e-06 2.3e-06 3.4e-06 3.05e-06 1.95e-06 1.85e-06 2.25e-06 1.75e-06 2.5e-06 2.8e-06 2.95e-06 2.2e-06 3.6e-06 1.8e-06 3.3e-06 2.45e-06 3.4e-06 3e-06 1.9e-06 1.8e-06
8 1.65e-06 2e-06 1.65e-06 2.4e-06 1.4e-06 1.5e-06 1.35e-06 1.85e-06 1e-06 2.8e-06 2.55e-06 1.45e-06 2.85e-06 2.1e-06 2.15e-06 1.9e-06 2.5e-06 2.1e-06 2.45e-06 3.5e-06 1.45e-06 1.95e-06 2.45e-06 1.4e-06 2.15e-06 2.1e-06 2.25e-06 2.5e-06 2.3e-06 2.15e-06 1.8e-06 1.35e-06 1.65e-06 3.2e-06 2.15e-06 2.05e-06 1.1e-06 1.65e-06 2.6e-06 2.85e-06 1.9e-06 1.6e-06 7e-07 2.8e-06 1.35e-06 1.45e-06 1.8e-06 2.9e-06 1.2e-06 2.5e-06 1.05e-06 2.85e-06 1.35e-06 2.05e-06 2.5e-06 1.25e-06 1.75e-06
9 3.05e-06 2.85e-06 2.55e-06 2.6e-06 2.8e-06 3e-06 2.75e-06 3.4e-06 2.8e-06 3.5e-06 3.25e-06 2.85e-06 3.05e-06 2.35e-06 2.45e-06 3.55e-06 2.4e-06 2.35e-06 3.05e-06 2.7e-06 2.85e-06 3.5e-06 3.05e-06 2.85e-06 2.45e-06 3.2e-06 2.45e-06 2.85e-06 2.9e-06 2.55e-06 2.8e-06 3.35e-06 2.6e-06 3.05e-06 2.65e-06 2.25e-06 2.9e-06 2.8e-06 3.15e-06 2.65e-06 2.5e-06 3.3e-06 3.25e-06 3.2e-06 3.4e-06 2.95e-06 2.7e-06 2.85e-06 2.8e-06 2.4e-06 3.05e-06 2.75e-06 2.65e-06 2.25e-06 2.7e-06 2.9e-06 3.15e-06
10 1.65e-06 2.2e-06 3.25e-06 3.05e-06 3.2e-06 2e-06 3.15e-06 2e-06 2.55e-06 3.25e-06 2.8e-06 3.25e-06 2.95e-06 3.8e-06 3.2e-06 2.1e-06 3.95e-06 3.8e-06 2e-06 3.85e-06 3.25e-06 2.1e-06 3.35e-06 2.55e-06 3.2e-06 1.75e-06 3.9e-06 2.2e-06 3.2e-06 2.6e-06 3.25e-06 2.35e-06 2.4e-06 2.55e-06 1.9e-06 3.75e-06 2.7e-06 2.9e-06 2.05e-06 3.55e-06 3.35e-06 2.65e-06 2.6e-06 2.15e-06 2.35e-06 3.2e-06 3.35e-06 3.1e-06 2.65e-06 3.95e-06 2e-06 3.3e-06 2.6e-06 3.75e-06 2.8e-06 2.15e-06 2.05e-06
11 2.35e-06 2.55e-06 1.75e-06 2.45e-06 1.5e-06 2.2e-06 1.45e-06 2.7e-06 1.45e-06 2.85e-06 3.25e-06 2.9e-06 2.9e-06 1.55e-06 2.1e-06 2.7e-06 1.85e-06 1.45e-06 3.15e-06 3.05e-06 1.55e-06 2.8e-06 2.6e-06 2.1e-06 2.1e-06 2.8e-06 1.8e-06 3.05e-06 2.45e-06 2.2e-06 1.95e-06 2.2e-06 2.45e-06 3.4e-06 2.85e-06 1.5e-06 1.85e-06 1.85e-06 3.3e-06 2.8e-06 1.95e-06 2.5e-06 1.45e-06 3.5e-06 2.15e-06 1.65e-06 1.95e-06 3e-06 2e-06 1.85e-06 1.85e-06 2.9e-06 2.1e-06 1.5e-06 3.05e-06 2.15e-06 2.65e-06
12 3.25e-06 3.35e-06 2.85e-06 3.3e-06 2.95e-06 3.3e-06 2.8e-06 2.8e-06 2.85e-06 3.05e-06 2.95e-06 2.9e-06 3.9e-06 2.55e-06 2.95e-06 2.95e-06 2.2e-06 2.45e-06 2.9e-06 2.65e-06 3e-06 2.9e-06 2.75e-06 3.3e-06 2.95e-06 3.15e-06 2.85e-06 3.4e-06 2.6e-06 3.05e-06 3e-06 3e-06 3.25e-06 2.65e-06 3.2e-06 2.5e-06 3.1e-06 2.9e-06 3e-06 2.65e-06 2.9e-06 3.15e-06 3.25e-06 2.85e-06 3.05e-06 3.05e-06 2.45e-06 2.55e-06 2.8e-06 2.2e-06 3e-06 2.95e-06 3.15e-06 2.5e-06 3.4e-06 2.85e-06 2.6e-06
13 3.25e-06 2.85e-06 1.9e-06 2.05e-06 1.55e-06 3.05e-06 1.45e-06 3.45e-06 2.1e-06 2.35e-06 3.8e-06 1.55e-06 2.55e-06 4e-07 1.4e-06 3.6e-06 6e-07 2e-07 3.4e-06 2.25e-06 1.55e-06 3.55e-06 2.4e-06 2.65e-06 1.4e-06 3.4e-06 7.5e-07 3.4e-06 2.25e-06 1.9e-06 1.7e-06 3.05e-06 3.1e-06 3.2e-06 3.35e-06 2.5e-07 2.4e-06 1.8e-06 3.45e-06 2.2e-06 1.3e-06 3.35e-06 2.8e-06 3.75e-06 3.1e-06 1.9e-06 1.7e-06 2.75e-06 2.15e-06 6e-07 2.8e-06 2.45e-06 2.25e-06 2.5e-07 3e-06 2.9e-06 2.95e-06
14 2.9e-06 2.55e-06 2.45e-06 1.95e-06 2.15e-06 2.7e-06 2e-06 3.2e-06 2.15e-06 2.45e-06 3.2e-06 2.1e-06 2.95e-06 1.4e-06 2.6e-06 3.35e-06 1.7e-06 1.3e-06 2.5e-06 3e-06 2.2e-06 3.3e-06 2.75e-06 2e-06 1.3e-06 2.8e-06 1.85e-06 3.1e-06 2.6e-06 2.1e-06 2.3e-06 2.8e-06 2.8e-06 3.4e-06 3e-06 1.35e-06 2.45e-06 2.35e-06 2.55e-06 2.8e-06 1.9e-06 3.15e-06 2.8e-06 3.55e-06 2.85e-06 2.35e-06 2.2e-06 2.9e-06 2.05e-06 1.7e-06 2.75e-06 2.1e-06 1.65e-06 1.35e-06 2.4e-06 2.95e-06 2.75e-06
15 2.1e-06 2.7e-06 2.7e-06 3.3e-06 2.65e-06 2.2e-06 2.65e-06 1.8e-06 1.9e-06 3.55e-06 2.1e-06 2.7e-06 2.95e-06 3.6e-06 3.35e-06 3.4e-06 3.75e-06 3.6e-06 2.35e-06 3.8e-06 2.7e-06 1.9e-06 3.1e-06 2.4e-06 3.35e-06 2.1e-06 3.65e-06 2.85e-06 2.95e-06 3.05e-06 2.95e-06 1.75e-06 2.45e-06 2.75e-06 2.5e-06 3.55e-06 2.25e-06 2.7e-06 2.4e-06 3.55e-06 3.2e-06 2.15e-06 1.75e-06 2.4e-06 1.7e-06 2.65e-06 2.9e-06 3.1e-06 2.35e-06 3.75e-06 1.8e-06 3.45e-06 2.55e-06 3.55e-06 3.15e-06 1.95e-06 1.95e-06
16 3.65e-06 3.25e-06 2.1e-06 2.45e-06 2e-06 3.45e-06 1.75e-06 3.6e-06 2.5e-06 2.4e-06 3.95e-06 1.85e-06 2.2e-06 6e-07 1.7e-06 3.75e-06 8e-07 4e-07 3.55e-06 2.1e-06 2.05e-06 3.7e-06 2.45e-06 3.05e-06 1.7e-06 3.65e-06 1.15e-06 3.65e-06 2.3e-06 2.3e-06 2.1e-06 3.3e-06 3.35e-06 3.15e-06 3.6e-06 5.5e-07 2.8e-06 2.2e-06 3.6e-06 1.95e-06 1.7e-06 3.55e-06 3.2e-06 3.75e-06 3.35e-06 2.2e-06 1.65e-06 2.65e-06 2.5e-06 4e-07 3.2e-06 2.5e-06 2.65e-06 5.5e-07 3.25e-06 3.15e-06 3.1e-06
17 3.25e-06 2.85e-06 1.9e-06 2.05e-06 1.6e-06 3.05e-06 1.35e-06 3.45e-06 2.1e-06 2.35e-06 3.8e-06 1.45e-06 2.45e-06 2e-07 1.3e-06 3.6e-06 4e-07 0.0 3.4e-06 2.25e-06 1.65e-06 3.55e-06 2.4e-06 2.65e-06 1.3e-06 3.4e-06 7.5e-07 3.4e-06 2.25e-06 1.9e-06 1.7e-06 3.05e-06 3.1e-06 3.2e-06 3.35e-06 1.5e-07 2.4e-06 1.8e-06 3.45e-06 2.1e-06 1.3e-06 3.35e-06 2.8e-06 3.75e-06 3.1e-06 1.8e-06 1.6e-06 2.75e-06 2.15e-06 4e-07 2.8e-06 2.45e-06 2.25e-06 1.5e-07 3e-06 2.9e-06 2.95e-06
18 2.5e-06 2.6e-06 3.2e-06 2.6e-06 3.1e-06 2.5e-06 3.05e-06 2.2e-06 2.45e-06 3.05e-06 2e-06 3.15e-06 2.9e-06 3.4e-06 2.5e-06 2.35e-06 3.55e-06 3.4e-06 3e-06 3.65e-06 3.15e-06 2.3e-06 3.1e-06 2.15e-06 2.5e-06 2.05e-06 3.55e-06 2.75e-06 2.95e-06 2.85e-06 3.05e-06 2.25e-06 2.6e-06 2.7e-06 2.5e-06 3.35e-06 2.7e-06 3.1e-06 1.7e-06 3.45e-06 3.1e-06 2.6e-06 2.8e-06 2.4e-06 2.3e-06 3.1e-06 3.1e-06 2.9e-06 2.35e-06 3.55e-06 2.5e-06 2.6e-06 1.95e-06 3.35e-06 2.4e-06 2.6e-06 2.05e-06
19 3.9e-06 3.75e-06 2.75e-06 3.05e-06 3e-06 3.85e-06 2.95e-06 3.65e-06 3.5e-06 2.7e-06 3.85e-06 3.05e-06 2.65e-06 2.25e-06 3e-06 3.8e-06 2.1e-06 2.25e-06 3.65e-06 2.3e-06 3.05e-06 3.75e-06 2.5e-06 3.7e-06 3e-06 3.8e-06 2.25e-06 3.6e-06 2.45e-06 3.05e-06 3.05e-06 3.6e-06 3.65e-06 2.4e-06 3.75e-06 2.1e-06 3.45e-06 2.95e-06 3.75e-06 2.55e-06 2.7e-06 3.4e-06 3.75e-06 3.35e-06 3.65e-06 3.25e-06 2.6e-06 2.05e-06 3.35e-06 2.1e-06 3.6e-06 2.45e-06 3.7e-06 2.1e-06 3.45e-06 3.5e-06 3.6e-06
20 2.35e-06 2.55e-06 1.75e-06 2.45e-06 1.45e-06 2.2e-06 1.55e-06 2.7e-06 1.45e-06 2.85e-06 3.25e-06 1.55e-06 3e-06 1.55e-06 2.2e-06 2.7e-06 2.05e-06 1.65e-06 3.15e-06 3.05e-06 2.9e-06 2.8e-06 2.6e-06 2.1e-06 2.2e-06 2.8e-06 1.8e-06 3.05e-06 2.45e-06 2.2e-06 1.95e-06 2.2e-06 2.45e-06 3.4e-06 2.85e-06 1.6e-06 1.85e-06 1.85e-06 3.3e-06 2.9e-06 1.95e-06 2.5e-06 1.45e-06 3.5e-06 2.15e-06 1.75e-06 2.05e-06 3e-06 2e-06 2.05e-06 1.85e-06 2.9e-06 2.1e-06 1.6e-06 3.05e-06 2.15e-06 2.65e-06
21 2.2e-06 2.7e-06 2.8e-06 3.35e-06 2.75e-06 2.15e-06 2.7e-06 1.65e-06 1.95e-06 3.5e-06 2.1e-06 2.8e-06 2.9e-06 3.55e-06 3.3e-06 1.9e-06 3.7e-06 3.55e-06 2.3e-06 3.75e-06 2.8e-06 3.3e-06 3.1e-06 2.45e-06 3.3e-06 2.15e-06 3.65e-06 2.85e-06 2.95e-06 3.05e-06 3e-06 1.75e-06 2.5e-06 2.7e-06 2.5e-06 3.5e-06 2.3e-06 2.75e-06 2.4e-06 3.5e-06 3.15e-06 2e-06 1.95e-06 2.35e-06 1.85e-06 2.55e-06 2.9e-06 3.05e-06 2.3e-06 3.7e-06 1.9e-06 3.4e-06 2.55e-06 3.5e-06 3.1e-06 2e-06 1.85e-06
22 3.25e-06 3e-06 2.5e-06 2.85e-06 2.55e-06 3.05e-06 2.5e-06 3e-06 2.45e-06 3.05e-06 3.35e-06 2.6e-06 2.75e-06 2.4e-06 2.75e-06 3.1e-06 2.45e-06 2.4e-06 3.1e-06 2.5e-06 2.6e-06 3.1e-06 4e-06 2.85e-06 2.75e-06 3e-06 2.35e-06 3.3e-06 2e-06 2.85e-06 2.15e-06 2.65e-06 3e-06 3.15e-06 3.2e-06 2.3e-06 2.5e-06 2.75e-06 3.25e-06 2.85e-06 2.4e-06 3.1e-06 2.7e-06 3.2e-06 2.65e-06 2.65e-06 2.45e-06 2.35e-06 2.45e-06 2.45e-06 2.7e-06 2.55e-06 2.75e-06 2.3e-06 3.15e-06 3e-06 2.9e-06
23 1.9e-06 2.15e-06 2.3e-06 2.25e-06 2.05e-06 1.75e-06 2e-06 2.35e-06 1.4e-06 2.85e-06 2.55e-06 2.1e-06 3.3e-06 2.65e-06 2e-06 2.4e-06 3.05e-06 2.65e-06 2.15e-06 3.7e-06 2.1e-06 2.45e-06 2.85e-06 2.7e-06 2e-06 2.1e-06 2.8e-06 2.65e-06 2.7e-06 2.3e-06 2.45e-06 1.85e-06 2.05e-06 3.5e-06 2.4e-06 2.6e-06 1.8e-06 2.3e-06 2.3e-06 3.4e-06 2.45e-06 2.2e-06 1.45e-06 3.2e-06 1.85e-06 2.1e-06 2.45e-06 3.05e-06 1.8e-06 3.05e-06 1.7e-06 2.45e-06 1.4e-06 2.6e-06 2.35e-06 2.1e-06 2.35e-06
24 2.9e-06 2.55e-06 2.45e-06 1.95e-06 2.15e-06 2.7e-06 2e-06 3.2e-06 2.15e-06 2.45e-06 3.2e-06 2.1e-06 2.95e-06 1.4e-06 1.3e-06 3.35e-06 1.7e-06 1.3e-06 2.5e-06 3e-06 2.2e-06 3.3e-06 2.75e-06 2e-06 2.6e-06 2.8e-06 1.85e-06 3.1e-06 2.6e-06 2.1e-06 2.3e-06 2.8e-06 2.8e-06 3.4e-06 3e-06 1.35e-06 2.45e-06 2.35e-06 2.55e-06 2.8e-06 1.9e-06 3.15e-06 2.8e-06 3.55e-06 2.85e-06 2.35e-06 2.2e-06 2.9e-06 2.05e-06 1.7e-06 2.75e-06 2.1e-06 1.65e-06 1.35e-06 2.4e-06 2.95e-06 2.75e-06
25 1.75e-06 2.05e-06 2.9e-06 2.75e-06 2.75e-06 1.8e-06 2.7e-06 2.05e-06 2.1e-06 3.2e-06 1.75e-06 2.8e-06 3.15e-06 3.4e-06 2.8e-06 2.1e-06 3.65e-06 3.4e-06 2.05e-06 3.8e-06 2.8e-06 2.15e-06 3e-06 2.1e-06 2.8e-06 3e-06 3.45e-06 2.3e-06 2.85e-06 2.45e-06 2.75e-06 1.8e-06 2.2e-06 2.9e-06 2e-06 3.35e-06 2.25e-06 2.75e-06 2.1e-06 3.5e-06 2.95e-06 2.45e-06 2.1e-06 2.5e-06 1.8e-06 2.7e-06 3.05e-06 3.05e-06 2.25e-06 3.65e-06 1.8e-06 3e-06 2.15e-06 3.35e-06 2.65e-06 2.25e-06 2.15e-06
26 3.3e-06 3e-06 1.9e-06 1.9e-06 1.75e-06 3.1e-06 1.7e-06 3.55e-06 2.25e-06 2.45e-06 3.9e-06 1.8e-06 2.85e-06 7.5e-07 1.85e-06 3.65e-06 1.15e-06 7.5e-07 3.55e-06 2.25e-06 1.8e-06 3.65e-06 2.35e-06 2.8e-06 1.85e-06 3.45e-06 9e-07 3.5e-06 2.2e-06 1.95e-06 1.4e-06 3.1e-06 3.15e-06 3.25e-06 3.45e-06 6e-07 2.5e-06 1.85e-06 3.7e-06 2.55e-06 1.45e-06 3.45e-06 2.75e-06 3.9e-06 3.1e-06 1.95e-06 2.1e-06 2.85e-06 2.45e-06 1.15e-06 2.8e-06 2.65e-06 2.45e-06 6e-07 3.25e-06 3.05e-06 3.2e-06
27 1.8e-06 1.75e-06 3.05e-06 2.9e-06 3e-06 2.05e-06 2.95e-06 2.75e-06 2.5e-06 2.85e-06 2.2e-06 3.05e-06 3.4e-06 3.4e-06 3.1e-06 2.85e-06 3.65e-06 3.4e-06 2.75e-06 3.6e-06 3.05e-06 2.85e-06 3.3e-06 2.65e-06 3.1e-06 2.3e-06 3.5e-06 3e-06 3.2e-06 2.45e-06 3e-06 2.85e-06 2.15e-06 3.05e-06 1.75e-06 3.35e-06 2.2e-06 2.8e-06 2.9e-06 2.75e-06 2.65e-06 2.75e-06 2.6e-06 2.2e-06 2.85e-06 3e-06 3.3e-06 2.95e-06 2.5e-06 3.65e-06 2e-06 3.4e-06 2.65e-06 3.35e-06 2.2e-06 2.15e-06 2.75e-06
28 3.1e-06 2.85e-06 2.35e-06 2.75e-06 2.4e-06 2.9e-06 2.35e-06 2.85e-06 2.3e-06 2.9e-06 3.2e-06 2.45e-06 2.6e-06 2.25e-06 2.6e-06 2.95e-06 2.3e-06 2.25e-06 2.95e-06 2.45e-06 2.45e-06 2.95e-06 2e-06 2.7e-06 2.6e-06 2.85e-06 2.2e-06 3.2e-06 3.7e-06 2.7e-06 2.1e-06 2.5e-06 2.85e-06 3.05e-06 3.05e-06 2.15e-06 2.35e-06 2.6e-06 3.1e-06 2.75e-06 2.25e-06 3e-06 2.55e-06 3.1e-06 2.5e-06 2.5e-06 2.3e-06 2.25e-06 2.3e-06 2.3e-06 2.55e-06 2.45e-06 2.6e-06 2.15e-06 3.05e-06 2.9e-06 2.75e-06
29 1.95e-06 2.1e-06 2.35e-06 2.15e-06 2.15e-06 2.05e-06 2.1e-06 2.95e-06 2.15e-06 2.55e-06 2.6e-06 2.2e-06 3.05e-06 1.9e-06 2.1e-06 3.05e-06 2.3e-06 1.9e-06 2.85e-06 3.05e-06 2.2e-06 3.05e-06 2.85e-06 2.3e-06 2.1e-06 2.45e-06 1.95e-06 2.45e-06 2.7e-06 3.4e-06 2.2e-06 2.8e-06 2.45e-06 3.2e-06 2.3e-06 1.8e-06 2.35e-06 2e-06 2.95e-06 2.95e-06 2.1e-06 3.05e-06 2.4e-06 3.3e-06 2.8e-06 2.35e-06 2.55e-06 3e-06 2.35e-06 2.3e-06 2.1e-06 2.75e-06 2.2e-06 1.8e-06 2.75e-06 2.4e-06 2.8e-06
30 2.75e-06 2.6e-06 2.05e-06 2.05e-06 1.9e-06 2.55e-06 1.85e-06 2.9e-06 1.8e-06 2.8e-06 3.25e-06 1.95e-06 3e-06 1.7e-06 2.3e-06 2.95e-06 2.1e-06 1.7e-06 3.05e-06 3.05e-06 1.95e-06 3e-06 2.15e-06 2.45e-06 2.3e-06 2.75e-06 1.4e-06 3e-06 2.1e-06 2.2e-06 2.2e-06 2.4e-06 2.6e-06 3.25e-06 2.85e-06 1.6e-06 2.05e-06 2.1e-06 3.3e-06 2.8e-06 1.9e-06 2.9e-06 2.1e-06 3.3e-06 2.35e-06 1.85e-06 2.4e-06 3e-06 2.15e-06 2.1e-06 2.15e-06 3.05e-06 2.15e-06 1.6e-06 3e-06 2.55e-06 2.7e-06
31 2.15e-06 2.45e-06 2.3e-06 2.95e-06 2.15e-06 1.85e-06 2.1e-06 1.65e-06 1.35e-06 3.35e-06 2.35e-06 2.2e-06 3e-06 3.05e-06 2.8e-06 1.75e-06 3.3e-06 3.05e-06 2.25e-06 3.6e-06 2.2e-06 1.75e-06 2.65e-06 1.85e-06 2.8e-06 1.8e-06 3.1e-06 2.85e-06 2.5e-06 2.8e-06 2.4e-06 2.1e-06 2.15e-06 2.95e-06 2.5e-06 3e-06 1.7e-06 2.45e-06 2.35e-06 3.35e-06 2.65e-06 1.75e-06 1.25e-06 2.6e-06 1.15e-06 2e-06 2.45e-06 2.9e-06 1.8e-06 3.3e-06 1.55e-06 3e-06 2e-06 3e-06 2.85e-06 1.95e-06 1.9e-06
32 1.8e-06 2.05e-06 2.45e-06 2.75e-06 2.4e-06 1.8e-06 2.35e-06 2.4e-06 1.65e-06 2.6e-06 2.4e-06 2.45e-06 3.25e-06 3.1e-06 2.8e-06 2.45e-06 3.35e-06 3.1e-06 2.6e-06 3.65e-06 2.45e-06 2.5e-06 3e-06 2.05e-06 2.8e-06 2.2e-06 3.15e-06 2.15e-06 2.85e-06 2.45e-06 2.6e-06 2.15e-06 3e-06 3.25e-06 1.75e-06 3.05e-06 1.85e-06 2.5e-06 2.8e-06 3.05e-06 2.65e-06 2.25e-06 1.7e-06 2.7e-06 2.15e-06 2.35e-06 2.7e-06 3e-06 2.1e-06 3.35e-06 1.7e-06 3.15e-06 2.1e-06 3.05e-06 2.5e-06 1.85e-06 2.45e-06
33 3.15e-06 3.4e-06 3.2e-06 3.25e-06 3.35e-06 3.35e-06 3.3e-06 2.6e-06 3.2e-06 3.05e-06 2.55e-06 3.4e-06 2.65e-06 3.2e-06 3.4e-06 2.75e-06 3.15e-06 3.2e-06 2.7e-06 2.4e-06 3.4e-06 2.7e-06 3.15e-06 3.5e-06 3.4e-06 2.9e-06 3.25e-06 3.05e-06 3.05e-06 3.2e-06 3.25e-06 2.95e-06 3.25e-06 3.6e-06 3e-06 3.1e-06 3.35e-06 3.1e-06 2.75e-06 2.95e-06 3.25e-06 2.8e-06 3.5e-06 2.25e-06 3e-06 3.45e-06 3.15e-06 2.7e-06 3.15e-06 3.15e-06 3.05e-06 3.3e-06 3.4e-06 3.1e-06 3.2e-06 2.75e-06 2.5e-06
34 1.5e-06 1.8e-06 2.85e-06 2.85e-06 2.8e-06 1.75e-06 2.75e-06 2.4e-06 2.15e-06 2.65e-06 1.9e-06 2.85e-06 3.2e-06 3.35e-06 3e-06 2.5e-06 3.6e-06 3.35e-06 2.5e-06 3.75e-06 2.85e-06 2.5e-06 3.2e-06 2.4e-06 3e-06 2e-06 3.45e-06 1.75e-06 3.05e-06 2.3e-06 2.85e-06 2.5e-06 1.75e-06 3e-06 2.5e-06 3.3e-06 2.2e-06 2.6e-06 2.65e-06 3.05e-06 2.8e-06 2.55e-06 2.25e-06 2.35e-06 2.5e-06 2.8e-06 3.1e-06 3e-06 2.3e-06 3.6e-06 1.75e-06 3.35e-06 2.4e-06 3.3e-06 2.45e-06 1.85e-06 2.4e-06
35 3.2e-06 2.8e-06 1.8e-06 1.95e-06 1.55e-06 3e-06 1.4e-06 3.4e-06 2.05e-06 2.25e-06 3.75e-06 1.5e-06 2.5e-06 2.5e-07 1.35e-06 3.55e-06 5.5e-07 1.5e-07 3.35e-06 2.1e-06 1.6e-06 3.5e-06 2.3e-06 2.6e-06 1.35e-06 3.35e-06 6e-07 3.35e-06 2.15e-06 1.8e-06 1.6e-06 3e-06 3.05e-06 3.1e-06 3.3e-06 3e-07 2.35e-06 1.7e-06 3.4e-06 2.15e-06 1.2e-06 3.3e-06 2.75e-06 3.7e-06 3.05e-06 1.85e-06 1.65e-06 2.65e-06 2.1e-06 5.5e-07 2.75e-06 2.35e-06 2.2e-06 1.5e-07 2.95e-06 2.85e-06 2.9e-06
36 1.95e-06 1.7e-06 2e-06 2.65e-06 1.8e-06 1.8e-06 1.75e-06 2.2e-06 1.1e-06 2.9e-06 2.7e-06 1.85e-06 3.1e-06 2.4e-06 2.45e-06 2.25e-06 2.8e-06 2.4e-06 2.7e-06 3.45e-06 1.85e-06 2.3e-06 2.5e-06 1.8e-06 2.45e-06 2.25e-06 2.5e-06 2.2e-06 2.35e-06 2.35e-06 2.05e-06 1.7e-06 1.85e-06 3.35e-06 2.2e-06 2.35e-06 2e-06 2.05e-06 2.85e-06 2.65e-06 1.7e-06 2.1e-06 1.2e-06 2.55e-06 1.7e-06 1.8e-06 2.2e-06 2.7e-06 1.45e-06 2.8e-06 1.3e-06 2.9e-06 1.85e-06 2.35e-06 2.3e-06 1.8e-06 2.2e-06
37 2e-06 2.45e-06 2e-06 2.4e-06 1.8e-06 2.15e-06 1.75e-06 2.65e-06 1.65e-06 2.8e-06 2.9e-06 1.85e-06 2.9e-06 1.8e-06 2.35e-06 2.7e-06 2.2e-06 1.8e-06 3.1e-06 2.95e-06 1.85e-06 2.75e-06 2.75e-06 2.3e-06 2.35e-06 2.75e-06 1.85e-06 2.8e-06 2.6e-06 2e-06 2.1e-06 2.45e-06 2.5e-06 3.1e-06 2.6e-06 1.7e-06 2.05e-06 3.2e-06 3.2e-06 2.9e-06 2.05e-06 2.55e-06 1.8e-06 3.25e-06 2.45e-06 2e-06 2.2e-06 2.95e-06 2.15e-06 2.2e-06 1.8e-06 3e-06 2.3e-06 1.7e-06 3.05e-06 1.85e-06 2.55e-06
38 2.65e-06 2.7e-06 3.35e-06 2.8e-06 3.25e-06 2.7e-06 3.2e-06 2.3e-06 2.6e-06 3.15e-06 2.05e-06 3.3e-06 3e-06 3.45e-06 2.55e-06 2.4e-06 3.6e-06 3.45e-06 1.7e-06 3.75e-06 3.3e-06 2.4e-06 3.25e-06 2.3e-06 2.55e-06 2.1e-06 3.7e-06 2.9e-06 3.1e-06 2.95e-06 3.3e-06 2.35e-06 2.8e-06 2.75e-06 2.65e-06 3.4e-06 2.85e-06 3.2e-06 3.3e-06 3.55e-06 3.15e-06 2.8e-06 3.05e-06 2.45e-06 2.4e-06 3.35e-06 3.15e-06 3e-06 2.4e-06 3.6e-06 2.7e-06 2.65e-06 2.1e-06 3.4e-06 2.5e-06 2.75e-06 2.05e-06
39 3.5e-06 2.9e-06 2.75e-06 3.1e-06 2.85e-06 3.45e-06 2.7e-06 3.4e-06 2.85e-06 2.65e-06 3.55e-06 2.8e-06 2.65e-06 2.2e-06 2.8e-06 3.55e-06 1.95e-06 2.1e-06 3.45e-06 2.55e-06 2.9e-06 3.5e-06 2.85e-06 3.4e-06 2.8e-06 3.5e-06 2.55e-06 2.75e-06 2.75e-06 2.95e-06 2.8e-06 3.35e-06 3.05e-06 2.95e-06 3.05e-06 2.15e-06 2.65e-06 2.9e-06 3.55e-06 3.6e-06 2.2e-06 3.25e-06 3.4e-06 2.65e-06 3.4e-06 2.95e-06 2.5e-06 2.55e-06 2.65e-06 1.95e-06 3.1e-06 3.1e-06 3.1e-06 2.15e-06 2.7e-06 2.9e-06 3.05e-06
40 2.9e-06 2.1e-06 2.1e-06 2.35e-06 1.9e-06 2.7e-06 1.85e-06 3.05e-06 1.9e-06 2.5e-06 3.35e-06 1.95e-06 2.9e-06 1.3e-06 1.9e-06 3.2e-06 1.7e-06 1.3e-06 3.1e-06 2.7e-06 1.95e-06 3.15e-06 2.4e-06 2.45e-06 1.9e-06 2.95e-06 1.45e-06 2.65e-06 2.25e-06 2.1e-06 1.9e-06 2.65e-06 2.65e-06 3.25e-06 2.8e-06 1.2e-06 1.7e-06 2.05e-06 3.15e-06 2.2e-06 2.2e-06 3.05e-06 2.5e-06 2.95e-06 2.7e-06 2.15e-06 2.1e-06 2.55e-06 1.75e-06 1.7e-06 2.35e-06 2.55e-06 2.15e-06 1.2e-06 2.4e-06 2.65e-06 2.65e-06
41 2.2e-06 2.8e-06 2.5e-06 3.15e-06 2.45e-06 2.1e-06 2.4e-06 1.95e-06 1.6e-06 3.3e-06 2.65e-06 2.5e-06 3.15e-06 3.35e-06 3.15e-06 2.15e-06 3.55e-06 3.35e-06 2.6e-06 3.4e-06 2.5e-06 2e-06 3.1e-06 2.2e-06 3.15e-06 2.45e-06 3.45e-06 2.75e-06 3e-06 3.05e-06 2.9e-06 1.75e-06 2.25e-06 2.8e-06 2.55e-06 3.3e-06 2.1e-06 2.55e-06 2.8e-06 3.25e-06 3.05e-06 2.7e-06 1.55e-06 2.6e-06 1.85e-06 2.25e-06 2.65e-06 3e-06 2.15e-06 3.55e-06 1.8e-06 3.35e-06 2.35e-06 3.3e-06 2.85e-06 1.7e-06 2.2e-06
42 1.35e-06 2.15e-06 1.6e-06 2.75e-06 1.4e-06 1.25e-06 1.45e-06 1.85e-06 7e-07 3.25e-06 2.6e-06 1.45e-06 3.25e-06 2.8e-06 2.8e-06 1.75e-06 3.2e-06 2.8e-06 2.8e-06 3.75e-06 1.45e-06 1.95e-06 2.7e-06 1.45e-06 2.8e-06 2.1e-06 2.75e-06 2.6e-06 2.55e-06 2.4e-06 2.1e-06 1.25e-06 1.7e-06 3.5e-06 2.25e-06 2.75e-06 1.2e-06 1.8e-06 3.05e-06 3.4e-06 2.5e-06 1.55e-06 2e-07 3.15e-06 1.15e-06 1.4e-06 2.2e-06 3.15e-06 1.75e-06 3.2e-06 8e-07 3.25e-06 1.85e-06 2.75e-06 3e-06 1.3e-06 2.25e-06
43 2.75e-06 2.55e-06 3.35e-06 3.45e-06 3.45e-06 2.95e-06 3.4e-06 2.25e-06 2.8e-06 3.2e-06 2.15e-06 3.5e-06 2.85e-06 3.75e-06 3.55e-06 2.4e-06 3.75e-06 3.75e-06 2.4e-06 3.35e-06 3.5e-06 2.35e-06 3.2e-06 3.2e-06 3.55e-06 2.5e-06 3.9e-06 2.2e-06 3.1e-06 3.3e-06 3.3e-06 2.6e-06 2.7e-06 2.25e-06 2.35e-06 3.7e-06 2.55e-06 3.25e-06 2.45e-06 2.65e-06 2.95e-06 2.6e-06 3.15e-06 2.9e-06 2.65e-06 3.45e-06 3.3e-06 2.65e-06 2.55e-06 3.75e-06 2.55e-06 3.5e-06 3.05e-06 3.7e-06 2.45e-06 2.35e-06 2.1e-06
44 2.1e-06 2.45e-06 2.25e-06 2.9e-06 2.1e-06 1.9e-06 2.1e-06 1.75e-06 1.35e-06 3.4e-06 2.35e-06 2.15e-06 3.05e-06 3.1e-06 2.85e-06 1.7e-06 3.35e-06 3.1e-06 2.3e-06 3.65e-06 2.15e-06 1.85e-06 2.65e-06 1.85e-06 2.85e-06 1.8e-06 3.1e-06 2.85e-06 2.5e-06 2.8e-06 2.35e-06 1.15e-06 2.15e-06 3e-06 2.5e-06 3.05e-06 1.7e-06 2.45e-06 2.4e-06 3.4e-06 2.7e-06 1.85e-06 1.15e-06 2.65e-06 2.2e-06 2.05e-06 2.5e-06 2.95e-06 1.85e-06 3.35e-06 1.5e-06 3.05e-06 2e-06 3.05e-06 2.9e-06 1.95e-06 1.95e-06
45 2.3e-06 2.55e-06 1.9e-06 2.45e-06 1.7e-06 2.05e-06 1.55e-06 2.5e-06 1.45e-06 2.95e-06 3.2e-06 1.65e-06 3.05e-06 1.9e-06 2.35e-06 2.65e-06 2.2e-06 1.8e-06 3.1e-06 3.25e-06 1.75e-06 2.55e-06 2.65e-06 2.1e-06 2.35e-06 2.7e-06 1.95e-06 3e-06 2.5e-06 2.35e-06 1.85e-06 2e-06 2.35e-06 3.45e-06 2.8e-06 1.85e-06 1.8e-06 2e-06 3.35e-06 2.95e-06 2.15e-06 2.25e-06 1.4e-06 3.45e-06 2.05e-06 2.6e-06 2.15e-06 3.1e-06 2.1e-06 2.2e-06 1.75e-06 3.1e-06 2.15e-06 1.85e-06 3.1e-06 2.15e-06 2.7e-06
46 2.9e-06 2.9e-06 2.05e-06 2.8e-06 2e-06 2.75e-06 1.85e-06 2.8e-06 1.8e-06 2.7e-06 3.35e-06 1.95e-06 2.45e-06 1.7e-06 2.2e-06 2.9e-06 1.65e-06 1.6e-06 3.1e-06 2.6e-06 2.05e-06 2.9e-06 2.45e-06 2.45e-06 2.2e-06 3.05e-06 2.1e-06 3.3e-06 2.3e-06 2.55e-06 2.4e-06 2.45e-06 2.7e-06 3.15e-06 3.1e-06 1.65e-06 2.2e-06 2.2e-06 3.15e-06 2.5e-06 2.1e-06 2.65e-06 2.2e-06 3.3e-06 2.5e-06 2.15e-06 3.2e-06 2.55e-06 2.05e-06 1.65e-06 2.4e-06 2.55e-06 2.35e-06 1.65e-06 3.05e-06 2.4e-06 2.55e-06
47 3.25e-06 2.95e-06 2.75e-06 3e-06 2.95e-06 3.2e-06 2.9e-06 2.95e-06 2.9e-06 2.85e-06 3.1e-06 3e-06 2.55e-06 2.75e-06 2.9e-06 3.1e-06 2.65e-06 2.75e-06 2.9e-06 2.05e-06 3e-06 3.05e-06 2.35e-06 3.05e-06 2.9e-06 3.05e-06 2.85e-06 2.95e-06 2.25e-06 3e-06 3e-06 2.9e-06 3e-06 2.7e-06 3e-06 2.65e-06 2.7e-06 2.95e-06 3e-06 2.55e-06 2.55e-06 3e-06 3.15e-06 2.65e-06 2.95e-06 3.1e-06 2.55e-06 2.9e-06 2.3e-06 2.65e-06 2.85e-06 2.3e-06 3.05e-06 2.65e-06 2.8e-06 2.85e-06 2.9e-06
48 2.3e-06 2e-06 2.15e-06 2.55e-06 1.95e-06 2.1e-06 1.9e-06 2.2e-06 1.2e-06 2.8e-06 2.65e-06 2e-06 2.8e-06 2.15e-06 2.05e-06 2.35e-06 2.5e-06 2.15e-06 2.35e-06 3.35e-06 2e-06 2.3e-06 2.45e-06 1.8e-06 2.05e-06 2.25e-06 2.45e-06 2.5e-06 2.3e-06 2.35e-06 2.15e-06 1.8e-06 2.1e-06 3.15e-06 2.3e-06 2.1e-06 1.45e-06 2.15e-06 2.4e-06 2.65e-06 1.75e-06 2.15e-06 1.75e-06 2.55e-06 1.85e-06 2.1e-06 2.05e-06 2.3e-06 1.7e-06 2.5e-06 1.7e-06 2.55e-06 1.55e-06 2.1e-06 2.2e-06 1.85e-06 1.85e-06
49 3.65e-06 3.25e-06 2.1e-06 2.45e-06 2e-06 3.45e-06 1.75e-06 3.6e-06 2.5e-06 2.4e-06 3.95e-06 1.85e-06 2.2e-06 6e-07 1.7e-06 3.75e-06 4e-07 4e-07 3.55e-06 2.1e-06 2.05e-06 3.7e-06 2.45e-06 3.05e-06 1.7e-06 3.65e-06 1.15e-06 3.65e-06 2.3e-06 2.3e-06 2.1e-06 3.3e-06 3.35e-06 3.15e-06 3.6e-06 5.5e-07 2.8e-06 2.2e-06 3.6e-06 1.95e-06 1.7e-06 3.55e-06 3.2e-06 3.75e-06 3.35e-06 2.2e-06 1.65e-06 2.65e-06 2.5e-06 8e-07 3.2e-06 2.5e-06 2.65e-06 5.5e-07 3.25e-06 3.15e-06 3.1e-06
50 1.05e-06 1.7e-06 2e-06 2.6e-06 1.8e-06 1.2e-06 1.75e-06 1.8e-06 1.05e-06 3.05e-06 2e-06 1.85e-06 3e-06 2.8e-06 2.75e-06 1.8e-06 3.2e-06 2.8e-06 2.5e-06 3.6e-06 1.85e-06 1.9e-06 2.7e-06 1.7e-06 2.75e-06 1.8e-06 2.8e-06 2e-06 2.55e-06 2.1e-06 2.15e-06 1.55e-06 1.7e-06 3.05e-06 1.75e-06 2.75e-06 1.3e-06 1.8e-06 2.7e-06 3.1e-06 2.35e-06 1.8e-06 8e-07 2.55e-06 1.5e-06 1.75e-06 2.4e-06 2.85e-06 1.7e-06 3.2e-06 1.4e-06 3.2e-06 1.95e-06 2.75e-06 2.65e-06 1.25e-06 2.05e-06
51 3.35e-06 3e-06 2.85e-06 2.55e-06 2.85e-06 3.15e-06 2.8e-06 3.3e-06 2.85e-06 2.75e-06 3.3e-06 2.9e-06 2.95e-06 2.45e-06 2.1e-06 3.45e-06 2.5e-06 2.45e-06 2.6e-06 2.45e-06 2.9e-06 3.4e-06 2.55e-06 2.45e-06 2.1e-06 3e-06 2.65e-06 3.4e-06 2.45e-06 2.75e-06 3.05e-06 3e-06 3.15e-06 3.3e-06 3.35e-06 2.35e-06 2.9e-06 3e-06 2.65e-06 3.1e-06 2.55e-06 3.35e-06 3.25e-06 3.5e-06 3.05e-06 3.1e-06 2.55e-06 2.3e-06 2.55e-06 2.5e-06 3.2e-06 3.5e-06 2.35e-06 2.35e-06 2.7e-06 3.45e-06 3.1e-06
52 2.2e-06 2.15e-06 2.35e-06 1.95e-06 2.05e-06 2e-06 2e-06 2.45e-06 1.35e-06 2.65e-06 2.6e-06 2.1e-06 3.15e-06 2.25e-06 1.65e-06 2.55e-06 2.65e-06 2.25e-06 1.95e-06 3.7e-06 2.1e-06 2.55e-06 2.75e-06 1.4e-06 1.65e-06 2.15e-06 2.45e-06 2.65e-06 2.6e-06 2.2e-06 2.15e-06 2e-06 2.1e-06 3.4e-06 2.4e-06 2.2e-06 1.85e-06 2.3e-06 2.1e-06 3.1e-06 2.15e-06 2.35e-06 1.85e-06 3.05e-06 2e-06 2.15e-06 2.35e-06 3.05e-06 1.55e-06 2.65e-06 1.95e-06 2.35e-06 2.1e-06 2.2e-06 2.1e-06 2.15e-06 2.1e-06
53 3.2e-06 2.8e-06 1.8e-06 1.95e-06 1.55e-06 3e-06 1.4e-06 3.4e-06 2.05e-06 2.25e-06 3.75e-06 1.5e-06 2.5e-06 2.5e-07 1.35e-06 3.55e-06 5.5e-07 1.5e-07 3.35e-06 2.1e-06 1.6e-06 3.5e-06 2.3e-06 2.6e-06 1.35e-06 3.35e-06 6e-07 3.35e-06 2.15e-06 1.8e-06 1.6e-06 3e-06 3.05e-06 3.1e-06 3.3e-06 1.5e-07 2.35e-06 1.7e-06 3.4e-06 2.15e-06 1.2e-06 3.3e-06 2.75e-06 3.7e-06 3.05e-06 1.85e-06 1.65e-06 2.65e-06 2.1e-06 5.5e-07 2.75e-06 2.35e-06 2.2e-06 3e-07 2.95e-06 2.85e-06 2.9e-06
54 2.75e-06 2.2e-06 3.1e-06 2.6e-06 3e-06 2.7e-06 2.95e-06 3e-06 2.5e-06 2.7e-06 2.8e-06 3.05e-06 3.4e-06 3e-06 2.4e-06 3.15e-06 3.25e-06 3e-06 2.4e-06 3.45e-06 3.05e-06 3.1e-06 3.15e-06 2.35e-06 2.4e-06 2.65e-06 3.25e-06 2.2e-06 3.05e-06 2.75e-06 3e-06 2.85e-06 2.5e-06 3.2e-06 2.45e-06 2.95e-06 2.3e-06 3.05e-06 2.5e-06 2.7e-06 2.4e-06 2.85e-06 3e-06 2.45e-06 2.9e-06 3.1e-06 3.05e-06 2.8e-06 2.2e-06 3.25e-06 2.65e-06 2.7e-06 2.1e-06 2.95e-06 3.6e-06 2.7e-06 2.7e-06
55 1.35e-06 2.2e-06 2.2e-06 2.8e-06 2.1e-06 1.65e-06 2.05e-06 1.9e-06 1.25e-06 2.9e-06 2.15e-06 2.15e-06 2.85e-06 2.9e-06 2.95e-06 1.95e-06 3.15e-06 2.9e-06 2.6e-06 3.5e-06 2.15e-06 2e-06 3e-06 2.1e-06 2.95e-06 2.25e-06 3.05e-06 2.15e-06 2.9e-06 2.4e-06 2.55e-06 1.95e-06 1.85e-06 2.75e-06 1.85e-06 2.85e-06 1.8e-06 1.85e-06 2.75e-06 2.9e-06 2.65e-06 1.7e-06 1.3e-06 2.35e-06 1.95e-06 2.15e-06 2.4e-06 2.85e-06 1.85e-06 3.15e-06 1.25e-06 3.45e-06 2.15e-06 2.85e-06 2.7e-06 1.6e-06 1.9e-06
56 2.35e-06 2.55e-06 2.7e-06 3e-06 2.6e-06 2.4e-06 2.55e-06 1.8e-06 1.75e-06 3.15e-06 2.05e-06 2.65e-06 2.6e-06 2.95e-06 2.75e-06 1.95e-06 3.1e-06 2.95e-06 2.05e-06 3.6e-06 2.65e-06 1.85e-06 2.9e-06 2.35e-06 2.75e-06 2.15e-06 3.2e-06 2.75e-06 2.75e-06 2.8e-06 2.7e-06 1.9e-06 2.45e-06 2.5e-06 2.4e-06 2.9e-06 2.2e-06 2.55e-06 2.05e-06 3.05e-06 2.65e-06 2.2e-06 2.25e-06 2.1e-06 1.95e-06 2.7e-06 2.55e-06 2.9e-06 1.85e-06 3.1e-06 2.05e-06 3.1e-06 2.1e-06 2.9e-06 2.7e-06 1.9e-06 2.9e-06
