 slim_761986711 slim_761986744 slim_761986702 slim_761986743 slim_761986733 slim_761986705 slim_761986706 slim_761986700 slim_761986693 slim_761986729 slim_761986724 slim_761986723 slim_761986736 slim_761986735 slim_761986704 slim_761986742 slim_761986712 slim_761986719 slim_761986741 slim_761986698 slim_761986707 slim_761986688 slim_761986691 slim_761986738 slim_761986728 slim_761986715 slim_761986737 slim_761986721 slim_761986725 slim_761986708 slim_761986734 slim_761986692 slim_761986731 slim_761986714 slim_761986730 slim_761986722 slim_761986732 slim_761986716 slim_761986727 slim_761986717 slim_761986713 slim_761986710 slim_761986720 slim_761986718 slim_761986701 slim_761986696 slim_761986699 slim_761986694 slim_761986740 slim_761986726 slim_761986748 slim_761986697 slim_761986739 slim_761986745 slim_761986695 slim_761986689 slim_761986747 slim_761986709 slim_761986690 slim_761986703 slim_761986746
0 1e-07 6e-07 2.25e-06 1.3e-06 1.25e-06 1.65e-06 9e-07 2.1e-06 1.95e-06 2.05e-06 1.95e-06 3.25e-06 3.6e-06 2.45e-06 1.3e-06 7e-07 2.35e-06 3.35e-06 2.15e-06 1.45e-06 6.5e-07 8.5e-07 2.35e-06 2.15e-06 2.2e-06 2.25e-06 2.05e-06 1.2e-06 2.85e-06 2.55e-06 1.25e-06 7e-07 2.3e-06 1.4e-06 1.1e-06 2.75e-06 2.2e-06 2.25e-06 2.2e-06 2.3e-06 2.45e-06 2.25e-06 2.05e-06 3.4e-06 2.05e-06 1.2e-06 1.85e-06 1.15e-06 2.7e-06 1.35e-06 1.05e-06 1.05e-06 1.15e-06 2.1e-06 2e-06 6.5e-07 2.2e-06 1.75e-06 2.2e-06 2.4e-06 2.1e-06
1 6e-07 1.1e-06 2.05e-06 8e-07 8.5e-07 1.9e-06 9.5e-07 1.8e-06 1.9e-06 1.9e-06 1.75e-06 3.2e-06 3.55e-06 2.25e-06 1.15e-06 6.5e-07 2.15e-06 3.45e-06 1.85e-06 1.1e-06 7e-07 8.5e-07 2.25e-06 2.15e-06 2e-06 2.4e-06 2.15e-06 7e-07 2.6e-06 2.3e-06 9.5e-07 8.5e-07 2e-06 9e-07 7e-07 2.7e-06 1.9e-06 2.15e-06 2e-06 2.2e-06 2.3e-06 2.05e-06 1.8e-06 3.4e-06 1.95e-06 8e-07 1.5e-06 6.5e-07 2.45e-06 1.15e-06 7.5e-07 8.5e-07 1e-06 2e-06 1.75e-06 6.5e-07 2.05e-06 2e-06 1.95e-06 2.2e-06 1.95e-06
2 2.25e-06 2.05e-06 3.4e-06 1.85e-06 1.85e-06 1.95e-06 2.25e-06 1.85e-06 2.5e-06 1.9e-06 1.85e-06 2.45e-06 2.95e-06 2.4e-06 2.4e-06 2.1e-06 1.95e-06 2.8e-06 1.9e-06 2.15e-06 2.05e-06 2.2e-06 2e-06 2.65e-06 2.25e-06 2.4e-06 2.65e-06 1.9e-06 2.6e-06 2.45e-06 2e-06 2.1e-06 1.95e-06 2.05e-06 1.95e-06 2.1e-06 2.3e-06 2.6e-06 2.25e-06 2.35e-06 2.2e-06 2.25e-06 2.15e-06 2.45e-06 1.8e-06 1.8e-06 2.4e-06 1.8e-06 2.6e-06 2.4e-06 1.85e-06 2.2e-06 2.05e-06 2.05e-06 2.05e-06 1.95e-06 2e-06 2.15e-06 2.35e-06 2.4e-06 1.85e-06
3 1.3e-06 8e-07 1.85e-06 3e-07 3e-07 2.35e-06 1e-06 1.6e-06 1.85e-06 2.05e-06 1.45e-06 3.15e-06 3.7e-06 2.15e-06 9e-07 8e-07 1.9e-06 3.75e-06 1.65e-06 8.5e-07 8.5e-07 9.5e-07 2.15e-06 2.35e-06 1.9e-06 2.75e-06 2.45e-06 4e-07 2.55e-06 2e-06 6.5e-07 1e-06 2e-06 5e-07 6e-07 2.45e-06 1.9e-06 2.05e-06 1.9e-06 2.1e-06 1.95e-06 1.8e-06 1.45e-06 3.6e-06 2.05e-06 2.5e-07 1.15e-06 2.5e-07 2.2e-06 9.5e-07 5.5e-07 8.5e-07 1e-06 2.2e-06 1.3e-06 6.5e-07 1.9e-06 2.45e-06 1.85e-06 2e-06 1.8e-06
4 1.25e-06 8.5e-07 1.85e-06 3e-07 4e-07 2.3e-06 1e-06 1.55e-06 1.85e-06 2.1e-06 1.4e-06 3.15e-06 3.65e-06 2.05e-06 9e-07 8.5e-07 1.9e-06 3.7e-06 1.6e-06 9.5e-07 8e-07 9e-07 2.15e-06 2.3e-06 1.8e-06 2.7e-06 2.4e-06 4e-07 2.5e-06 2e-06 6.5e-07 1e-06 2.05e-06 6e-07 6.5e-07 2.5e-06 1.95e-06 2.05e-06 1.8e-06 2.1e-06 2e-06 1.8e-06 1.35e-06 3.55e-06 2e-06 2e-07 1.15e-06 3.5e-07 2.2e-06 9.5e-07 4.5e-07 8e-07 9.5e-07 2.25e-06 1.35e-06 6.5e-07 1.9e-06 2.4e-06 1.8e-06 2e-06 1.8e-06
5 1.65e-06 1.9e-06 1.95e-06 2.35e-06 2.3e-06 3.2e-06 2.2e-06 2.1e-06 2.55e-06 1.85e-06 2.1e-06 2.5e-06 2.9e-06 2.55e-06 2.6e-06 2e-06 2.15e-06 2.6e-06 2.15e-06 2.4e-06 1.95e-06 2.15e-06 2.1e-06 2.55e-06 2.4e-06 2.15e-06 2.45e-06 2.25e-06 2.75e-06 2.7e-06 2.3e-06 1.95e-06 2.05e-06 2.45e-06 2.15e-06 2.25e-06 2.4e-06 2.7e-06 2.4e-06 2.45e-06 2.45e-06 2.45e-06 2.45e-06 2.35e-06 1.8e-06 2.25e-06 2.75e-06 2.2e-06 2.85e-06 2.6e-06 2.1e-06 2.3e-06 2.1e-06 1.95e-06 2.4e-06 1.95e-06 2.15e-06 1.8e-06 2.5e-06 2.6e-06 2.05e-06
6 9e-07 9.5e-07 2.25e-06 1e-06 1e-06 2.2e-06 1.7e-06 1.9e-06 2.1e-06 2.3e-06 1.9e-06 3.25e-06 3.7e-06 2.4e-06 9e-07 1e-06 2.25e-06 3.55e-06 1.95e-06 1.2e-06 9.5e-07 9.5e-07 2.25e-06 2.45e-06 2.25e-06 2.7e-06 2.45e-06 1.05e-06 2.55e-06 2.35e-06 9.5e-07 9.5e-07 2.3e-06 1e-06 1.1e-06 2.8e-06 2.3e-06 2.15e-06 2.25e-06 2.3e-06 2.3e-06 2.25e-06 1.95e-06 3.6e-06 2.25e-06 9.5e-07 1.55e-06 9.5e-07 2.3e-06 1.15e-06 1e-06 1.15e-06 1.3e-06 2.4e-06 1.85e-06 8.5e-07 2.05e-06 2.2e-06 2.25e-06 2.2e-06 2.15e-06
7 2.1e-06 1.8e-06 1.85e-06 1.6e-06 1.55e-06 2.1e-06 1.9e-06 2.7e-06 2.4e-06 1.9e-06 1.9e-06 2.5e-06 2.8e-06 2.2e-06 1.8e-06 1.85e-06 1.85e-06 2.75e-06 1.5e-06 1.7e-06 1.8e-06 1.75e-06 1.95e-06 2.5e-06 2.1e-06 2.35e-06 2.6e-06 1.55e-06 2.1e-06 2.15e-06 1.65e-06 1.95e-06 1.85e-06 1.6e-06 1.7e-06 2.4e-06 2.15e-06 2.4e-06 2.1e-06 2.3e-06 2.35e-06 2.15e-06 2.05e-06 2.5e-06 1.9e-06 1.5e-06 2.1e-06 1.5e-06 2.15e-06 1.95e-06 1.6e-06 1.85e-06 1.8e-06 2.05e-06 2e-06 1.7e-06 1.9e-06 2.1e-06 2.05e-06 2.15e-06 1.95e-06
8 1.95e-06 1.9e-06 2.5e-06 1.85e-06 1.85e-06 2.55e-06 2.1e-06 2.4e-06 3.4e-06 2.55e-06 2.25e-06 3.2e-06 3.6e-06 2.8e-06 2.2e-06 1.95e-06 2.6e-06 3.6e-06 2.4e-06 2.25e-06 1.9e-06 2.05e-06 2.7e-06 2.5e-06 2.55e-06 2.8e-06 2.55e-06 1.9e-06 3.1e-06 2.8e-06 2e-06 2e-06 2.65e-06 2.05e-06 1.95e-06 2.15e-06 2.6e-06 2.8e-06 2.55e-06 2.7e-06 2e-06 2.55e-06 1.8e-06 3.4e-06 2.5e-06 1.8e-06 2.35e-06 1.8e-06 2.95e-06 1.95e-06 1.85e-06 1.75e-06 2.15e-06 2.65e-06 1.7e-06 1.8e-06 2.5e-06 2.65e-06 2.7e-06 2.7e-06 2.4e-06
9 2.05e-06 1.9e-06 1.9e-06 2.05e-06 2.1e-06 1.85e-06 2.3e-06 1.9e-06 2.55e-06 2.6e-06 2e-06 2.35e-06 2.6e-06 2.35e-06 2.6e-06 2e-06 2.05e-06 2.55e-06 1.85e-06 1.95e-06 2.05e-06 2.2e-06 2.1e-06 2.45e-06 2.15e-06 2.25e-06 2.45e-06 1.95e-06 2.35e-06 2.45e-06 2.2e-06 2.15e-06 1.9e-06 2.15e-06 1.95e-06 2.2e-06 2.05e-06 2.55e-06 2.15e-06 2.3e-06 2.4e-06 2.2e-06 2.3e-06 2.2e-06 1.8e-06 2.05e-06 2.6e-06 1.9e-06 2.6e-06 2.55e-06 2e-06 2.25e-06 1.85e-06 1.4e-06 2.25e-06 2e-06 1.85e-06 2e-06 2.2e-06 2.35e-06 1.75e-06
10 1.95e-06 1.75e-06 1.85e-06 1.45e-06 1.4e-06 2.1e-06 1.9e-06 1.9e-06 2.25e-06 2e-06 2.6e-06 2.35e-06 3.2e-06 2.3e-06 2e-06 1.75e-06 2e-06 3.15e-06 1.85e-06 1.95e-06 1.7e-06 1.85e-06 2.05e-06 2.6e-06 2.1e-06 2.5e-06 2.6e-06 1.5e-06 2.85e-06 2.4e-06 1.65e-06 1.75e-06 2.1e-06 1.7e-06 1.65e-06 1.75e-06 2.25e-06 2.5e-06 2.1e-06 2.25e-06 1.9e-06 2.15e-06 1.8e-06 2.8e-06 1.9e-06 1.35e-06 2.05e-06 1.45e-06 2.55e-06 2.05e-06 1.45e-06 1.9e-06 1.9e-06 2.15e-06 1.75e-06 1.6e-06 1.9e-06 2.25e-06 2.3e-06 2.3e-06 1.8e-06
11 3.25e-06 3.2e-06 2.45e-06 3.15e-06 3.15e-06 2.5e-06 3.25e-06 2.5e-06 3.2e-06 2.35e-06 2.35e-06 3e-06 1.65e-06 2.3e-06 3.4e-06 3.25e-06 2.5e-06 2.3e-06 2.4e-06 3.2e-06 3.2e-06 3.2e-06 2.4e-06 2.8e-06 2.4e-06 2.35e-06 2.75e-06 3.2e-06 2.3e-06 2.3e-06 3.1e-06 3.1e-06 2.55e-06 3.2e-06 3.2e-06 2e-06 2.45e-06 2.8e-06 2.4e-06 2.35e-06 2.6e-06 2.4e-06 2.85e-06 1.85e-06 2.4e-06 3.1e-06 2.85e-06 3.1e-06 2.3e-06 3.55e-06 3.1e-06 3.5e-06 3.2e-06 2.5e-06 2.75e-06 3.1e-06 2.4e-06 2.55e-06 2.7e-06 2.4e-06 2.45e-06
12 3.6e-06 3.55e-06 2.95e-06 3.7e-06 3.65e-06 2.9e-06 3.7e-06 2.8e-06 3.6e-06 2.6e-06 3.2e-06 1.65e-06 1.1e-06 2.1e-06 3.9e-06 3.65e-06 2.95e-06 2e-06 2.75e-06 3.5e-06 3.6e-06 3.6e-06 2.9e-06 2.4e-06 2.05e-06 2.2e-06 2.35e-06 3.6e-06 1.75e-06 2.1e-06 3.55e-06 3.6e-06 2.9e-06 3.65e-06 3.55e-06 2.85e-06 2.05e-06 2.65e-06 2.05e-06 2.1e-06 3.35e-06 2.2e-06 3.3e-06 1.55e-06 2.8e-06 3.6e-06 2.9e-06 3.55e-06 2.1e-06 4e-06 3.5e-06 3.85e-06 3.4e-06 2.75e-06 3.25e-06 3.55e-06 2.9e-06 2.9e-06 2.4e-06 2.2e-06 2.95e-06
13 2.45e-06 2.25e-06 2.4e-06 2.15e-06 2.05e-06 2.55e-06 2.4e-06 2.2e-06 2.8e-06 2.35e-06 2.3e-06 2.3e-06 2.1e-06 3.8e-06 2.45e-06 2.3e-06 2.5e-06 2.85e-06 2.2e-06 2.3e-06 2.25e-06 2.3e-06 2.55e-06 2.45e-06 2e-06 2.5e-06 2.45e-06 2.05e-06 2.05e-06 2.05e-06 2.15e-06 2.35e-06 2.5e-06 2.2e-06 2.15e-06 2.7e-06 2.1e-06 2.35e-06 2e-06 2.2e-06 2.75e-06 2.1e-06 2.4e-06 2.55e-06 2.35e-06 2e-06 2.05e-06 2.05e-06 2.1e-06 2.55e-06 2e-06 2.4e-06 2.25e-06 2.5e-06 2.4e-06 2.2e-06 2.4e-06 2.65e-06 2.2e-06 2.15e-06 2.4e-06
14 1.3e-06 1.15e-06 2.4e-06 9e-07 9e-07 2.6e-06 9e-07 1.8e-06 2.2e-06 2.6e-06 2e-06 3.4e-06 3.9e-06 2.45e-06 7e-07 1.15e-06 2.3e-06 3.75e-06 1.85e-06 1.05e-06 1.1e-06 9e-07 2.3e-06 2.65e-06 2.4e-06 3e-06 2.75e-06 1e-06 2.35e-06 2.3e-06 8e-07 1.1e-06 2.4e-06 7.5e-07 1.2e-06 3.05e-06 2.5e-06 2.1e-06 2.4e-06 2.45e-06 2.35e-06 2.4e-06 2e-06 3.9e-06 2.55e-06 8.5e-07 1.4e-06 9e-07 2.05e-06 9e-07 1.05e-06 1.15e-06 1.5e-06 2.7e-06 1.9e-06 9.5e-07 2e-06 2.5e-06 2.4e-06 2.15e-06 2.3e-06
15 7e-07 6.5e-07 2.1e-06 8e-07 8.5e-07 2e-06 1e-06 1.85e-06 1.95e-06 2e-06 1.75e-06 3.25e-06 3.65e-06 2.3e-06 1.15e-06 1.3e-06 2.2e-06 3.55e-06 1.9e-06 1.15e-06 7.5e-07 9e-07 2.3e-06 2.25e-06 2.05e-06 2.5e-06 2.25e-06 7.5e-07 2.7e-06 2.35e-06 1e-06 9e-07 2.1e-06 9.5e-07 8e-07 2.7e-06 2e-06 2.2e-06 2.05e-06 2.25e-06 2.3e-06 2.1e-06 1.8e-06 3.5e-06 2.05e-06 8e-07 1.55e-06 7e-07 2.5e-06 1.2e-06 8e-07 9.5e-07 1.1e-06 2.1e-06 1.75e-06 7e-07 2.1e-06 2.1e-06 2.05e-06 2.25e-06 2e-06
16 2.35e-06 2.15e-06 1.95e-06 1.9e-06 1.9e-06 2.15e-06 2.25e-06 1.85e-06 2.6e-06 2.05e-06 2e-06 2.5e-06 2.95e-06 2.5e-06 2.3e-06 2.2e-06 3.6e-06 2.6e-06 1.9e-06 2.15e-06 2.15e-06 2.2e-06 1.8e-06 2.75e-06 2.35e-06 2.5e-06 2.75e-06 2e-06 2.5e-06 2.4e-06 2e-06 2.05e-06 1.95e-06 2.05e-06 2.05e-06 2.25e-06 2.4e-06 2.65e-06 2.35e-06 2.3e-06 2.15e-06 2.3e-06 2.25e-06 2.4e-06 1.95e-06 1.85e-06 2.4e-06 1.9e-06 2.5e-06 2.4e-06 1.95e-06 2.3e-06 2.1e-06 2.2e-06 2.15e-06 2.05e-06 2.05e-06 2.1e-06 2.4e-06 2.4e-06 2.05e-06
17 3.35e-06 3.45e-06 2.8e-06 3.75e-06 3.7e-06 2.6e-06 3.55e-06 2.75e-06 3.6e-06 2.55e-06 3.15e-06 2.3e-06 2e-06 2.85e-06 3.75e-06 3.55e-06 2.6e-06 2.8e-06 2.75e-06 3.5e-06 3.5e-06 3.5e-06 2.25e-06 3e-06 2.75e-06 2.55e-06 2.9e-06 3.65e-06 2.45e-06 2.85e-06 3.5e-06 3.2e-06 2.55e-06 3.65e-06 3.55e-06 2.85e-06 2.75e-06 2.8e-06 2.75e-06 2.5e-06 2.95e-06 2.8e-06 3.4e-06 1.7e-06 2.6e-06 3.65e-06 3.4e-06 3.6e-06 2.8e-06 3.9e-06 3.5e-06 3.8e-06 3.4e-06 2.7e-06 3.35e-06 3.5e-06 2.8e-06 2.35e-06 3e-06 2.75e-06 2.9e-06
18 2.15e-06 1.85e-06 1.9e-06 1.65e-06 1.6e-06 2.15e-06 1.95e-06 1.5e-06 2.4e-06 1.85e-06 1.85e-06 2.4e-06 2.75e-06 2.2e-06 1.85e-06 1.9e-06 1.9e-06 2.75e-06 2.8e-06 1.75e-06 1.85e-06 1.8e-06 2e-06 2.5e-06 2.1e-06 2.35e-06 2.6e-06 1.6e-06 2.1e-06 2.15e-06 1.7e-06 2e-06 1.9e-06 1.65e-06 1.75e-06 2.3e-06 2.15e-06 2.4e-06 2.1e-06 2.3e-06 2.25e-06 2.15e-06 2.05e-06 2.5e-06 1.95e-06 1.55e-06 2.1e-06 1.55e-06 2.15e-06 2e-06 1.65e-06 1.9e-06 1.85e-06 2e-06 2e-06 1.75e-06 1.85e-06 2.15e-06 2.1e-06 2.15e-06 1.9e-06
19 1.45e-06 1.1e-06 2.15e-06 8.5e-07 9.5e-07 2.4e-06 1.2e-06 1.7e-06 2.25e-06 1.95e-06 1.95e-06 3.2e-06 3.5e-06 2.3e-06 1.05e-06 1.15e-06 2.15e-06 3.5e-06 1.75e-06 1.6e-06 1.2e-06 1.15e-06 2.25e-06 2.5e-06 2.15e-06 2.8e-06 2.6e-06 9e-07 2.25e-06 2.2e-06 1e-06 1.3e-06 2.1e-06 8.5e-07 1.05e-06 2.9e-06 2.1e-06 2.15e-06 2.15e-06 2.3e-06 2.4e-06 2.15e-06 1.95e-06 3.45e-06 2.25e-06 9e-07 1.55e-06 8e-07 2.15e-06 1.25e-06 1.05e-06 1.25e-06 1.15e-06 1.95e-06 1.85e-06 1.05e-06 1.95e-06 2.4e-06 2.1e-06 2.1e-06 2.05e-06
20 6.5e-07 7e-07 2.05e-06 8.5e-07 8e-07 1.95e-06 9.5e-07 1.8e-06 1.9e-06 2.05e-06 1.7e-06 3.2e-06 3.6e-06 2.25e-06 1.1e-06 7.5e-07 2.15e-06 3.5e-06 1.85e-06 1.2e-06 1.2e-06 8.5e-07 2.25e-06 2.2e-06 2e-06 2.45e-06 2.2e-06 8e-07 2.65e-06 2.3e-06 9.5e-07 8.5e-07 2.15e-06 1e-06 8.5e-07 2.65e-06 2.05e-06 2.15e-06 2e-06 2.2e-06 2.25e-06 2.05e-06 1.75e-06 3.45e-06 2e-06 7.5e-07 1.5e-06 7.5e-07 2.45e-06 1.15e-06 7.5e-07 9e-07 1.05e-06 2.15e-06 1.7e-06 6.5e-07 2.05e-06 2.05e-06 2e-06 2.2e-06 1.95e-06
21 8.5e-07 8.5e-07 2.2e-06 9.5e-07 9e-07 2.15e-06 9.5e-07 1.75e-06 2.05e-06 2.2e-06 1.85e-06 3.2e-06 3.6e-06 2.3e-06 9e-07 9e-07 2.2e-06 3.5e-06 1.8e-06 1.15e-06 8.5e-07 1.4e-06 2.25e-06 2.35e-06 2.15e-06 2.6e-06 2.4e-06 9e-07 2.45e-06 2.25e-06 9.5e-07 9.5e-07 2.2e-06 9.5e-07 1e-06 2.85e-06 2.2e-06 2.15e-06 2.15e-06 2.3e-06 2.35e-06 2.2e-06 1.9e-06 3.55e-06 2.2e-06 8.5e-07 1.45e-06 8.5e-07 2.25e-06 1.1e-06 9e-07 1e-06 1.2e-06 2.3e-06 1.85e-06 7.5e-07 2.05e-06 2.15e-06 2.15e-06 2.2e-06 2.1e-06
22 2.35e-06 2.25e-06 2e-06 2.15e-06 2.15e-06 2.1e-06 2.25e-06 1.95e-06 2.7e-06 2.1e-06 2.05e-06 2.4e-06 2.9e-06 2.55e-06 2.3e-06 2.3e-06 1.8e-06 2.25e-06 2e-06 2.25e-06 2.25e-06 2.25e-06 2.8e-06 2.85e-06 2.45e-06 2.6e-06 2.75e-06 2.2e-06 2.45e-06 2.5e-06 2e-06 1.85e-06 1.85e-06 2.15e-06 2.15e-06 2.2e-06 2.5e-06 2.65e-06 2.45e-06 2.1e-06 1.95e-06 2.45e-06 2.35e-06 2.2e-06 1.9e-06 2.1e-06 2.45e-06 2.1e-06 2.45e-06 2.5e-06 2.05e-06 2.5e-06 2.25e-06 2.25e-06 2.25e-06 2.2e-06 2e-06 1.9e-06 2.6e-06 2.4e-06 2.1e-06
23 2.15e-06 2.15e-06 2.65e-06 2.35e-06 2.3e-06 2.55e-06 2.45e-06 2.5e-06 2.5e-06 2.45e-06 2.6e-06 2.8e-06 2.4e-06 2.45e-06 2.65e-06 2.25e-06 2.75e-06 3e-06 2.5e-06 2.5e-06 2.2e-06 2.35e-06 2.85e-06 4e-06 2.1e-06 2.4e-06 2.05e-06 2.25e-06 2.55e-06 2.5e-06 2.4e-06 2.35e-06 2.7e-06 2.45e-06 2.25e-06 2.95e-06 2.1e-06 2.55e-06 2.1e-06 2.3e-06 3e-06 2.25e-06 2.65e-06 2.75e-06 2.55e-06 2.25e-06 2.4e-06 2.2e-06 2.65e-06 2.35e-06 2.2e-06 2.05e-06 2.3e-06 2.55e-06 2.6e-06 2.15e-06 2.65e-06 2.65e-06 2.25e-06 2.4e-06 2.55e-06
24 2.2e-06 2e-06 2.25e-06 1.9e-06 1.8e-06 2.4e-06 2.25e-06 2.1e-06 2.55e-06 2.15e-06 2.1e-06 2.4e-06 2.05e-06 2e-06 2.4e-06 2.05e-06 2.35e-06 2.75e-06 2.1e-06 2.15e-06 2e-06 2.15e-06 2.45e-06 2.1e-06 3.3e-06 2.25e-06 2.1e-06 1.8e-06 2.2e-06 2.1e-06 2e-06 2.15e-06 2.35e-06 2.05e-06 1.9e-06 2.5e-06 1.75e-06 2.25e-06 1.65e-06 1.9e-06 2.55e-06 1.85e-06 2.15e-06 2.4e-06 2.2e-06 1.75e-06 2e-06 1.8e-06 2.25e-06 2.4e-06 1.75e-06 2.15e-06 2e-06 2.3e-06 2.15e-06 1.95e-06 2.3e-06 2.5e-06 1.9e-06 2e-06 2.2e-06
25 2.25e-06 2.4e-06 2.4e-06 2.75e-06 2.7e-06 2.15e-06 2.7e-06 2.35e-06 2.8e-06 2.25e-06 2.5e-06 2.35e-06 2.2e-06 2.5e-06 3e-06 2.5e-06 2.5e-06 2.55e-06 2.35e-06 2.8e-06 2.45e-06 2.6e-06 2.6e-06 2.4e-06 2.25e-06 3.6e-06 2.4e-06 2.65e-06 2.6e-06 2.55e-06 2.8e-06 2.6e-06 2.45e-06 2.85e-06 2.65e-06 2.5e-06 2.25e-06 2.75e-06 2.25e-06 2.45e-06 2.75e-06 2.35e-06 2.7e-06 2.2e-06 2.3e-06 2.65e-06 2.7e-06 2.6e-06 2.7e-06 3e-06 2.6e-06 2.7e-06 2.6e-06 2.35e-06 2.65e-06 2.4e-06 2.55e-06 2.25e-06 2.45e-06 2.5e-06 2.45e-06
26 2.05e-06 2.15e-06 2.65e-06 2.45e-06 2.4e-06 2.45e-06 2.45e-06 2.6e-06 2.55e-06 2.45e-06 2.6e-06 2.75e-06 2.35e-06 2.45e-06 2.75e-06 2.25e-06 2.75e-06 2.9e-06 2.6e-06 2.6e-06 2.2e-06 2.4e-06 2.75e-06 2.05e-06 2.1e-06 2.4e-06 3.8e-06 2.35e-06 2.6e-06 2.55e-06 2.4e-06 2.25e-06 2.7e-06 2.55e-06 2.25e-06 2.85e-06 2.1e-06 2.55e-06 2.1e-06 2.2e-06 2.9e-06 2.25e-06 2.65e-06 2.65e-06 2.45e-06 2.35e-06 2.45e-06 2.3e-06 2.7e-06 2.5e-06 2.2e-06 2.2e-06 2.3e-06 2.55e-06 2.6e-06 2.2e-06 2.65e-06 2.55e-06 2.3e-06 2.4e-06 2.55e-06
27 1.2e-06 7e-07 1.9e-06 4e-07 4e-07 2.25e-06 1.05e-06 1.55e-06 1.9e-06 1.95e-06 1.5e-06 3.2e-06 3.6e-06 2.05e-06 1e-06 7.5e-07 2e-06 3.65e-06 1.6e-06 9e-07 8e-07 9e-07 2.2e-06 2.25e-06 1.8e-06 2.65e-06 2.35e-06 5e-07 2.45e-06 2.1e-06 7e-07 1.05e-06 1.9e-06 5.5e-07 5e-07 2.65e-06 1.8e-06 2.1e-06 1.8e-06 2.15e-06 2.15e-06 1.9e-06 1.5e-06 3.5e-06 1.95e-06 3.5e-07 1.2e-06 3e-07 2.25e-06 1e-06 4.5e-07 7.5e-07 9.5e-07 2.1e-06 1.5e-06 7e-07 1.95e-06 2.35e-06 1.8e-06 2.05e-06 1.85e-06
28 2.85e-06 2.6e-06 2.6e-06 2.55e-06 2.5e-06 2.75e-06 2.55e-06 2.1e-06 3.1e-06 2.35e-06 2.85e-06 2.3e-06 1.75e-06 2.05e-06 2.35e-06 2.7e-06 2.5e-06 2.45e-06 2.1e-06 2.25e-06 2.65e-06 2.45e-06 2.45e-06 2.55e-06 2.2e-06 2.6e-06 2.6e-06 2.45e-06 2.8e-06 1.95e-06 2.3e-06 2.65e-06 2.45e-06 2.3e-06 2.5e-06 3.15e-06 2.2e-06 2.3e-06 2.2e-06 2.25e-06 3e-06 2.25e-06 2.8e-06 2.3e-06 2.55e-06 2.45e-06 2.2e-06 2.4e-06 1.75e-06 2.65e-06 2.45e-06 2.7e-06 2.45e-06 2.5e-06 2.75e-06 2.55e-06 2.35e-06 2.65e-06 2.3e-06 2.05e-06 2.6e-06
29 2.55e-06 2.3e-06 2.45e-06 2e-06 2e-06 2.7e-06 2.35e-06 2.15e-06 2.8e-06 2.45e-06 2.4e-06 2.3e-06 2.1e-06 2.05e-06 2.3e-06 2.35e-06 2.4e-06 2.85e-06 2.15e-06 2.2e-06 2.3e-06 2.25e-06 2.5e-06 2.5e-06 2.1e-06 2.55e-06 2.55e-06 2.1e-06 1.95e-06 3.8e-06 2.1e-06 2.35e-06 2.5e-06 2.1e-06 2.2e-06 2.75e-06 2.15e-06 2.35e-06 2.1e-06 2.2e-06 2.7e-06 2.05e-06 2.45e-06 2.6e-06 2.5e-06 1.95e-06 1.95e-06 2e-06 1.95e-06 2.45e-06 2.1e-06 2.4e-06 2.25e-06 2.6e-06 2.35e-06 2.15e-06 2.4e-06 2.7e-06 2.2e-06 2.1e-06 2.45e-06
30 1.25e-06 9.5e-07 2e-06 6.5e-07 6.5e-07 2.3e-06 9.5e-07 1.65e-06 2e-06 2.2e-06 1.65e-06 3.1e-06 3.55e-06 2.15e-06 8e-07 1e-06 2e-06 3.5e-06 1.7e-06 1e-06 9.5e-07 9.5e-07 2e-06 2.4e-06 2e-06 2.8e-06 2.4e-06 7e-07 2.3e-06 2.1e-06 1e-06 9.5e-07 2.05e-06 6.5e-07 6.5e-07 2.6e-06 2.05e-06 2e-06 2e-06 2.05e-06 2e-06 2e-06 1.65e-06 3.45e-06 1.9e-06 6e-07 1.2e-06 6e-07 2.05e-06 1e-06 6e-07 1e-06 1e-06 2.35e-06 1.55e-06 8.5e-07 1.85e-06 2.3e-06 2e-06 1.95e-06 1.95e-06
31 7e-07 8.5e-07 2.1e-06 1e-06 1e-06 1.95e-06 9.5e-07 1.95e-06 2e-06 2.15e-06 1.75e-06 3.1e-06 3.6e-06 2.35e-06 1.1e-06 9e-07 2.05e-06 3.2e-06 2e-06 1.3e-06 8.5e-07 9.5e-07 1.85e-06 2.35e-06 2.15e-06 2.6e-06 2.25e-06 1.05e-06 2.65e-06 2.35e-06 9.5e-07 1.3e-06 2.1e-06 1.1e-06 1e-06 2.55e-06 2.2e-06 2.15e-06 2.15e-06 2e-06 2e-06 2.15e-06 1.85e-06 3.3e-06 2e-06 9.5e-07 1.55e-06 9.5e-07 2.4e-06 1.25e-06 9e-07 1.15e-06 1.2e-06 2.25e-06 1.75e-06 8e-07 2e-06 1.9e-06 2.2e-06 2.2e-06 2e-06
32 2.3e-06 2e-06 1.95e-06 2e-06 2.05e-06 2.05e-06 2.3e-06 1.85e-06 2.65e-06 1.9e-06 2.1e-06 2.55e-06 2.9e-06 2.5e-06 2.4e-06 2.1e-06 1.95e-06 2.55e-06 1.9e-06 2.1e-06 2.15e-06 2.2e-06 1.85e-06 2.7e-06 2.35e-06 2.45e-06 2.7e-06 1.9e-06 2.45e-06 2.5e-06 2.05e-06 2.1e-06 3.5e-06 2e-06 1.9e-06 2.4e-06 2.25e-06 2.7e-06 2.35e-06 2.35e-06 2.3e-06 2.4e-06 2.35e-06 2.35e-06 1.9e-06 2e-06 2.45e-06 1.85e-06 2.55e-06 2.45e-06 1.95e-06 2.25e-06 2.1e-06 2.05e-06 2.3e-06 2.1e-06 2.1e-06 2.05e-06 2.4e-06 2.45e-06 2.1e-06
33 1.4e-06 9e-07 2.05e-06 5e-07 6e-07 2.45e-06 1e-06 1.6e-06 2.05e-06 2.15e-06 1.7e-06 3.2e-06 3.65e-06 2.2e-06 7.5e-07 9.5e-07 2.05e-06 3.65e-06 1.65e-06 8.5e-07 1e-06 9.5e-07 2.15e-06 2.45e-06 2.05e-06 2.85e-06 2.55e-06 5.5e-07 2.3e-06 2.1e-06 6.5e-07 1.1e-06 2e-06 9e-07 7e-07 2.75e-06 2e-06 2.05e-06 2.05e-06 2.2e-06 2.15e-06 2.05e-06 1.7e-06 3.6e-06 2.15e-06 5.5e-07 1.2e-06 4.5e-07 2.05e-06 9.5e-07 7e-07 9.5e-07 1.15e-06 2.3e-06 1.6e-06 8.5e-07 1.9e-06 2.45e-06 2e-06 2e-06 2e-06
34 1.1e-06 7e-07 1.95e-06 6e-07 6.5e-07 2.15e-06 1.1e-06 1.7e-06 1.95e-06 1.95e-06 1.65e-06 3.2e-06 3.55e-06 2.15e-06 1.2e-06 8e-07 2.05e-06 3.55e-06 1.75e-06 1.05e-06 8.5e-07 1e-06 2.15e-06 2.25e-06 1.9e-06 2.65e-06 2.25e-06 5e-07 2.5e-06 2.2e-06 6.5e-07 1e-06 1.9e-06 7e-07 7e-07 2.65e-06 1.8e-06 2.15e-06 1.9e-06 2.1e-06 2.15e-06 1.95e-06 1.65e-06 3.4e-06 1.75e-06 6e-07 1.3e-06 4.5e-07 2.35e-06 1.15e-06 5e-07 8.5e-07 8.5e-07 2.1e-06 1.6e-06 8e-07 2e-06 2.25e-06 1.85e-06 2.1e-06 1.9e-06
35 2.75e-06 2.7e-06 2.1e-06 2.45e-06 2.5e-06 2.25e-06 2.8e-06 2.4e-06 2.15e-06 2.2e-06 1.75e-06 2e-06 2.85e-06 2.7e-06 3.05e-06 2.7e-06 2.25e-06 2.85e-06 2.3e-06 2.9e-06 2.65e-06 2.85e-06 2.2e-06 2.95e-06 2.5e-06 2.5e-06 2.85e-06 2.65e-06 3.15e-06 2.75e-06 2.6e-06 2.55e-06 2.4e-06 2.75e-06 2.65e-06 1.8e-06 2.6e-06 2.95e-06 2.5e-06 2.45e-06 1.4e-06 2.45e-06 1.75e-06 2.35e-06 2.1e-06 2.45e-06 2.85e-06 2.5e-06 2.9e-06 3.1e-06 2.5e-06 3e-06 2.8e-06 2.35e-06 1.6e-06 2.55e-06 2.15e-06 2.4e-06 2.85e-06 2.6e-06 2.05e-06
36 2.2e-06 1.9e-06 2.3e-06 1.9e-06 1.95e-06 2.4e-06 2.3e-06 2.15e-06 2.6e-06 2.05e-06 2.25e-06 2.45e-06 2.05e-06 2.1e-06 2.5e-06 2e-06 2.4e-06 2.75e-06 2.15e-06 2.1e-06 2.05e-06 2.2e-06 2.5e-06 2.1e-06 1.75e-06 2.25e-06 2.1e-06 1.8e-06 2.2e-06 2.15e-06 2.05e-06 2.2e-06 2.25e-06 2e-06 1.8e-06 2.6e-06 3.3e-06 2.3e-06 1.75e-06 1.95e-06 2.65e-06 1.9e-06 2.3e-06 2.4e-06 2.2e-06 1.9e-06 2.05e-06 1.75e-06 2.3e-06 2.45e-06 1.85e-06 2.15e-06 2e-06 2.2e-06 2.25e-06 2e-06 2.35e-06 2.5e-06 1.9e-06 2.05e-06 2.25e-06
37 2.25e-06 2.15e-06 2.6e-06 2.05e-06 2.05e-06 2.7e-06 2.15e-06 2.4e-06 2.8e-06 2.55e-06 2.5e-06 2.8e-06 2.65e-06 2.35e-06 2.1e-06 2.2e-06 2.65e-06 2.8e-06 2.4e-06 2.15e-06 2.15e-06 2.15e-06 2.65e-06 2.55e-06 2.25e-06 2.75e-06 2.55e-06 2.1e-06 2.3e-06 2.35e-06 2e-06 2.15e-06 2.7e-06 2.05e-06 2.15e-06 2.95e-06 2.3e-06 3.8e-06 2.25e-06 2.3e-06 2.75e-06 2.25e-06 2.55e-06 2.95e-06 2.6e-06 2e-06 2.05e-06 2e-06 2.3e-06 2.3e-06 2.05e-06 2.3e-06 2.25e-06 2.7e-06 2.45e-06 2.05e-06 2.45e-06 2.75e-06 2.4e-06 2.2e-06 2.55e-06
38 2.2e-06 2e-06 2.25e-06 1.9e-06 1.8e-06 2.4e-06 2.25e-06 2.1e-06 2.55e-06 2.15e-06 2.1e-06 2.4e-06 2.05e-06 2e-06 2.4e-06 2.05e-06 2.35e-06 2.75e-06 2.1e-06 2.15e-06 2e-06 2.15e-06 2.45e-06 2.1e-06 1.65e-06 2.25e-06 2.1e-06 1.8e-06 2.2e-06 2.1e-06 2e-06 2.15e-06 2.35e-06 2.05e-06 1.9e-06 2.5e-06 1.75e-06 2.25e-06 3.3e-06 1.9e-06 2.55e-06 1.85e-06 2.15e-06 2.4e-06 2.2e-06 1.75e-06 2e-06 1.8e-06 2.25e-06 2.4e-06 1.75e-06 2.15e-06 2e-06 2.3e-06 2.15e-06 1.95e-06 2.3e-06 2.5e-06 1.9e-06 2e-06 2.2e-06
39 2.3e-06 2.2e-06 2.35e-06 2.1e-06 2.1e-06 2.45e-06 2.3e-06 2.3e-06 2.7e-06 2.3e-06 2.25e-06 2.35e-06 2.1e-06 2.2e-06 2.45e-06 2.25e-06 2.3e-06 2.5e-06 2.3e-06 2.3e-06 2.2e-06 2.3e-06 2.1e-06 2.3e-06 1.9e-06 2.45e-06 2.2e-06 2.15e-06 2.25e-06 2.2e-06 2.05e-06 2e-06 2.35e-06 2.2e-06 2.1e-06 2.45e-06 1.95e-06 2.3e-06 1.9e-06 3.5e-06 2.35e-06 2e-06 2.35e-06 2.3e-06 2.25e-06 2.05e-06 2.1e-06 2.05e-06 2.25e-06 2.55e-06 2e-06 2.45e-06 2.2e-06 2.45e-06 2.25e-06 2.15e-06 2.3e-06 2.4e-06 2.15e-06 2.05e-06 2.3e-06
40 2.45e-06 2.3e-06 2.2e-06 1.95e-06 2e-06 2.45e-06 2.3e-06 2.35e-06 2e-06 2.4e-06 1.9e-06 2.6e-06 3.35e-06 2.75e-06 2.35e-06 2.3e-06 2.15e-06 2.95e-06 2.25e-06 2.4e-06 2.25e-06 2.35e-06 1.95e-06 3e-06 2.55e-06 2.75e-06 2.9e-06 2.15e-06 3e-06 2.7e-06 2e-06 2e-06 2.3e-06 2.15e-06 2.15e-06 1.4e-06 2.65e-06 2.75e-06 2.55e-06 2.35e-06 2.2e-06 2.5e-06 1.6e-06 2.8e-06 2.2e-06 1.95e-06 2.25e-06 2e-06 2.75e-06 2.5e-06 2e-06 2.5e-06 2.4e-06 2.55e-06 1.45e-06 2.15e-06 2.15e-06 2.4e-06 2.9e-06 2.55e-06 2.15e-06
41 2.25e-06 2.05e-06 2.25e-06 1.8e-06 1.8e-06 2.45e-06 2.25e-06 2.15e-06 2.55e-06 2.2e-06 2.15e-06 2.4e-06 2.2e-06 2.1e-06 2.4e-06 2.1e-06 2.3e-06 2.8e-06 2.15e-06 2.15e-06 2.05e-06 2.2e-06 2.45e-06 2.25e-06 1.85e-06 2.35e-06 2.25e-06 1.9e-06 2.25e-06 2.05e-06 2e-06 2.15e-06 2.4e-06 2.05e-06 1.95e-06 2.45e-06 1.9e-06 2.25e-06 1.85e-06 2e-06 2.5e-06 3.4e-06 2.2e-06 2.45e-06 2.25e-06 1.75e-06 2e-06 1.8e-06 2.25e-06 2.4e-06 1.85e-06 2.2e-06 2e-06 2.35e-06 2.1e-06 1.95e-06 2.3e-06 2.55e-06 1.95e-06 1.9e-06 2.2e-06
42 2.05e-06 1.8e-06 2.15e-06 1.45e-06 1.35e-06 2.45e-06 1.95e-06 2.05e-06 1.8e-06 2.3e-06 1.8e-06 2.85e-06 3.3e-06 2.4e-06 2e-06 1.8e-06 2.25e-06 3.4e-06 2.05e-06 1.95e-06 1.75e-06 1.9e-06 2.35e-06 2.65e-06 2.15e-06 2.7e-06 2.65e-06 1.5e-06 2.8e-06 2.45e-06 1.65e-06 1.85e-06 2.35e-06 1.7e-06 1.65e-06 1.75e-06 2.3e-06 2.55e-06 2.15e-06 2.35e-06 1.6e-06 2.2e-06 2.6e-06 3.1e-06 2.2e-06 1.35e-06 2e-06 1.45e-06 2.6e-06 2.05e-06 1.45e-06 1.9e-06 1.9e-06 2.45e-06 1.3e-06 1.65e-06 2.2e-06 2.55e-06 2.4e-06 2.35e-06 2.1e-06
43 3.4e-06 3.4e-06 2.45e-06 3.6e-06 3.55e-06 2.35e-06 3.6e-06 2.5e-06 3.4e-06 2.2e-06 2.8e-06 1.85e-06 1.55e-06 2.55e-06 3.9e-06 3.5e-06 2.4e-06 1.7e-06 2.5e-06 3.45e-06 3.45e-06 3.55e-06 2.2e-06 2.75e-06 2.4e-06 2.2e-06 2.65e-06 3.5e-06 2.3e-06 2.6e-06 3.45e-06 3.3e-06 2.35e-06 3.6e-06 3.4e-06 2.35e-06 2.4e-06 2.95e-06 2.4e-06 2.3e-06 2.8e-06 2.45e-06 3.1e-06 2.3e-06 2.25e-06 3.5e-06 3.35e-06 3.45e-06 2.65e-06 3.95e-06 3.35e-06 3.75e-06 3.25e-06 2.35e-06 3.05e-06 3.45e-06 2.55e-06 2.25e-06 2.65e-06 2.5e-06 2.55e-06
44 2.05e-06 1.95e-06 1.8e-06 2.05e-06 2e-06 1.8e-06 2.25e-06 1.9e-06 2.5e-06 1.8e-06 1.9e-06 2.4e-06 2.8e-06 2.35e-06 2.55e-06 2.05e-06 1.95e-06 2.6e-06 1.95e-06 2.25e-06 2e-06 2.2e-06 1.9e-06 2.55e-06 2.2e-06 2.3e-06 2.45e-06 1.95e-06 2.55e-06 2.5e-06 1.9e-06 2e-06 1.9e-06 2.15e-06 1.75e-06 2.1e-06 2.2e-06 2.6e-06 2.2e-06 2.25e-06 2.2e-06 2.25e-06 2.2e-06 2.25e-06 3e-06 1.95e-06 2.45e-06 1.9e-06 2.65e-06 2.5e-06 1.75e-06 2.2e-06 1.85e-06 1.95e-06 2.15e-06 2e-06 2e-06 1.95e-06 2.3e-06 2.4e-06 1.9e-06
45 1.2e-06 8e-07 1.8e-06 2.5e-07 2e-07 2.25e-06 9.5e-07 1.5e-06 1.8e-06 2.05e-06 1.35e-06 3.1e-06 3.6e-06 2e-06 8.5e-07 8e-07 1.85e-06 3.65e-06 1.55e-06 9e-07 7.5e-07 8.5e-07 2.1e-06 2.25e-06 1.75e-06 2.65e-06 2.35e-06 3.5e-07 2.45e-06 1.95e-06 6e-07 9.5e-07 2e-06 5.5e-07 6e-07 2.45e-06 1.9e-06 2e-06 1.75e-06 2.05e-06 1.95e-06 1.75e-06 1.35e-06 3.5e-06 1.95e-06 3e-07 1.1e-06 3e-07 2.15e-06 9e-07 4e-07 7.5e-07 9e-07 2.2e-06 1.3e-06 6e-07 1.85e-06 2.35e-06 1.75e-06 1.95e-06 1.75e-06
46 1.85e-06 1.5e-06 2.4e-06 1.15e-06 1.15e-06 2.75e-06 1.55e-06 2.1e-06 2.35e-06 2.6e-06 2.05e-06 2.85e-06 2.9e-06 2.05e-06 1.4e-06 1.55e-06 2.4e-06 3.4e-06 2.1e-06 1.55e-06 1.5e-06 1.45e-06 2.45e-06 2.4e-06 2e-06 2.7e-06 2.45e-06 1.2e-06 2.2e-06 1.95e-06 1.2e-06 1.55e-06 2.45e-06 1.2e-06 1.3e-06 2.85e-06 2.05e-06 2.05e-06 2e-06 2.1e-06 2.25e-06 2e-06 2e-06 3.35e-06 2.45e-06 1.1e-06 2e-06 1.1e-06 1.95e-06 1.55e-06 1.2e-06 1.45e-06 1.65e-06 2.75e-06 1.9e-06 1.35e-06 2.3e-06 2.75e-06 2.1e-06 2e-06 2.35e-06
47 1.15e-06 6.5e-07 1.8e-06 2.5e-07 3.5e-07 2.2e-06 9.5e-07 1.5e-06 1.8e-06 1.9e-06 1.45e-06 3.1e-06 3.55e-06 2.05e-06 9e-07 7e-07 1.9e-06 3.6e-06 1.55e-06 8e-07 7.5e-07 8.5e-07 2.1e-06 2.2e-06 1.8e-06 2.6e-06 2.3e-06 3e-07 2.4e-06 2e-06 6e-07 9.5e-07 1.85e-06 4.5e-07 4.5e-07 2.5e-06 1.75e-06 2e-06 1.8e-06 2.05e-06 2e-06 1.8e-06 1.45e-06 3.45e-06 1.9e-06 3e-07 1.1e-06 4e-07 2.15e-06 9e-07 4.5e-07 7e-07 9e-07 2.05e-06 1.35e-06 6e-07 1.85e-06 2.3e-06 1.75e-06 1.95e-06 1.75e-06
48 2.7e-06 2.45e-06 2.6e-06 2.2e-06 2.2e-06 2.85e-06 2.3e-06 2.15e-06 2.95e-06 2.6e-06 2.55e-06 2.3e-06 2.1e-06 2.1e-06 2.05e-06 2.5e-06 2.5e-06 2.8e-06 2.15e-06 2.15e-06 2.45e-06 2.25e-06 2.45e-06 2.65e-06 2.25e-06 2.7e-06 2.7e-06 2.25e-06 1.75e-06 1.95e-06 2.05e-06 2.4e-06 2.55e-06 2.05e-06 2.35e-06 2.9e-06 2.3e-06 2.3e-06 2.25e-06 2.25e-06 2.75e-06 2.25e-06 2.6e-06 2.65e-06 2.65e-06 2.15e-06 1.95e-06 2.15e-06 3.5e-06 2.4e-06 2.25e-06 2.55e-06 2.45e-06 2.75e-06 2.5e-06 2.3e-06 2.35e-06 2.75e-06 2.4e-06 2.05e-06 2.6e-06
49 1.35e-06 1.15e-06 2.4e-06 9.5e-07 9.5e-07 2.6e-06 1.15e-06 1.95e-06 1.95e-06 2.55e-06 2.05e-06 3.55e-06 4e-06 2.55e-06 9e-07 1.2e-06 2.4e-06 3.9e-06 2e-06 1.25e-06 1.15e-06 1.1e-06 2.5e-06 2.35e-06 2.4e-06 3e-06 2.5e-06 1e-06 2.65e-06 2.45e-06 1e-06 1.25e-06 2.45e-06 9.5e-07 1.15e-06 3.1e-06 2.45e-06 2.3e-06 2.4e-06 2.55e-06 2.5e-06 2.4e-06 2.05e-06 3.95e-06 2.5e-06 9e-07 1.55e-06 9e-07 2.4e-06 1.6e-06 1.05e-06 8.5e-07 1.45e-06 2.65e-06 1.95e-06 1e-06 2.2e-06 2.6e-06 2.35e-06 2.35e-06 2.3e-06
50 1.05e-06 7.5e-07 1.85e-06 5.5e-07 4.5e-07 2.1e-06 1e-06 1.6e-06 1.85e-06 2e-06 1.45e-06 3.1e-06 3.5e-06 2e-06 1.05e-06 8e-07 1.95e-06 3.5e-06 1.65e-06 1.05e-06 7.5e-07 9e-07 2.05e-06 2.2e-06 1.75e-06 2.6e-06 2.2e-06 4.5e-07 2.45e-06 2.1e-06 6e-07 9e-07 1.95e-06 7e-07 5e-07 2.5e-06 1.85e-06 2.05e-06 1.75e-06 2e-06 2e-06 1.85e-06 1.45e-06 3.35e-06 1.75e-06 4e-07 1.2e-06 4.5e-07 2.25e-06 1.05e-06 6e-07 8e-07 8.5e-07 2.15e-06 1.45e-06 7e-07 1.9e-06 2.2e-06 1.8e-06 2e-06 1.8e-06
51 1.05e-06 8.5e-07 2.2e-06 8.5e-07 8e-07 2.3e-06 1.15e-06 1.85e-06 1.75e-06 2.25e-06 1.9e-06 3.5e-06 3.85e-06 2.4e-06 1.15e-06 9.5e-07 2.3e-06 3.8e-06 1.9e-06 1.25e-06 9e-07 1e-06 2.5e-06 2.05e-06 2.15e-06 2.7e-06 2.2e-06 7.5e-07 2.7e-06 2.4e-06 1e-06 1.15e-06 2.25e-06 9.5e-07 8.5e-07 3e-06 2.15e-06 2.3e-06 2.15e-06 2.45e-06 2.5e-06 2.2e-06 1.9e-06 3.75e-06 2.2e-06 7.5e-07 1.45e-06 7e-07 2.55e-06 8.5e-07 8e-07 1e-06 1.15e-06 2.35e-06 1.85e-06 8e-07 2.2e-06 2.4e-06 2e-06 2.35e-06 2.1e-06
52 1.15e-06 1e-06 2.05e-06 1e-06 9.5e-07 2.1e-06 1.3e-06 1.8e-06 2.15e-06 1.85e-06 1.9e-06 3.2e-06 3.4e-06 2.25e-06 1.5e-06 1.1e-06 2.1e-06 3.4e-06 1.85e-06 1.15e-06 1.05e-06 1.2e-06 2.25e-06 2.3e-06 2e-06 2.6e-06 2.3e-06 9.5e-07 2.45e-06 2.25e-06 1e-06 1.2e-06 2.1e-06 1.15e-06 8.5e-07 2.8e-06 2e-06 2.25e-06 2e-06 2.2e-06 2.4e-06 2e-06 1.9e-06 3.25e-06 1.85e-06 9e-07 1.65e-06 9e-07 2.45e-06 1.45e-06 8.5e-07 1.15e-06 1.4e-06 1.9e-06 1.85e-06 1e-06 2.05e-06 2.2e-06 1.9e-06 2.2e-06 1.95e-06
53 2.1e-06 2e-06 2.05e-06 2.2e-06 2.25e-06 1.95e-06 2.4e-06 2.05e-06 2.65e-06 1.4e-06 2.15e-06 2.5e-06 2.75e-06 2.5e-06 2.7e-06 2.1e-06 2.2e-06 2.7e-06 2e-06 1.95e-06 2.15e-06 2.3e-06 2.25e-06 2.55e-06 2.3e-06 2.35e-06 2.55e-06 2.1e-06 2.5e-06 2.6e-06 2.35e-06 2.25e-06 2.05e-06 2.3e-06 2.1e-06 2.35e-06 2.2e-06 2.7e-06 2.3e-06 2.45e-06 2.55e-06 2.35e-06 2.45e-06 2.35e-06 1.95e-06 2.2e-06 2.75e-06 2.05e-06 2.75e-06 2.65e-06 2.15e-06 2.35e-06 1.9e-06 2.7e-06 2.4e-06 2.1e-06 1.95e-06 2.1e-06 2.35e-06 2.5e-06 1.85e-06
54 2e-06 1.75e-06 2.05e-06 1.3e-06 1.35e-06 2.4e-06 1.85e-06 2e-06 1.7e-06 2.25e-06 1.75e-06 2.75e-06 3.25e-06 2.4e-06 1.9e-06 1.75e-06 2.15e-06 3.35e-06 2e-06 1.85e-06 1.7e-06 1.85e-06 2.25e-06 2.6e-06 2.15e-06 2.65e-06 2.6e-06 1.5e-06 2.75e-06 2.35e-06 1.55e-06 1.75e-06 2.3e-06 1.6e-06 1.6e-06 1.6e-06 2.25e-06 2.45e-06 2.15e-06 2.25e-06 1.45e-06 2.1e-06 1.3e-06 3.05e-06 2.15e-06 1.3e-06 1.9e-06 1.35e-06 2.5e-06 1.95e-06 1.45e-06 1.85e-06 1.85e-06 2.4e-06 2.3e-06 1.55e-06 2.1e-06 2.5e-06 2.35e-06 2.25e-06 2e-06
55 6.5e-07 6.5e-07 1.95e-06 6.5e-07 6.5e-07 1.95e-06 8.5e-07 1.7e-06 1.8e-06 2e-06 1.6e-06 3.1e-06 3.55e-06 2.2e-06 9.5e-07 7e-07 2.05e-06 3.5e-06 1.75e-06 1.05e-06 6.5e-07 7.5e-07 2.2e-06 2.15e-06 1.95e-06 2.4e-06 2.2e-06 7e-07 2.55e-06 2.15e-06 8.5e-07 8e-07 2.1e-06 8.5e-07 8e-07 2.55e-06 2e-06 2.05e-06 1.95e-06 2.15e-06 2.15e-06 1.95e-06 1.65e-06 3.45e-06 2e-06 6e-07 1.35e-06 6e-07 2.3e-06 1e-06 7e-07 8e-07 1e-06 2.1e-06 1.55e-06 1e-06 1.95e-06 2.05e-06 1.95e-06 2.1e-06 1.85e-06
56 2.2e-06 2.05e-06 2e-06 1.9e-06 1.9e-06 2.15e-06 2.05e-06 1.9e-06 2.5e-06 1.85e-06 1.9e-06 2.4e-06 2.9e-06 2.4e-06 2e-06 2.1e-06 2.05e-06 2.8e-06 1.85e-06 1.95e-06 2.05e-06 2.05e-06 2e-06 2.65e-06 2.3e-06 2.55e-06 2.65e-06 1.95e-06 2.35e-06 2.4e-06 1.85e-06 2e-06 2.1e-06 1.9e-06 2e-06 2.15e-06 2.35e-06 2.45e-06 2.3e-06 2.3e-06 2.15e-06 2.3e-06 2.2e-06 2.55e-06 2e-06 1.85e-06 2.3e-06 1.85e-06 2.35e-06 2.2e-06 1.9e-06 2.2e-06 2.05e-06 1.95e-06 2.1e-06 1.95e-06 3.5e-06 2.2e-06 2.4e-06 2.25e-06 1.85e-06
57 1.75e-06 2e-06 2.15e-06 2.45e-06 2.4e-06 1.8e-06 2.2e-06 2.1e-06 2.65e-06 2e-06 2.25e-06 2.55e-06 2.9e-06 2.65e-06 2.5e-06 2.1e-06 2.1e-06 2.35e-06 2.15e-06 2.4e-06 2.05e-06 2.15e-06 1.9e-06 2.65e-06 2.5e-06 2.25e-06 2.55e-06 2.35e-06 2.65e-06 2.7e-06 2.3e-06 1.9e-06 2.05e-06 2.45e-06 2.25e-06 2.4e-06 2.5e-06 2.75e-06 2.5e-06 2.4e-06 2.4e-06 2.55e-06 2.55e-06 2.25e-06 1.95e-06 2.35e-06 2.75e-06 2.3e-06 2.75e-06 2.6e-06 2.2e-06 2.4e-06 2.2e-06 2.1e-06 2.5e-06 2.05e-06 2.2e-06 3.4e-06 2.6e-06 2.6e-06 2.2e-06
58 2.2e-06 1.95e-06 2.35e-06 1.85e-06 1.8e-06 2.5e-06 2.25e-06 2.05e-06 2.7e-06 2.2e-06 2.3e-06 2.7e-06 2.4e-06 2.2e-06 2.4e-06 2.05e-06 2.4e-06 3e-06 2.1e-06 2.1e-06 2e-06 2.15e-06 2.6e-06 2.25e-06 1.9e-06 2.45e-06 2.3e-06 1.8e-06 2.3e-06 2.2e-06 2e-06 2.2e-06 2.4e-06 2e-06 1.85e-06 2.85e-06 1.9e-06 2.4e-06 1.9e-06 2.15e-06 2.9e-06 1.95e-06 2.4e-06 2.65e-06 2.3e-06 1.75e-06 2.1e-06 1.75e-06 2.4e-06 2.35e-06 1.8e-06 2e-06 1.9e-06 2.35e-06 2.35e-06 1.95e-06 2.4e-06 2.6e-06 3.1e-06 2.15e-06 2.3e-06
59 2.4e-06 2.2e-06 2.4e-06 2e-06 2e-06 2.6e-06 2.2e-06 2.15e-06 2.7e-06 2.35e-06 2.3e-06 2.4e-06 2.2e-06 2.15e-06 2.15e-06 2.25e-06 2.4e-06 2.75e-06 2.15e-06 2.1e-06 2.2e-06 2.2e-06 2.4e-06 2.4e-06 2e-06 2.5e-06 2.4e-06 2.05e-06 2.05e-06 2.1e-06 1.95e-06 2.2e-06 2.45e-06 2e-06 2.1e-06 2.6e-06 2.05e-06 2.2e-06 2e-06 2.05e-06 2.55e-06 1.9e-06 2.35e-06 2.5e-06 2.4e-06 1.95e-06 2e-06 1.95e-06 2.05e-06 2.35e-06 2e-06 2.35e-06 2.2e-06 2.5e-06 2.25e-06 2.1e-06 2.25e-06 2.6e-06 2.15e-06 3.7e-06 2.35e-06
60 2.1e-06 1.95e-06 1.85e-06 1.8e-06 1.8e-06 2.05e-06 2.15e-06 1.95e-06 2.4e-06 1.75e-06 1.8e-06 2.45e-06 2.95e-06 2.4e-06 2.3e-06 2e-06 2.05e-06 2.9e-06 1.9e-06 2.05e-06 1.95e-06 2.1e-06 2.1e-06 2.55e-06 2.2e-06 2.45e-06 2.55e-06 1.85e-06 2.6e-06 2.45e-06 1.95e-06 2e-06 2.1e-06 2e-06 1.9e-06 2.05e-06 2.25e-06 2.55e-06 2.2e-06 2.3e-06 2.15e-06 2.2e-06 2.1e-06 2.55e-06 1.9e-06 1.75e-06 2.35e-06 1.75e-06 2.6e-06 2.3e-06 1.8e-06 2.1e-06 1.95e-06 1.85e-06 2e-06 1.85e-06 1.85e-06 2.2e-06 2.3e-06 2.35e-06 3.3e-06
