 slim_762094384 slim_762094407 slim_762094430 slim_762094428 slim_762094403 slim_762094397 slim_762094388 slim_762094381 slim_762094409 slim_762094422 slim_762094424 slim_762094417 slim_762094395 slim_762094423 slim_762094440 slim_762094399 slim_762094432 slim_762094386 slim_762094436 slim_762094429 slim_762094441 slim_762094390 slim_762094387 slim_762094408 slim_762094426 slim_762094391 slim_762094438 slim_762094404 slim_762094433 slim_762094435 slim_762094431 slim_762094400 slim_762094385 slim_762094437 slim_762094376 slim_762094412 slim_762094414 slim_762094413 slim_762094418 slim_762094420 slim_762094398 slim_762094425 slim_762094383 slim_762094415 slim_762094389 slim_762094396 slim_762094427 slim_762094439 slim_762094378 slim_762094379 slim_762094434 slim_762094402 slim_762094401 slim_762094392 slim_762094393 slim_762094405 slim_762094410 slim_762094416 slim_762094377 slim_762094380 slim_762094394 slim_762094382 slim_762094419 slim_762094421 slim_762094406 slim_762094411
0 2.3e-06 2.2e-06 3.25e-06 3.1e-06 1.3e-06 1.65e-06 3.15e-06 3.05e-06 3e-06 1.7e-06 2.2e-06 2.15e-06 1.4e-06 2.4e-06 2.8e-06 3e-06 1.3e-06 1.7e-06 3.4e-06 2.1e-06 3.1e-06 1.45e-06 1.95e-06 2.35e-06 1.75e-06 2.4e-06 2.05e-06 1.2e-06 2.35e-06 2.95e-06 2.3e-06 2.75e-06 1.5e-06 3e-06 2.6e-06 1.45e-06 3.2e-06 1.2e-06 1.45e-06 2.15e-06 2.4e-06 2.25e-06 1.5e-06 3.3e-06 2.2e-06 1.15e-06 2.65e-06 2.7e-06 2.65e-06 3.1e-06 2.1e-06 1.15e-06 2.35e-06 1.15e-06 3.5e-06 1.7e-06 1.85e-06 3.2e-06 1.7e-06 2.15e-06 2.3e-06 3.45e-06 2.55e-06 1.5e-06 1.15e-06 1.4e-06
1 2.2e-06 3.1e-06 3.45e-06 3.55e-06 1.85e-06 2.8e-06 3.45e-06 3.5e-06 2.95e-06 1.85e-06 2.3e-06 3.4e-06 1.8e-06 3.45e-06 2.2e-06 2.95e-06 2e-06 2.55e-06 2.8e-06 2.55e-06 3.9e-06 1.9e-06 2.2e-06 2.45e-06 1.75e-06 2.75e-06 2.5e-06 1.65e-06 2.3e-06 3.25e-06 2.65e-06 2.75e-06 2e-06 3.2e-06 3.2e-06 2.3e-06 3.65e-06 2.2e-06 1.7e-06 3.05e-06 3e-06 3.3e-06 2.3e-06 3.9e-06 2.7e-06 2.2e-06 2.4e-06 3.1e-06 3.1e-06 3.55e-06 2.3e-06 1.6e-06 2.4e-06 2.2e-06 3.6e-06 2.05e-06 2.45e-06 4e-06 1.85e-06 3.25e-06 2.4e-06 4.05e-06 2.9e-06 2.4e-06 2.25e-06 1.9e-06
2 3.25e-06 3.45e-06 4.5e-06 2.95e-06 3.25e-06 2.7e-06 2.3e-06 3e-06 3.4e-06 3.4e-06 3.65e-06 2.95e-06 3.1e-06 2.75e-06 2.9e-06 3.4e-06 3.15e-06 2.9e-06 3.35e-06 3.15e-06 2.55e-06 3.2e-06 3e-06 3.45e-06 3.9e-06 3.2e-06 3.2e-06 3.45e-06 3.05e-06 2.25e-06 3.6e-06 3.2e-06 3.45e-06 3.4e-06 2.55e-06 3.45e-06 3.05e-06 3.25e-06 3.6e-06 3.45e-06 2.6e-06 2.7e-06 3.45e-06 2.3e-06 2.85e-06 3.2e-06 3.15e-06 2.8e-06 2.6e-06 2.85e-06 2.8e-06 3.4e-06 2.95e-06 3.25e-06 2.95e-06 3.05e-06 2.95e-06 2.65e-06 3.4e-06 2.65e-06 2.9e-06 2.35e-06 3.05e-06 3e-06 3.2e-06 3.3e-06
3 3.1e-06 3.55e-06 2.95e-06 3.4e-06 2.9e-06 2.7e-06 2.15e-06 1.8e-06 3.5e-06 3.25e-06 3.6e-06 2.5e-06 2.95e-06 2.4e-06 3.5e-06 3.5e-06 3e-06 2.65e-06 3.7e-06 2.9e-06 1.9e-06 3.05e-06 2.85e-06 3.2e-06 3.7e-06 2.75e-06 2.2e-06 3.3e-06 3.1e-06 2.25e-06 2.75e-06 2.8e-06 3.2e-06 3.15e-06 2.05e-06 3.25e-06 2.5e-06 3.1e-06 3.4e-06 3.15e-06 2.2e-06 2.35e-06 3.25e-06 1.7e-06 2.5e-06 3.05e-06 2.5e-06 2.35e-06 2.45e-06 2.4e-06 2.85e-06 3.25e-06 3.2e-06 3.1e-06 2.6e-06 2.7e-06 2.4e-06 2e-06 3.25e-06 2.3e-06 3e-06 1.75e-06 2.65e-06 2.85e-06 2.95e-06 3.25e-06
4 1.3e-06 1.85e-06 3.25e-06 2.9e-06 1.2e-06 2.3e-06 3.3e-06 2.85e-06 2.7e-06 1.3e-06 1.85e-06 2.75e-06 1e-06 2.85e-06 2.75e-06 2.7e-06 1.15e-06 2.1e-06 3.05e-06 1.7e-06 3.4e-06 1.05e-06 1.9e-06 1.8e-06 1.3e-06 1.85e-06 1.7e-06 6.5e-07 2.15e-06 3.1e-06 1.8e-06 2.5e-06 1.25e-06 2.85e-06 2.8e-06 1.7e-06 2.95e-06 1.35e-06 1e-06 2.2e-06 2.4e-06 2.7e-06 1.7e-06 3.45e-06 2e-06 1.35e-06 2.3e-06 2.55e-06 2.6e-06 3.2e-06 1.9e-06 6e-07 2.3e-06 1.3e-06 3.3e-06 1.4e-06 1.45e-06 3.5e-06 1.3e-06 2.65e-06 2.1e-06 3.6e-06 2.45e-06 1.75e-06 1.3e-06 1.15e-06
5 1.65e-06 2.8e-06 2.7e-06 2.7e-06 2.3e-06 1.4e-06 2.15e-06 2.7e-06 2.95e-06 2.6e-06 3.05e-06 1.55e-06 2.3e-06 1.65e-06 2.5e-06 2.95e-06 1.9e-06 1.25e-06 3.25e-06 2.5e-06 2.15e-06 2.4e-06 2e-06 2.85e-06 3.05e-06 2.55e-06 2.4e-06 2.6e-06 2.55e-06 1.95e-06 3.1e-06 2.7e-06 2.25e-06 3.1e-06 1.75e-06 1.85e-06 2.8e-06 1.65e-06 2.75e-06 2.15e-06 2e-06 1.55e-06 1.95e-06 2.2e-06 2.35e-06 1.55e-06 2.75e-06 2.5e-06 2.35e-06 2.35e-06 2.3e-06 2.55e-06 2.3e-06 1.65e-06 2.85e-06 2.05e-06 2.1e-06 2.25e-06 2.6e-06 1.4e-06 2.5e-06 2.3e-06 2.6e-06 1.55e-06 1.5e-06 2.3e-06
6 3.15e-06 3.45e-06 2.3e-06 2.15e-06 3.3e-06 2.15e-06 1.6e-06 2.1e-06 3.75e-06 3.45e-06 3.9e-06 2.1e-06 3.15e-06 1.95e-06 3e-06 3.75e-06 3.15e-06 2.75e-06 3.6e-06 3.35e-06 1.1e-06 3.25e-06 2.95e-06 3.6e-06 4e-06 3.25e-06 3.2e-06 3.5e-06 2.35e-06 9.5e-07 3.65e-06 3.15e-06 3.55e-06 2.9e-06 1.55e-06 3.4e-06 2.6e-06 3.15e-06 3.7e-06 3.55e-06 2.05e-06 1.85e-06 3.4e-06 9e-07 2.1e-06 3.1e-06 3e-06 1.75e-06 2.05e-06 2.15e-06 2.1e-06 3.45e-06 3.1e-06 3.15e-06 2.4e-06 3.05e-06 3.05e-06 1.15e-06 3.45e-06 1.8e-06 2.3e-06 1e-06 2.45e-06 2.9e-06 3.1e-06 3.3e-06
7 3.05e-06 3.5e-06 3e-06 1.8e-06 2.85e-06 2.7e-06 2.1e-06 3.3e-06 3.45e-06 3.2e-06 3.55e-06 2.45e-06 2.9e-06 2.45e-06 3.45e-06 3.45e-06 2.95e-06 2.6e-06 3.65e-06 2.85e-06 1.85e-06 3e-06 2.8e-06 3.15e-06 3.65e-06 2.7e-06 2.15e-06 3.25e-06 3.1e-06 2.25e-06 2.7e-06 2.75e-06 3.15e-06 3.1e-06 2e-06 3.2e-06 2.6e-06 3.05e-06 3.35e-06 3.1e-06 2.3e-06 2.3e-06 3.2e-06 1.8e-06 2.4e-06 3e-06 2.45e-06 2.45e-06 2.4e-06 2.45e-06 2.85e-06 3.2e-06 3.15e-06 3.05e-06 2.65e-06 2.65e-06 2.35e-06 1.9e-06 3.2e-06 2.25e-06 3e-06 1.95e-06 2.7e-06 2.8e-06 2.9e-06 3.2e-06
8 3e-06 2.95e-06 3.4e-06 3.5e-06 2.7e-06 2.95e-06 3.75e-06 3.45e-06 2.4e-06 3.05e-06 2.45e-06 3.45e-06 2.75e-06 3.5e-06 1.6e-06 1.2e-06 2.8e-06 2.65e-06 1.5e-06 2.2e-06 3.85e-06 2.85e-06 2.7e-06 2.2e-06 3.25e-06 2.1e-06 2.65e-06 3.1e-06 3.6e-06 3.55e-06 2.7e-06 2.15e-06 2.75e-06 3.1e-06 3.3e-06 2.9e-06 2.6e-06 3e-06 2.95e-06 2.1e-06 3.15e-06 3.35e-06 2.9e-06 3.85e-06 3.4e-06 2.95e-06 2.5e-06 3.75e-06 2.75e-06 2.95e-06 3.35e-06 3.05e-06 1.85e-06 3e-06 2.75e-06 2.65e-06 2.1e-06 3.95e-06 3.05e-06 3.3e-06 3.4e-06 4e-06 3.4e-06 2.75e-06 2.9e-06 3e-06
9 1.7e-06 1.85e-06 3.4e-06 3.25e-06 1.3e-06 2.6e-06 3.45e-06 3.2e-06 3.05e-06 2e-06 1.65e-06 3e-06 1e-06 3.1e-06 2.9e-06 3.05e-06 1.5e-06 2.4e-06 3.3e-06 1.75e-06 3.6e-06 1.2e-06 2.1e-06 2.3e-06 1.35e-06 2.25e-06 2.15e-06 1.1e-06 2.15e-06 3.25e-06 2.2e-06 2.75e-06 1.6e-06 2.95e-06 3.05e-06 1.95e-06 3.3e-06 1.7e-06 1.3e-06 2.6e-06 2.7e-06 2.95e-06 1.95e-06 3.65e-06 2.3e-06 1.7e-06 2.6e-06 2.8e-06 2.65e-06 3.45e-06 2.15e-06 1.05e-06 2.3e-06 1.7e-06 3.6e-06 1.85e-06 1.8e-06 3.7e-06 1.1e-06 2.9e-06 2.35e-06 3.8e-06 2.65e-06 1.75e-06 1.75e-06 1.45e-06
10 2.2e-06 2.3e-06 3.65e-06 3.6e-06 1.85e-06 3.05e-06 3.9e-06 3.55e-06 2.45e-06 1.65e-06 2.9e-06 3.45e-06 1.5e-06 3.55e-06 2.75e-06 2.45e-06 2e-06 2.8e-06 2.85e-06 1.95e-06 4.05e-06 1.7e-06 2.5e-06 2.35e-06 1.8e-06 2.4e-06 2.45e-06 1.65e-06 2.75e-06 3.7e-06 2.25e-06 2.85e-06 1.95e-06 2.75e-06 3.5e-06 2.25e-06 3.15e-06 2.2e-06 1.65e-06 2.45e-06 3.1e-06 3.4e-06 2.25e-06 4.1e-06 2.8e-06 2.2e-06 2.8e-06 3.25e-06 2.8e-06 3.55e-06 2.65e-06 1.6e-06 2.3e-06 2.2e-06 3.6e-06 2.3e-06 2.05e-06 4.15e-06 1.75e-06 3.35e-06 2.8e-06 4.25e-06 2.95e-06 2.25e-06 2.25e-06 1.95e-06
11 2.15e-06 3.4e-06 2.95e-06 2.5e-06 2.75e-06 1.55e-06 2.1e-06 2.45e-06 3.45e-06 3e-06 3.45e-06 2.3e-06 2.7e-06 1.65e-06 3.25e-06 3.45e-06 2.45e-06 1.85e-06 3.8e-06 2.8e-06 1.4e-06 2.8e-06 2.6e-06 3.25e-06 3.45e-06 2.8e-06 2.65e-06 3.05e-06 2.95e-06 2.05e-06 3.3e-06 3.05e-06 2.8e-06 3.1e-06 1.8e-06 2.3e-06 2.75e-06 2.15e-06 3.15e-06 2.45e-06 2.1e-06 1.5e-06 2.3e-06 1.8e-06 2.35e-06 2.05e-06 3.1e-06 2.4e-06 2.3e-06 2.4e-06 2.7e-06 3e-06 2.85e-06 2.15e-06 2.85e-06 2.6e-06 2.3e-06 1.5e-06 3e-06 1.45e-06 2.9e-06 1.95e-06 2.6e-06 1.9e-06 2e-06 2.8e-06
12 1.4e-06 1.8e-06 3.1e-06 2.95e-06 1e-06 2.3e-06 3.15e-06 2.9e-06 2.75e-06 1e-06 1.5e-06 2.7e-06 1.4e-06 2.8e-06 2.6e-06 2.75e-06 1.2e-06 2.1e-06 3e-06 1.5e-06 3.3e-06 9e-07 1.85e-06 2e-06 1.35e-06 1.95e-06 1.85e-06 8e-07 2.1e-06 2.95e-06 1.9e-06 2.55e-06 1.35e-06 2.8e-06 2.75e-06 1.7e-06 3e-06 1.4e-06 1.05e-06 2.3e-06 2.4e-06 2.65e-06 1.7e-06 3.35e-06 2e-06 1.4e-06 2.3e-06 2.5e-06 2.35e-06 3.15e-06 1.85e-06 7.5e-07 2e-06 1.4e-06 3.3e-06 1.55e-06 1.5e-06 3.4e-06 1.1e-06 2.6e-06 2.05e-06 3.5e-06 2.4e-06 1.5e-06 1.45e-06 1.15e-06
13 2.4e-06 3.45e-06 2.75e-06 2.4e-06 2.85e-06 1.65e-06 1.95e-06 2.45e-06 3.5e-06 3.1e-06 3.55e-06 1.65e-06 2.8e-06 3.1e-06 3.25e-06 3.5e-06 2.55e-06 2.05e-06 3.8e-06 2.9e-06 1.6e-06 2.9e-06 2.65e-06 3.3e-06 3.6e-06 2.9e-06 2.75e-06 3.15e-06 2.9e-06 1.9e-06 3.4e-06 3.1e-06 2.95e-06 3.1e-06 1.8e-06 2.6e-06 2.65e-06 2.4e-06 3.3e-06 2.65e-06 2e-06 1.6e-06 2.6e-06 1.6e-06 2.35e-06 2.3e-06 3.15e-06 2.3e-06 2.3e-06 2.35e-06 2.65e-06 3.1e-06 2.9e-06 2.4e-06 2.65e-06 2.65e-06 2.4e-06 1.7e-06 3.1e-06 1.6e-06 2.85e-06 1.6e-06 2.55e-06 2.1e-06 2.25e-06 2.9e-06
14 2.8e-06 2.2e-06 2.9e-06 3.5e-06 2.75e-06 2.5e-06 3e-06 3.45e-06 1.6e-06 2.9e-06 2.75e-06 3.25e-06 2.6e-06 3.25e-06 1e-06 1.6e-06 2.6e-06 2.2e-06 1.15e-06 2.65e-06 3.6e-06 2.7e-06 2.15e-06 2.3e-06 3.1e-06 2.55e-06 2.7e-06 2.9e-06 2.9e-06 2.8e-06 3.05e-06 1.95e-06 2.65e-06 3.3e-06 2.85e-06 2.75e-06 3.2e-06 2.8e-06 2.8e-06 2.75e-06 2.9e-06 3.1e-06 2.75e-06 3.55e-06 3.15e-06 2.75e-06 1.9e-06 3.4e-06 2.8e-06 2.75e-06 2.65e-06 2.85e-06 1.45e-06 2.8e-06 2.7e-06 2.3e-06 2.6e-06 3.7e-06 2.9e-06 3.05e-06 2.65e-06 3.7e-06 3.2e-06 2.6e-06 2.8e-06 2.7e-06
15 3e-06 2.95e-06 3.4e-06 3.5e-06 2.7e-06 2.95e-06 3.75e-06 3.45e-06 1.2e-06 3.05e-06 2.45e-06 3.45e-06 2.75e-06 3.5e-06 1.6e-06 2.4e-06 2.8e-06 2.65e-06 1.5e-06 2.2e-06 3.85e-06 2.85e-06 2.7e-06 2.2e-06 3.25e-06 2.1e-06 2.65e-06 3.1e-06 3.6e-06 3.55e-06 2.7e-06 2.15e-06 2.75e-06 3.1e-06 3.3e-06 2.9e-06 2.6e-06 3e-06 2.95e-06 2.1e-06 3.15e-06 3.35e-06 2.9e-06 3.85e-06 3.4e-06 2.95e-06 2.5e-06 3.75e-06 2.75e-06 2.95e-06 3.35e-06 3.05e-06 1.85e-06 3e-06 2.75e-06 2.65e-06 2.1e-06 3.95e-06 3.05e-06 3.3e-06 3.4e-06 4e-06 3.4e-06 2.75e-06 2.9e-06 3e-06
16 1.3e-06 2e-06 3.15e-06 3e-06 1.15e-06 1.9e-06 3.15e-06 2.95e-06 2.8e-06 1.5e-06 2e-06 2.45e-06 1.2e-06 2.55e-06 2.6e-06 2.8e-06 1.9e-06 1.8e-06 3.2e-06 1.9e-06 3.25e-06 1.3e-06 1.6e-06 2.15e-06 1.6e-06 2.2e-06 1.85e-06 1.05e-06 2.25e-06 2.95e-06 2.1e-06 2.55e-06 1.4e-06 2.9e-06 2.65e-06 1.6e-06 3.1e-06 1.3e-06 1.3e-06 2.2e-06 2.3e-06 2.4e-06 1.6e-06 3.3e-06 2.1e-06 1.25e-06 2.45e-06 2.6e-06 2.55e-06 3.05e-06 2e-06 1e-06 2.15e-06 1.3e-06 3.4e-06 1.5e-06 1.65e-06 3.35e-06 1.5e-06 2.35e-06 2.2e-06 3.45e-06 2.5e-06 1.55e-06 1.25e-06 1.05e-06
17 1.7e-06 2.55e-06 2.9e-06 2.65e-06 2.1e-06 1.25e-06 2.75e-06 2.6e-06 2.65e-06 2.4e-06 2.8e-06 1.85e-06 2.1e-06 2.05e-06 2.2e-06 2.65e-06 1.8e-06 2e-06 2.9e-06 2.3e-06 2.6e-06 2.2e-06 1.6e-06 2.55e-06 2.8e-06 2.35e-06 1.85e-06 2.4e-06 2.8e-06 2.55e-06 2.65e-06 2.3e-06 2.05e-06 3.2e-06 1.85e-06 1.85e-06 2.95e-06 1.7e-06 2.5e-06 2.1e-06 2.1e-06 1.9e-06 1.9e-06 2.75e-06 2.5e-06 1.6e-06 2.25e-06 2.85e-06 2.5e-06 2.35e-06 2.55e-06 2.35e-06 2.05e-06 1.7e-06 2.95e-06 1.55e-06 1.85e-06 2.7e-06 2.4e-06 1.8e-06 2.65e-06 2.9e-06 2.75e-06 1.55e-06 1.55e-06 2.2e-06
18 3.4e-06 2.8e-06 3.35e-06 3.7e-06 3.05e-06 3.25e-06 3.6e-06 3.65e-06 1.5e-06 3.3e-06 2.85e-06 3.8e-06 3e-06 3.8e-06 1.15e-06 1.5e-06 3.2e-06 2.9e-06 1.5e-06 2.4e-06 3.95e-06 3.1e-06 2.8e-06 2e-06 3.55e-06 1.95e-06 3.05e-06 3.35e-06 3.55e-06 3.4e-06 3e-06 2.2e-06 3.2e-06 3.4e-06 3.3e-06 3.35e-06 3.05e-06 3.4e-06 3.25e-06 2.8e-06 3.4e-06 3.65e-06 3.35e-06 3.9e-06 3.55e-06 3.4e-06 2.35e-06 3.8e-06 2.85e-06 2.9e-06 3.3e-06 3.3e-06 1.9e-06 3.4e-06 2.4e-06 2.8e-06 2.75e-06 4.05e-06 3.3e-06 3.6e-06 3.3e-06 4.05e-06 3.6e-06 3.15e-06 3.35e-06 3.3e-06
19 2.1e-06 2.55e-06 3.15e-06 2.9e-06 1.7e-06 2.5e-06 3.35e-06 2.85e-06 2.2e-06 1.75e-06 1.95e-06 2.8e-06 1.5e-06 2.9e-06 2.65e-06 2.2e-06 1.9e-06 2.3e-06 2.4e-06 1.8e-06 3.3e-06 1.5e-06 2.25e-06 2e-06 2.45e-06 1.2e-06 2.05e-06 2e-06 2.85e-06 3.15e-06 2.05e-06 2.3e-06 2.15e-06 3.05e-06 2.85e-06 2.35e-06 2.6e-06 2.1e-06 2.2e-06 2e-06 2.65e-06 2.75e-06 2.35e-06 3.35e-06 2.6e-06 2.1e-06 2.45e-06 3.05e-06 2.1e-06 2.95e-06 2.65e-06 1.95e-06 2e-06 2.1e-06 2.8e-06 2.15e-06 1.35e-06 3.4e-06 1.65e-06 2.7e-06 2.85e-06 3.5e-06 2.95e-06 1.55e-06 2.05e-06 2.05e-06
20 3.1e-06 3.9e-06 2.55e-06 1.9e-06 3.4e-06 2.15e-06 1.1e-06 1.85e-06 3.85e-06 3.6e-06 4.05e-06 1.4e-06 3.3e-06 1.6e-06 3.6e-06 3.85e-06 3.25e-06 2.6e-06 3.95e-06 3.3e-06 6e-07 3.4e-06 3.15e-06 3.55e-06 4.15e-06 3.05e-06 3.1e-06 3.7e-06 2.95e-06 1.2e-06 3.7e-06 3.3e-06 3.55e-06 2.75e-06 1.3e-06 3.3e-06 2.3e-06 3.1e-06 3.85e-06 3.3e-06 1.8e-06 1.45e-06 3.3e-06 4.5e-07 2e-06 3e-06 3.35e-06 1.65e-06 1.9e-06 1.9e-06 2.7e-06 3.65e-06 3.3e-06 3.1e-06 2.15e-06 3.05e-06 2.7e-06 4e-07 3.6e-06 1.4e-06 2.9e-06 6e-07 2.3e-06 2.8e-06 2.95e-06 3.55e-06
21 1.45e-06 1.9e-06 3.2e-06 3.05e-06 1.05e-06 2.4e-06 3.25e-06 3e-06 2.85e-06 1.2e-06 1.7e-06 2.8e-06 9e-07 2.9e-06 2.7e-06 2.85e-06 1.3e-06 2.2e-06 3.1e-06 1.5e-06 3.4e-06 1.6e-06 1.95e-06 2.1e-06 1.45e-06 2.05e-06 1.95e-06 8.5e-07 2.2e-06 3.05e-06 2e-06 2.65e-06 1.45e-06 2.9e-06 2.85e-06 1.8e-06 3.1e-06 1.5e-06 1.15e-06 2.4e-06 2.5e-06 2.75e-06 1.8e-06 3.45e-06 2.1e-06 1.5e-06 2.4e-06 2.6e-06 2.45e-06 3.25e-06 1.95e-06 8e-07 2.15e-06 1.45e-06 3.4e-06 1.65e-06 1.55e-06 3.5e-06 1.1e-06 2.7e-06 2.15e-06 3.6e-06 2.5e-06 1.5e-06 1.55e-06 1.25e-06
22 1.95e-06 2.2e-06 3e-06 2.85e-06 1.9e-06 2e-06 2.95e-06 2.8e-06 2.7e-06 2.1e-06 2.5e-06 2.6e-06 1.85e-06 2.65e-06 2.15e-06 2.7e-06 1.6e-06 1.6e-06 2.8e-06 2.25e-06 3.15e-06 1.95e-06 2.6e-06 2.45e-06 2.4e-06 2.35e-06 2e-06 2e-06 2.55e-06 2.75e-06 2.45e-06 2.35e-06 2.1e-06 3.15e-06 2.3e-06 2.15e-06 3.15e-06 1.95e-06 2.15e-06 2.5e-06 2.45e-06 2.5e-06 2.15e-06 3.15e-06 2.5e-06 1.9e-06 2.15e-06 2.85e-06 2.65e-06 2.7e-06 2.35e-06 1.95e-06 2.1e-06 1.95e-06 3.15e-06 1.6e-06 1.95e-06 3.25e-06 2.1e-06 2.45e-06 2.45e-06 3.3e-06 2.8e-06 1.9e-06 1.9e-06 1.65e-06
23 2.35e-06 2.45e-06 3.45e-06 3.2e-06 1.8e-06 2.85e-06 3.6e-06 3.15e-06 2.2e-06 2.3e-06 2.35e-06 3.25e-06 2e-06 3.3e-06 2.3e-06 2.2e-06 2.15e-06 2.55e-06 2e-06 2e-06 3.55e-06 2.1e-06 2.45e-06 3.2e-06 2.3e-06 1.65e-06 2.3e-06 1.9e-06 3e-06 3.4e-06 2.3e-06 2.45e-06 2.15e-06 3e-06 3e-06 2.5e-06 2.9e-06 2.35e-06 2e-06 2.5e-06 2.8e-06 3.15e-06 2.5e-06 3.55e-06 2.65e-06 2.35e-06 2.5e-06 3.05e-06 2.75e-06 3e-06 2.75e-06 1.85e-06 2.3e-06 2.35e-06 2.65e-06 1.95e-06 2e-06 3.65e-06 2.3e-06 3.1e-06 2.85e-06 3.7e-06 2.9e-06 2.55e-06 2.2e-06 2.25e-06
24 1.75e-06 1.75e-06 3.9e-06 3.7e-06 1.3e-06 3.05e-06 4e-06 3.65e-06 3.25e-06 1.35e-06 1.8e-06 3.45e-06 1.35e-06 3.6e-06 3.1e-06 3.25e-06 1.6e-06 2.8e-06 3.55e-06 2.45e-06 4.15e-06 1.45e-06 2.4e-06 2.3e-06 1.2e-06 2.85e-06 2.35e-06 8e-07 2.2e-06 3.8e-06 2.2e-06 3.05e-06 1.2e-06 2.9e-06 3.55e-06 1.65e-06 3.7e-06 1.75e-06 6.5e-07 2.9e-06 3.05e-06 3.45e-06 1.6e-06 4.25e-06 2.45e-06 1.75e-06 2.85e-06 2.95e-06 3.3e-06 3.9e-06 2.25e-06 7.5e-07 2.8e-06 1.75e-06 4.05e-06 1.9e-06 2.25e-06 4.25e-06 1.35e-06 3.4e-06 2.4e-06 4.4e-06 2.45e-06 2.35e-06 1.8e-06 1.4e-06
25 2.4e-06 2.75e-06 3.2e-06 2.75e-06 1.85e-06 2.55e-06 3.25e-06 2.7e-06 2.1e-06 2.25e-06 2.4e-06 2.8e-06 1.95e-06 2.9e-06 2.55e-06 2.1e-06 2.2e-06 2.35e-06 1.95e-06 1.2e-06 3.05e-06 2.05e-06 2.35e-06 1.65e-06 2.85e-06 1.3e-06 2.15e-06 2.35e-06 3.1e-06 3.05e-06 2.2e-06 2.25e-06 2.45e-06 3.1e-06 2.65e-06 2.65e-06 2.45e-06 2.4e-06 2.55e-06 2.1e-06 2.65e-06 2.75e-06 2.65e-06 3.1e-06 2.65e-06 2.4e-06 2.4e-06 3e-06 2.2e-06 2.75e-06 2.85e-06 2.3e-06 2.15e-06 2.4e-06 2.25e-06 2.15e-06 1.45e-06 3.15e-06 2.25e-06 2.7e-06 3.05e-06 3.25e-06 3e-06 2.1e-06 2.25e-06 2.4e-06
26 2.05e-06 2.5e-06 3.2e-06 2.2e-06 1.7e-06 2.4e-06 3.2e-06 2.15e-06 2.65e-06 2.15e-06 2.45e-06 2.65e-06 1.85e-06 2.75e-06 2.7e-06 2.65e-06 1.85e-06 1.85e-06 3.05e-06 2.05e-06 3.1e-06 1.95e-06 2e-06 2.3e-06 2.35e-06 2.15e-06 2.2e-06 2e-06 2.85e-06 3.15e-06 1.8e-06 2.15e-06 1.85e-06 3.1e-06 2.55e-06 2.15e-06 2.85e-06 2.05e-06 2.05e-06 2.3e-06 2.2e-06 2.6e-06 2.15e-06 3.15e-06 2.5e-06 2e-06 1.8e-06 2.9e-06 2.65e-06 2.9e-06 2.6e-06 1.95e-06 2.35e-06 2.05e-06 3.1e-06 1.65e-06 1.6e-06 3.2e-06 2.15e-06 2.55e-06 2.65e-06 3.3e-06 2.7e-06 2e-06 1.9e-06 2.15e-06
27 1.2e-06 1.65e-06 3.45e-06 3.3e-06 6.5e-07 2.6e-06 3.5e-06 3.25e-06 3.1e-06 1.1e-06 1.65e-06 3.05e-06 8e-07 3.15e-06 2.9e-06 3.1e-06 1.05e-06 2.4e-06 3.35e-06 2e-06 3.7e-06 8.5e-07 2e-06 1.9e-06 8e-07 2.35e-06 2e-06 2e-07 1.95e-06 3.3e-06 1.8e-06 2.85e-06 1.1e-06 2.75e-06 3.1e-06 1.6e-06 3.4e-06 1.25e-06 5e-07 2.65e-06 2.6e-06 3e-06 1.6e-06 3.75e-06 1.9e-06 1.25e-06 2.6e-06 2.45e-06 2.8e-06 3.5e-06 1.7e-06 1e-07 2.45e-06 1.2e-06 3.7e-06 1.4e-06 1.9e-06 3.8e-06 1.1e-06 2.95e-06 1.9e-06 3.9e-06 2.35e-06 1.95e-06 1.3e-06 8.5e-07
28 2.35e-06 2.3e-06 3.05e-06 3.1e-06 2.15e-06 2.55e-06 2.35e-06 3.1e-06 3.6e-06 2.15e-06 2.75e-06 2.95e-06 2.1e-06 2.9e-06 2.9e-06 3.6e-06 2.25e-06 2.8e-06 3.55e-06 2.85e-06 2.95e-06 2.2e-06 2.55e-06 3e-06 2.2e-06 3.1e-06 2.85e-06 1.95e-06 3.7e-06 2.3e-06 2.9e-06 3.05e-06 2.45e-06 3e-06 2.7e-06 2.6e-06 3.4e-06 2.35e-06 2.15e-06 3.35e-06 2.7e-06 2.8e-06 2.6e-06 2.85e-06 2.35e-06 2.35e-06 2.85e-06 2.4e-06 2.75e-06 3.2e-06 1.85e-06 1.9e-06 2.9e-06 2.35e-06 3.45e-06 2.45e-06 2.85e-06 3.05e-06 2.15e-06 2.75e-06 2.05e-06 2.95e-06 2.65e-06 2.55e-06 2.4e-06 2.15e-06
29 2.95e-06 3.25e-06 2.25e-06 2.25e-06 3.1e-06 1.95e-06 9.5e-07 2.25e-06 3.55e-06 3.25e-06 3.7e-06 2.05e-06 2.95e-06 1.9e-06 2.8e-06 3.55e-06 2.95e-06 2.55e-06 3.4e-06 3.15e-06 1.2e-06 3.05e-06 2.75e-06 3.4e-06 3.8e-06 3.05e-06 3.15e-06 3.3e-06 2.3e-06 1.8e-06 3.6e-06 3.1e-06 3.35e-06 2.85e-06 1.5e-06 3.2e-06 2.55e-06 2.95e-06 3.5e-06 3.35e-06 2e-06 1.8e-06 3.2e-06 1e-06 2.1e-06 2.9e-06 2.95e-06 1.7e-06 2e-06 2.1e-06 2.05e-06 3.25e-06 2.9e-06 2.95e-06 2.35e-06 2.85e-06 2.85e-06 1.3e-06 3.25e-06 1.75e-06 2.25e-06 1.1e-06 2.4e-06 2.7e-06 2.9e-06 3.1e-06
30 2.3e-06 2.65e-06 3.6e-06 2.75e-06 1.8e-06 3.1e-06 3.65e-06 2.7e-06 2.7e-06 2.2e-06 2.25e-06 3.3e-06 1.9e-06 3.4e-06 3.05e-06 2.7e-06 2.1e-06 2.65e-06 3e-06 2.05e-06 3.7e-06 2e-06 2.45e-06 2.3e-06 2.2e-06 2.2e-06 1.8e-06 1.8e-06 2.9e-06 3.6e-06 3.2e-06 2.45e-06 2.15e-06 3.05e-06 3.15e-06 2.45e-06 3.1e-06 2.3e-06 1.9e-06 2.6e-06 2.95e-06 3.25e-06 2.45e-06 3.75e-06 2.7e-06 2.3e-06 2.3e-06 3.1e-06 2.75e-06 3.2e-06 2.65e-06 1.75e-06 2.65e-06 2.3e-06 3.4e-06 2.1e-06 2.15e-06 3.8e-06 2.2e-06 3.2e-06 2.8e-06 3.9e-06 2.95e-06 2.5e-06 2.25e-06 2.1e-06
31 2.75e-06 2.75e-06 3.2e-06 2.8e-06 2.5e-06 2.7e-06 3.15e-06 2.75e-06 2.15e-06 2.75e-06 2.85e-06 3.05e-06 2.55e-06 3.1e-06 1.95e-06 2.15e-06 2.55e-06 2.3e-06 2.2e-06 2.3e-06 3.3e-06 2.65e-06 2.35e-06 2.45e-06 3.05e-06 2.25e-06 2.15e-06 2.85e-06 3.05e-06 3.1e-06 2.45e-06 3.7e-06 2.65e-06 3.3e-06 2.75e-06 2.8e-06 2.95e-06 2.75e-06 2.85e-06 2.6e-06 2.8e-06 2.95e-06 2.8e-06 3.3e-06 3e-06 2.7e-06 2.1e-06 3.3e-06 2.7e-06 2.75e-06 2.9e-06 2.8e-06 2.1e-06 2.75e-06 2.85e-06 2.3e-06 2.25e-06 3.4e-06 2.75e-06 2.9e-06 3e-06 3.45e-06 3.15e-06 2.5e-06 2.65e-06 2.75e-06
32 1.5e-06 2e-06 3.45e-06 3.2e-06 1.25e-06 2.25e-06 3.55e-06 3.15e-06 2.75e-06 1.6e-06 1.95e-06 2.8e-06 1.35e-06 2.95e-06 2.65e-06 2.75e-06 1.4e-06 2.05e-06 3.2e-06 2.15e-06 3.55e-06 1.45e-06 2.1e-06 2.15e-06 1.2e-06 2.45e-06 1.85e-06 1.1e-06 2.45e-06 3.35e-06 2.15e-06 2.65e-06 2e-06 2.9e-06 2.95e-06 1.45e-06 3.2e-06 1.5e-06 1e-06 2.35e-06 2.45e-06 2.8e-06 1.45e-06 3.65e-06 2.3e-06 1.45e-06 2.5e-06 2.8e-06 2.85e-06 3.3e-06 2.25e-06 1.05e-06 2.3e-06 1.5e-06 3.55e-06 1.6e-06 1.75e-06 3.65e-06 1.6e-06 2.7e-06 2.4e-06 3.8e-06 2.35e-06 1.9e-06 1.45e-06 1.5e-06
33 3e-06 3.2e-06 3.4e-06 3.15e-06 2.85e-06 3.1e-06 2.9e-06 3.1e-06 3.1e-06 2.95e-06 2.75e-06 3.1e-06 2.8e-06 3.1e-06 3.3e-06 3.1e-06 2.9e-06 3.2e-06 3.4e-06 3.05e-06 2.75e-06 2.9e-06 3.15e-06 3e-06 2.9e-06 3.1e-06 3.1e-06 2.75e-06 3e-06 2.85e-06 3.05e-06 3.3e-06 2.9e-06 5.1e-06 2.85e-06 3.05e-06 2.9e-06 3e-06 2.75e-06 3.15e-06 2.8e-06 2.9e-06 3.05e-06 2.7e-06 2.65e-06 2.95e-06 3.4e-06 2.7e-06 2.7e-06 3e-06 2.9e-06 2.7e-06 3.1e-06 3e-06 3.1e-06 2.9e-06 2.8e-06 2.85e-06 2.95e-06 2.9e-06 3.05e-06 2.85e-06 2.8e-06 3.15e-06 2.95e-06 2.95e-06
34 2.6e-06 3.2e-06 2.55e-06 2.05e-06 2.8e-06 1.75e-06 1.55e-06 2e-06 3.3e-06 3.05e-06 3.5e-06 1.8e-06 2.75e-06 1.8e-06 2.85e-06 3.3e-06 2.65e-06 1.85e-06 3.3e-06 2.85e-06 1.3e-06 2.85e-06 2.3e-06 3e-06 3.55e-06 2.65e-06 2.55e-06 3.1e-06 2.7e-06 1.5e-06 3.15e-06 2.75e-06 2.95e-06 2.85e-06 2.2e-06 2.8e-06 2.5e-06 2.6e-06 3.25e-06 2.9e-06 1.9e-06 1.65e-06 2.8e-06 1.25e-06 2.1e-06 2.55e-06 2.7e-06 2.05e-06 2.05e-06 1.7e-06 2.45e-06 3.05e-06 2.75e-06 2.6e-06 2.3e-06 2.2e-06 2.4e-06 1.4e-06 3.05e-06 1.6e-06 2.65e-06 1.4e-06 2.4e-06 2.35e-06 2.45e-06 3e-06
35 1.45e-06 2.3e-06 3.45e-06 3.25e-06 1.7e-06 1.85e-06 3.4e-06 3.2e-06 2.9e-06 1.95e-06 2.25e-06 2.3e-06 1.7e-06 2.6e-06 2.75e-06 2.9e-06 1.6e-06 1.85e-06 3.35e-06 2.35e-06 3.3e-06 1.8e-06 2.15e-06 2.5e-06 1.65e-06 2.65e-06 2.15e-06 1.6e-06 2.6e-06 3.2e-06 2.45e-06 2.8e-06 1.45e-06 3.05e-06 2.8e-06 2.6e-06 3.25e-06 1.45e-06 1.4e-06 2.15e-06 2.6e-06 2.45e-06 1.35e-06 3.55e-06 2.5e-06 1.4e-06 2.65e-06 2.95e-06 2.9e-06 3.25e-06 2.4e-06 1.55e-06 2.45e-06 1.45e-06 3.6e-06 1.95e-06 1.95e-06 3.4e-06 1.95e-06 2.35e-06 2.55e-06 3.7e-06 2.45e-06 1.7e-06 1.4e-06 1.7e-06
36 3.2e-06 3.65e-06 3.05e-06 2.5e-06 2.95e-06 2.8e-06 2.6e-06 2.6e-06 2.6e-06 3.3e-06 3.15e-06 2.75e-06 3e-06 2.65e-06 3.2e-06 2.6e-06 3.1e-06 2.95e-06 3.05e-06 2.6e-06 2.3e-06 3.1e-06 3.15e-06 2.9e-06 3.7e-06 2.45e-06 2.85e-06 3.4e-06 3.4e-06 2.55e-06 3.1e-06 2.95e-06 3.2e-06 2.9e-06 2.5e-06 3.25e-06 4.2e-06 3.2e-06 3.4e-06 2.6e-06 2.45e-06 2.6e-06 3.25e-06 2.1e-06 2.75e-06 3.15e-06 3.1e-06 2.65e-06 2.35e-06 2.55e-06 3.15e-06 3.35e-06 2.9e-06 3.2e-06 2.45e-06 3e-06 2.15e-06 2.4e-06 3.3e-06 2.55e-06 3.3e-06 2.15e-06 2.8e-06 2.9e-06 3.05e-06 3.35e-06
37 1.2e-06 2.2e-06 3.25e-06 3.1e-06 1.35e-06 1.65e-06 3.15e-06 3.05e-06 3e-06 1.7e-06 2.2e-06 2.15e-06 1.4e-06 2.4e-06 2.8e-06 3e-06 1.3e-06 1.7e-06 3.4e-06 2.1e-06 3.1e-06 1.5e-06 1.95e-06 2.35e-06 1.75e-06 2.4e-06 2.05e-06 1.25e-06 2.35e-06 2.95e-06 2.3e-06 2.75e-06 1.5e-06 3e-06 2.6e-06 1.45e-06 3.2e-06 2.3e-06 1.45e-06 2.15e-06 2.4e-06 2.25e-06 1.5e-06 3.3e-06 2.2e-06 1.15e-06 2.65e-06 2.7e-06 2.65e-06 3.1e-06 2.1e-06 1.2e-06 2.35e-06 1.2e-06 3.5e-06 1.7e-06 1.85e-06 3.2e-06 1.7e-06 2.15e-06 2.25e-06 3.45e-06 2.55e-06 1.5e-06 1.15e-06 1.4e-06
38 1.45e-06 1.7e-06 3.6e-06 3.4e-06 1e-06 2.75e-06 3.7e-06 3.35e-06 2.95e-06 1.3e-06 1.65e-06 3.15e-06 1.05e-06 3.3e-06 2.8e-06 2.95e-06 1.3e-06 2.5e-06 3.25e-06 2.2e-06 3.85e-06 1.15e-06 2.15e-06 2e-06 6.5e-07 2.55e-06 2.05e-06 5e-07 2.15e-06 3.5e-06 1.9e-06 2.85e-06 1e-06 2.75e-06 3.25e-06 1.4e-06 3.4e-06 1.45e-06 8e-07 2.6e-06 2.75e-06 3.15e-06 1.4e-06 3.95e-06 2.15e-06 1.45e-06 2.55e-06 2.65e-06 3e-06 3.6e-06 1.95e-06 4.5e-07 2.5e-06 1.45e-06 3.75e-06 1.6e-06 1.95e-06 3.95e-06 1.3e-06 3.1e-06 2.1e-06 4.1e-06 2.2e-06 2.1e-06 1.5e-06 1.1e-06
39 2.15e-06 3.05e-06 3.45e-06 3.15e-06 2.2e-06 2.15e-06 3.55e-06 3.1e-06 2.1e-06 2.6e-06 2.45e-06 2.45e-06 2.3e-06 2.65e-06 2.75e-06 2.1e-06 2.2e-06 2.1e-06 2.8e-06 2e-06 3.3e-06 2.4e-06 2.5e-06 2.5e-06 2.9e-06 2.1e-06 2.3e-06 2.65e-06 3.35e-06 3.35e-06 2.6e-06 2.6e-06 2.35e-06 3.15e-06 2.9e-06 2.15e-06 2.6e-06 2.15e-06 2.6e-06 3.1e-06 2.8e-06 2.5e-06 2.15e-06 3.5e-06 3e-06 2.1e-06 2.75e-06 3.45e-06 2.65e-06 3.05e-06 3.1e-06 2.6e-06 2.35e-06 2.15e-06 3.15e-06 2.45e-06 1.65e-06 3.4e-06 2.6e-06 2.5e-06 3.25e-06 3.65e-06 3.1e-06 1.85e-06 2e-06 2.5e-06
40 2.4e-06 3e-06 2.6e-06 2.2e-06 2.4e-06 2e-06 2.05e-06 2.3e-06 3.15e-06 2.7e-06 3.1e-06 2.1e-06 2.4e-06 2e-06 2.9e-06 3.15e-06 2.3e-06 2.1e-06 3.4e-06 2.65e-06 1.8e-06 2.5e-06 2.45e-06 2.8e-06 3.05e-06 2.65e-06 2.2e-06 2.6e-06 2.7e-06 2e-06 2.95e-06 2.8e-06 2.45e-06 2.8e-06 1.9e-06 2.6e-06 2.45e-06 2.4e-06 2.75e-06 2.8e-06 3.2e-06 1.95e-06 2.6e-06 1.6e-06 2.1e-06 2.3e-06 2.8e-06 2e-06 2.2e-06 2.3e-06 2.45e-06 2.55e-06 2.6e-06 2.4e-06 2.5e-06 2.15e-06 2.1e-06 1.9e-06 2.7e-06 1.9e-06 2.55e-06 1.65e-06 2.3e-06 2.3e-06 2.25e-06 2.65e-06
41 2.25e-06 3.3e-06 2.7e-06 2.35e-06 2.7e-06 1.55e-06 1.85e-06 2.3e-06 3.35e-06 2.95e-06 3.4e-06 1.5e-06 2.65e-06 1.6e-06 3.1e-06 3.35e-06 2.4e-06 1.9e-06 3.65e-06 2.75e-06 1.45e-06 2.75e-06 2.5e-06 3.15e-06 3.45e-06 2.75e-06 2.6e-06 3e-06 2.8e-06 1.8e-06 3.25e-06 2.95e-06 2.8e-06 2.9e-06 1.65e-06 2.45e-06 2.6e-06 2.25e-06 3.15e-06 2.5e-06 1.95e-06 2.8e-06 2.45e-06 1.55e-06 2.2e-06 2.15e-06 3e-06 2.25e-06 2.15e-06 2.25e-06 2.55e-06 2.95e-06 2.75e-06 2.25e-06 2.65e-06 2.5e-06 2.25e-06 1.55e-06 2.95e-06 1.45e-06 2.75e-06 1.7e-06 2.5e-06 1.95e-06 2.1e-06 2.75e-06
42 1.5e-06 2.3e-06 3.45e-06 3.25e-06 1.7e-06 1.95e-06 3.4e-06 3.2e-06 2.9e-06 1.95e-06 2.25e-06 2.3e-06 1.7e-06 2.6e-06 2.75e-06 2.9e-06 1.6e-06 1.9e-06 3.35e-06 2.35e-06 3.3e-06 1.8e-06 2.15e-06 2.5e-06 1.6e-06 2.65e-06 2.15e-06 1.6e-06 2.6e-06 3.2e-06 2.45e-06 2.8e-06 1.45e-06 3.05e-06 2.8e-06 1.35e-06 3.25e-06 1.5e-06 1.4e-06 2.15e-06 2.6e-06 2.45e-06 2.6e-06 3.55e-06 2.5e-06 1.45e-06 2.65e-06 2.95e-06 2.9e-06 3.25e-06 2.4e-06 1.55e-06 2.45e-06 1.5e-06 3.6e-06 1.95e-06 1.95e-06 3.4e-06 1.95e-06 2.4e-06 2.55e-06 3.7e-06 2.45e-06 1.7e-06 1.45e-06 1.7e-06
43 3.3e-06 3.9e-06 2.3e-06 1.7e-06 3.45e-06 2.2e-06 9e-07 1.8e-06 3.85e-06 3.65e-06 4.1e-06 1.8e-06 3.35e-06 1.6e-06 3.55e-06 3.85e-06 3.3e-06 2.75e-06 3.9e-06 3.35e-06 4.5e-07 3.45e-06 3.15e-06 3.55e-06 4.25e-06 3.1e-06 3.15e-06 3.75e-06 2.85e-06 1e-06 3.75e-06 3.3e-06 3.65e-06 2.7e-06 1.25e-06 3.55e-06 2.1e-06 3.3e-06 3.95e-06 3.5e-06 1.6e-06 1.55e-06 3.55e-06 3e-07 1.95e-06 3.2e-06 3.35e-06 1.45e-06 1.85e-06 1.75e-06 2.6e-06 3.7e-06 3.3e-06 3.3e-06 1.95e-06 3.05e-06 2.75e-06 5.5e-07 3.65e-06 1.5e-06 2.8e-06 2e-07 2.2e-06 3e-06 3.15e-06 3.6e-06
44 2.2e-06 2.7e-06 2.85e-06 2.5e-06 2e-06 2.35e-06 2.1e-06 2.4e-06 3.4e-06 2.3e-06 2.8e-06 2.35e-06 2e-06 2.35e-06 3.15e-06 3.4e-06 2.1e-06 2.5e-06 3.55e-06 2.6e-06 2e-06 2.1e-06 2.5e-06 2.65e-06 2.45e-06 2.65e-06 2.5e-06 1.9e-06 2.35e-06 2.1e-06 2.7e-06 3e-06 2.3e-06 2.65e-06 2.1e-06 2.5e-06 2.75e-06 2.2e-06 2.15e-06 3e-06 2.1e-06 2.2e-06 2.5e-06 1.95e-06 3.6e-06 2.15e-06 2.9e-06 1.95e-06 2.25e-06 2.6e-06 2.1e-06 1.85e-06 2.8e-06 2.2e-06 2.8e-06 2.15e-06 2.25e-06 2.05e-06 2.3e-06 2.15e-06 2.3e-06 2.1e-06 2.25e-06 2.4e-06 2.15e-06 2.15e-06
45 1.15e-06 2.2e-06 3.2e-06 3.05e-06 1.35e-06 1.55e-06 3.1e-06 3e-06 2.95e-06 1.7e-06 2.2e-06 2.05e-06 1.4e-06 2.3e-06 2.75e-06 2.95e-06 1.25e-06 1.6e-06 3.4e-06 2.1e-06 3e-06 1.5e-06 1.9e-06 2.35e-06 1.75e-06 2.4e-06 2e-06 1.25e-06 2.35e-06 2.9e-06 2.3e-06 2.7e-06 1.45e-06 2.95e-06 2.55e-06 1.4e-06 3.15e-06 1.15e-06 1.45e-06 2.1e-06 2.3e-06 2.15e-06 1.45e-06 3.2e-06 2.15e-06 2.1e-06 2.65e-06 2.65e-06 2.6e-06 3.05e-06 2.1e-06 1.2e-06 2.25e-06 1.15e-06 3.45e-06 1.65e-06 1.8e-06 3.1e-06 1.7e-06 2.05e-06 2.3e-06 3.35e-06 2.5e-06 1.45e-06 1.1e-06 1.35e-06
46 2.65e-06 2.4e-06 3.15e-06 2.5e-06 2.3e-06 2.75e-06 3e-06 2.45e-06 2.5e-06 2.6e-06 2.8e-06 3.1e-06 2.3e-06 3.15e-06 1.9e-06 2.5e-06 2.45e-06 2.25e-06 2.35e-06 2.45e-06 3.35e-06 2.4e-06 2.15e-06 2.5e-06 2.85e-06 2.4e-06 1.8e-06 2.6e-06 2.85e-06 2.95e-06 2.3e-06 2.1e-06 2.5e-06 3.4e-06 2.7e-06 2.65e-06 3.1e-06 2.65e-06 2.55e-06 2.75e-06 2.8e-06 3e-06 2.65e-06 3.35e-06 2.9e-06 2.65e-06 3e-06 3.2e-06 2.85e-06 2.95e-06 2.6e-06 2.55e-06 2.25e-06 2.65e-06 3e-06 2.15e-06 2.15e-06 3.45e-06 2.6e-06 2.95e-06 2.65e-06 3.5e-06 3e-06 2.45e-06 2.6e-06 2.55e-06
47 2.7e-06 3.1e-06 2.8e-06 2.35e-06 2.55e-06 2.5e-06 1.75e-06 2.45e-06 3.75e-06 2.8e-06 3.25e-06 2.4e-06 2.5e-06 2.3e-06 3.4e-06 3.75e-06 2.6e-06 2.85e-06 3.8e-06 3.05e-06 1.65e-06 2.6e-06 2.85e-06 3.05e-06 2.95e-06 3e-06 2.9e-06 2.45e-06 2.4e-06 1.7e-06 3.1e-06 3.3e-06 2.8e-06 2.7e-06 2.05e-06 2.95e-06 2.65e-06 2.7e-06 2.65e-06 3.45e-06 2e-06 2.25e-06 2.95e-06 1.45e-06 1.95e-06 2.65e-06 3.2e-06 2.9e-06 2.3e-06 2.45e-06 2.15e-06 2.4e-06 3.15e-06 2.7e-06 2.65e-06 2.55e-06 2.7e-06 1.75e-06 2.8e-06 2.2e-06 2.35e-06 1.5e-06 2.2e-06 2.85e-06 2.65e-06 2.65e-06
48 2.65e-06 3.1e-06 2.6e-06 2.45e-06 2.6e-06 2.35e-06 2.05e-06 2.4e-06 2.75e-06 2.65e-06 2.8e-06 2.3e-06 2.35e-06 2.3e-06 2.8e-06 2.75e-06 2.55e-06 2.5e-06 2.85e-06 2.1e-06 1.9e-06 2.45e-06 2.65e-06 2.75e-06 3.3e-06 2.2e-06 2.65e-06 2.8e-06 2.75e-06 2e-06 2.75e-06 2.7e-06 2.85e-06 2.7e-06 2.05e-06 2.9e-06 2.35e-06 2.65e-06 3e-06 2.65e-06 2.2e-06 2.15e-06 2.9e-06 1.85e-06 2.25e-06 2.6e-06 2.85e-06 2.3e-06 3.4e-06 2.25e-06 2.5e-06 2.75e-06 2.4e-06 2.65e-06 2.4e-06 2.6e-06 2.15e-06 2e-06 2.65e-06 2.1e-06 2.7e-06 2e-06 2.6e-06 2.3e-06 2.6e-06 2.75e-06
49 3.1e-06 3.55e-06 2.85e-06 2.4e-06 3.2e-06 2.35e-06 2.15e-06 2.45e-06 2.95e-06 3.45e-06 3.55e-06 2.4e-06 3.15e-06 2.35e-06 2.75e-06 2.95e-06 3.05e-06 2.35e-06 2.9e-06 2.95e-06 1.9e-06 3.25e-06 2.7e-06 3e-06 3.9e-06 2.75e-06 2.9e-06 3.5e-06 3.2e-06 2.1e-06 3.2e-06 2.75e-06 3.3e-06 3e-06 1.7e-06 3.25e-06 2.55e-06 3.1e-06 3.6e-06 3.05e-06 2.3e-06 2.25e-06 3.25e-06 1.75e-06 2.6e-06 3.05e-06 2.95e-06 2.45e-06 2.25e-06 3.4e-06 2.95e-06 3.45e-06 2.75e-06 3.1e-06 2.35e-06 2.6e-06 2.8e-06 2e-06 3.45e-06 2.2e-06 3.15e-06 1.85e-06 2.8e-06 2.85e-06 2.95e-06 3.4e-06
50 2.1e-06 2.3e-06 2.8e-06 2.85e-06 1.9e-06 2.3e-06 2.1e-06 2.85e-06 3.35e-06 2.15e-06 2.65e-06 2.7e-06 1.85e-06 2.65e-06 2.65e-06 3.35e-06 2e-06 2.55e-06 3.3e-06 2.65e-06 2.7e-06 1.95e-06 2.35e-06 2.75e-06 2.25e-06 2.85e-06 2.6e-06 1.7e-06 1.85e-06 2.05e-06 2.65e-06 2.9e-06 2.25e-06 2.9e-06 2.45e-06 2.4e-06 3.15e-06 2.1e-06 1.95e-06 3.1e-06 2.45e-06 2.55e-06 2.4e-06 2.6e-06 2.1e-06 2.1e-06 2.6e-06 2.15e-06 2.5e-06 2.95e-06 3.2e-06 1.65e-06 2.65e-06 2.1e-06 3.2e-06 2.2e-06 2.6e-06 2.8e-06 2.15e-06 2.5e-06 1.8e-06 2.7e-06 2.45e-06 2.35e-06 2.15e-06 1.9e-06
51 1.15e-06 1.6e-06 3.4e-06 3.25e-06 6e-07 2.55e-06 3.45e-06 3.2e-06 3.05e-06 1.05e-06 1.6e-06 3e-06 7.5e-07 3.1e-06 2.85e-06 3.05e-06 1e-06 2.35e-06 3.3e-06 1.95e-06 3.65e-06 8e-07 1.95e-06 1.85e-06 7.5e-07 2.3e-06 1.95e-06 1e-07 1.9e-06 3.25e-06 1.75e-06 2.8e-06 1.05e-06 2.7e-06 3.05e-06 1.55e-06 3.35e-06 1.2e-06 4.5e-07 2.6e-06 2.55e-06 2.95e-06 1.55e-06 3.7e-06 1.85e-06 1.2e-06 2.55e-06 2.4e-06 2.75e-06 3.45e-06 1.65e-06 1e-07 2.4e-06 1.15e-06 3.65e-06 1.35e-06 1.85e-06 3.75e-06 1.05e-06 2.9e-06 1.85e-06 3.85e-06 2.3e-06 1.9e-06 1.25e-06 8e-07
52 2.35e-06 2.4e-06 2.95e-06 3.2e-06 2.3e-06 2.3e-06 3.1e-06 3.15e-06 1.85e-06 2.3e-06 2.3e-06 2.85e-06 2e-06 2.9e-06 1.45e-06 1.85e-06 2.15e-06 2.05e-06 1.9e-06 2e-06 3.3e-06 2.15e-06 2.1e-06 2.3e-06 2.8e-06 2.15e-06 2.35e-06 2.45e-06 2.9e-06 2.9e-06 2.65e-06 2.1e-06 2.3e-06 3.1e-06 2.75e-06 2.45e-06 2.9e-06 2.35e-06 2.5e-06 2.35e-06 2.6e-06 2.75e-06 2.45e-06 3.3e-06 2.8e-06 2.25e-06 2.25e-06 3.15e-06 2.4e-06 2.75e-06 2.65e-06 2.4e-06 2.7e-06 2.35e-06 2.8e-06 2.15e-06 2e-06 3.4e-06 2.35e-06 2.7e-06 2.75e-06 3.45e-06 3e-06 2.05e-06 2.35e-06 2.3e-06
53 1.15e-06 2.2e-06 3.25e-06 3.1e-06 1.3e-06 1.65e-06 3.15e-06 3.05e-06 3e-06 1.7e-06 2.2e-06 2.15e-06 1.4e-06 2.4e-06 2.8e-06 3e-06 1.3e-06 1.7e-06 3.4e-06 2.1e-06 3.1e-06 1.45e-06 1.95e-06 2.35e-06 1.75e-06 2.4e-06 2.05e-06 1.2e-06 2.35e-06 2.95e-06 2.3e-06 2.75e-06 1.5e-06 3e-06 2.6e-06 1.45e-06 3.2e-06 1.2e-06 1.45e-06 2.15e-06 2.4e-06 2.25e-06 1.5e-06 3.3e-06 2.2e-06 1.15e-06 2.65e-06 2.7e-06 2.65e-06 3.1e-06 2.1e-06 1.15e-06 2.35e-06 2.3e-06 3.5e-06 1.7e-06 1.85e-06 3.2e-06 1.7e-06 2.15e-06 2.3e-06 3.45e-06 2.55e-06 1.5e-06 1.15e-06 1.4e-06
54 3.5e-06 3.6e-06 2.95e-06 2.6e-06 3.3e-06 2.85e-06 2.4e-06 2.65e-06 2.75e-06 3.6e-06 3.6e-06 2.85e-06 3.3e-06 2.65e-06 2.7e-06 2.75e-06 3.4e-06 2.95e-06 2.4e-06 2.8e-06 2.15e-06 3.4e-06 3.15e-06 2.65e-06 4.05e-06 2.25e-06 3.1e-06 3.7e-06 3.45e-06 2.35e-06 3.4e-06 2.85e-06 3.55e-06 3.1e-06 2.3e-06 3.6e-06 2.45e-06 3.5e-06 3.75e-06 3.15e-06 2.5e-06 2.65e-06 3.6e-06 1.95e-06 2.8e-06 3.45e-06 3e-06 2.65e-06 2.4e-06 2.35e-06 3.2e-06 3.65e-06 2.8e-06 3.5e-06 3.8e-06 3e-06 2.65e-06 2.25e-06 3.6e-06 2.6e-06 3.3e-06 1.95e-06 2.9e-06 3.2e-06 3.35e-06 3.65e-06
55 1.7e-06 2.05e-06 3.05e-06 2.7e-06 1.4e-06 2.05e-06 3.05e-06 2.65e-06 2.65e-06 1.85e-06 2.3e-06 2.6e-06 1.55e-06 2.65e-06 2.3e-06 2.65e-06 1.5e-06 1.55e-06 2.8e-06 2.15e-06 3.05e-06 1.65e-06 1.6e-06 1.95e-06 1.9e-06 2.15e-06 1.65e-06 1.4e-06 2.45e-06 2.85e-06 2.1e-06 2.3e-06 1.6e-06 2.9e-06 2.2e-06 1.95e-06 3e-06 1.7e-06 1.6e-06 2.45e-06 2.15e-06 2.5e-06 1.95e-06 3.05e-06 2.15e-06 1.65e-06 2.15e-06 2.55e-06 2.6e-06 2.6e-06 2.2e-06 1.35e-06 2.15e-06 1.7e-06 3e-06 2.2e-06 1.75e-06 3.15e-06 1.85e-06 2.45e-06 2.3e-06 3.2e-06 2.5e-06 1.95e-06 1.55e-06 1.7e-06
56 1.85e-06 2.45e-06 2.95e-06 2.4e-06 1.45e-06 2.1e-06 3.05e-06 2.35e-06 2.1e-06 1.8e-06 2.05e-06 2.3e-06 1.5e-06 2.4e-06 2.6e-06 2.1e-06 1.65e-06 1.85e-06 2.75e-06 1.35e-06 2.7e-06 1.55e-06 1.95e-06 2e-06 2.25e-06 1.45e-06 1.6e-06 1.9e-06 2.85e-06 2.85e-06 2.15e-06 2.25e-06 1.75e-06 2.8e-06 2.4e-06 1.95e-06 2.15e-06 1.85e-06 1.95e-06 1.65e-06 2.1e-06 2.25e-06 1.95e-06 2.75e-06 2.25e-06 1.8e-06 2.15e-06 2.7e-06 2.15e-06 2.8e-06 2.6e-06 1.85e-06 2e-06 1.85e-06 2.65e-06 1.75e-06 1.2e-06 2.8e-06 1.75e-06 2.2e-06 2.75e-06 2.9e-06 2.45e-06 1.5e-06 1.7e-06 1.9e-06
57 3.2e-06 4e-06 2.65e-06 2e-06 3.5e-06 2.25e-06 1.15e-06 1.9e-06 3.95e-06 3.7e-06 4.15e-06 1.5e-06 3.4e-06 1.7e-06 3.7e-06 3.95e-06 3.35e-06 2.7e-06 4.05e-06 3.4e-06 4e-07 3.5e-06 3.25e-06 3.65e-06 4.25e-06 3.15e-06 3.2e-06 3.8e-06 3.05e-06 1.3e-06 3.8e-06 3.4e-06 3.65e-06 2.85e-06 1.4e-06 3.4e-06 2.4e-06 3.2e-06 3.95e-06 3.4e-06 1.9e-06 1.55e-06 3.4e-06 5.5e-07 2.05e-06 3.1e-06 3.45e-06 1.75e-06 2e-06 2e-06 2.8e-06 3.75e-06 3.4e-06 3.2e-06 2.25e-06 3.15e-06 2.8e-06 8e-07 3.7e-06 1.5e-06 3e-06 7e-07 2.4e-06 2.9e-06 3.05e-06 3.65e-06
58 1.7e-06 1.85e-06 3.4e-06 3.25e-06 1.3e-06 2.6e-06 3.45e-06 3.2e-06 3.05e-06 1.1e-06 1.75e-06 3e-06 1.1e-06 3.1e-06 2.9e-06 3.05e-06 1.5e-06 2.4e-06 3.3e-06 1.65e-06 3.6e-06 1.1e-06 2.1e-06 2.3e-06 1.35e-06 2.25e-06 2.15e-06 1.1e-06 2.15e-06 3.25e-06 2.2e-06 2.75e-06 1.6e-06 2.95e-06 3.05e-06 1.95e-06 3.3e-06 1.7e-06 1.3e-06 2.6e-06 2.7e-06 2.95e-06 1.95e-06 3.65e-06 2.3e-06 1.7e-06 2.6e-06 2.8e-06 2.65e-06 3.45e-06 2.15e-06 1.05e-06 2.35e-06 1.7e-06 3.6e-06 1.85e-06 1.75e-06 3.7e-06 2e-06 2.9e-06 2.35e-06 3.8e-06 2.65e-06 1.65e-06 1.75e-06 1.45e-06
59 2.15e-06 3.25e-06 2.65e-06 2.3e-06 2.65e-06 1.4e-06 1.8e-06 2.25e-06 3.3e-06 2.9e-06 3.35e-06 1.45e-06 2.6e-06 1.6e-06 3.05e-06 3.3e-06 2.35e-06 1.8e-06 3.6e-06 2.7e-06 1.4e-06 2.7e-06 2.45e-06 3.1e-06 3.4e-06 2.7e-06 2.55e-06 2.95e-06 2.75e-06 1.75e-06 3.2e-06 2.9e-06 2.7e-06 2.9e-06 1.6e-06 2.35e-06 2.55e-06 2.15e-06 3.1e-06 2.5e-06 1.9e-06 1.45e-06 2.4e-06 1.5e-06 2.15e-06 2.05e-06 2.95e-06 2.2e-06 2.1e-06 2.2e-06 2.5e-06 2.9e-06 2.7e-06 2.15e-06 2.6e-06 2.45e-06 2.2e-06 1.5e-06 2.9e-06 2.7e-06 2.7e-06 1.65e-06 2.45e-06 1.95e-06 2e-06 2.7e-06
60 2.3e-06 2.4e-06 2.9e-06 3e-06 2.1e-06 2.5e-06 2.3e-06 3e-06 3.4e-06 2.35e-06 2.8e-06 2.9e-06 2.05e-06 2.85e-06 2.65e-06 3.4e-06 2.2e-06 2.65e-06 3.3e-06 2.85e-06 2.9e-06 2.15e-06 2.45e-06 2.85e-06 2.4e-06 3.05e-06 2.65e-06 1.9e-06 2.05e-06 2.25e-06 2.8e-06 3e-06 2.4e-06 3.05e-06 2.65e-06 2.55e-06 3.3e-06 2.25e-06 2.1e-06 3.25e-06 2.55e-06 2.75e-06 2.55e-06 2.8e-06 2.3e-06 2.3e-06 2.65e-06 2.35e-06 2.7e-06 3.15e-06 1.8e-06 1.85e-06 2.75e-06 2.3e-06 3.3e-06 2.3e-06 2.75e-06 3e-06 2.35e-06 2.7e-06 3.6e-06 2.9e-06 2.6e-06 2.55e-06 2.35e-06 2.1e-06
61 3.45e-06 4.05e-06 2.35e-06 1.75e-06 3.6e-06 2.3e-06 1e-06 1.95e-06 4e-06 3.8e-06 4.25e-06 1.95e-06 3.5e-06 1.6e-06 3.7e-06 4e-06 3.45e-06 2.9e-06 4.05e-06 3.5e-06 6e-07 3.6e-06 3.3e-06 3.7e-06 4.4e-06 3.25e-06 3.3e-06 3.9e-06 2.95e-06 1.1e-06 3.9e-06 3.45e-06 3.8e-06 2.85e-06 1.4e-06 3.7e-06 2.15e-06 3.45e-06 4.1e-06 3.65e-06 1.65e-06 1.7e-06 3.7e-06 2e-07 2.1e-06 3.35e-06 3.5e-06 1.5e-06 2e-06 1.85e-06 2.7e-06 3.85e-06 3.45e-06 3.45e-06 1.95e-06 3.2e-06 2.9e-06 7e-07 3.8e-06 1.65e-06 2.9e-06 2e-07 2.25e-06 3.15e-06 3.3e-06 3.75e-06
62 2.55e-06 2.9e-06 3.05e-06 2.65e-06 2.45e-06 2.6e-06 2.45e-06 2.7e-06 3.4e-06 2.65e-06 2.95e-06 2.6e-06 2.4e-06 2.55e-06 3.2e-06 3.4e-06 2.5e-06 2.75e-06 3.6e-06 2.95e-06 2.3e-06 2.5e-06 2.8e-06 2.9e-06 2.45e-06 3e-06 2.7e-06 2.35e-06 2.65e-06 2.4e-06 2.95e-06 3.15e-06 2.35e-06 2.8e-06 2.4e-06 2.45e-06 2.8e-06 2.55e-06 2.2e-06 3.1e-06 2.3e-06 2.5e-06 2.45e-06 2.2e-06 2.25e-06 2.5e-06 3e-06 2.2e-06 2.6e-06 2.8e-06 2.45e-06 2.3e-06 3e-06 2.55e-06 2.9e-06 2.5e-06 2.45e-06 2.4e-06 2.65e-06 2.45e-06 2.6e-06 2.25e-06 4.3e-06 2.7e-06 2.5e-06 2.55e-06
63 1.5e-06 2.4e-06 3e-06 2.85e-06 1.75e-06 1.55e-06 2.9e-06 2.8e-06 2.75e-06 1.75e-06 2.25e-06 1.9e-06 1.5e-06 2.1e-06 2.6e-06 2.75e-06 1.55e-06 1.55e-06 3.15e-06 1.55e-06 2.8e-06 1.5e-06 1.9e-06 2.55e-06 2.35e-06 2.1e-06 2e-06 1.95e-06 2.55e-06 2.7e-06 2.5e-06 2.5e-06 1.9e-06 3.15e-06 2.35e-06 1.7e-06 2.9e-06 1.5e-06 2.1e-06 1.85e-06 2.3e-06 1.95e-06 1.7e-06 3e-06 2.4e-06 1.45e-06 2.45e-06 2.85e-06 2.3e-06 2.85e-06 2.35e-06 1.9e-06 2.05e-06 1.5e-06 3.2e-06 1.95e-06 1.5e-06 2.9e-06 1.65e-06 1.95e-06 2.55e-06 3.15e-06 2.7e-06 1.9e-06 1.45e-06 1.8e-06
64 1.15e-06 2.25e-06 3.2e-06 2.95e-06 1.3e-06 1.5e-06 3.1e-06 2.9e-06 2.9e-06 1.75e-06 2.25e-06 2e-06 1.45e-06 2.25e-06 2.8e-06 2.9e-06 1.25e-06 1.55e-06 3.35e-06 2.05e-06 2.95e-06 1.55e-06 1.9e-06 2.2e-06 1.8e-06 2.25e-06 1.9e-06 1.3e-06 2.4e-06 2.9e-06 2.25e-06 2.65e-06 1.45e-06 2.95e-06 2.45e-06 1.4e-06 3.05e-06 1.15e-06 1.5e-06 2e-06 2.25e-06 2.1e-06 1.45e-06 3.15e-06 2.15e-06 1.1e-06 2.6e-06 2.65e-06 2.6e-06 2.95e-06 2.15e-06 1.25e-06 2.35e-06 1.15e-06 3.35e-06 1.55e-06 1.7e-06 3.05e-06 1.75e-06 2e-06 2.35e-06 3.3e-06 2.5e-06 1.45e-06 2e-06 1.45e-06
65 1.4e-06 1.9e-06 3.3e-06 3.25e-06 1.15e-06 2.3e-06 3.3e-06 3.2e-06 3e-06 1.45e-06 1.95e-06 2.8e-06 1.15e-06 2.9e-06 2.7e-06 3e-06 1.05e-06 2.2e-06 3.3e-06 2.05e-06 3.55e-06 1.25e-06 1.65e-06 2.25e-06 1.4e-06 2.4e-06 2.15e-06 8.5e-07 2.15e-06 3.1e-06 2.1e-06 2.75e-06 1.5e-06 2.95e-06 3e-06 1.7e-06 3.35e-06 1.4e-06 1.1e-06 2.5e-06 2.65e-06 2.75e-06 1.7e-06 3.6e-06 2.15e-06 1.35e-06 2.55e-06 2.65e-06 2.75e-06 3.4e-06 1.9e-06 8e-07 2.3e-06 1.4e-06 3.65e-06 1.7e-06 1.9e-06 3.65e-06 1.45e-06 2.7e-06 2.1e-06 3.75e-06 2.55e-06 1.8e-06 1.45e-06 1.5e-06
