 slim_762048243 slim_762048276 slim_762048247 slim_762048266 slim_762048244 slim_762048254 slim_762048287 slim_762048268 slim_762048275 slim_762048270 slim_762048291 slim_762048295 slim_762048271 slim_762048245 slim_762048277 slim_762048264 slim_762048292 slim_762048241 slim_762048242 slim_762048255 slim_762048248 slim_762048257 slim_762048246 slim_762048249 slim_762048274 slim_762048267 slim_762048273 slim_762048293 slim_762048253 slim_762048272 slim_762048252 slim_762048296 slim_762048240 slim_762048278 slim_762048294 slim_762048286 slim_762048265 slim_762048258 slim_762048283 slim_762048279 slim_762048263 slim_762048297 slim_762048261 slim_762048269 slim_762048298 slim_762048289 slim_762048256 slim_762048282 slim_762048288 slim_762048250 slim_762048290 slim_762048262 slim_762048285 slim_762048281 slim_762048260 slim_762048280 slim_762048284 slim_762048251 slim_762048259
0 3.4e-06 2.85e-06 2.85e-06 2.35e-06 2.75e-06 2.35e-06 2.15e-06 3.05e-06 2.45e-06 2.8e-06 3.15e-06 3e-06 3.15e-06 2.15e-06 2.9e-06 3.25e-06 2.2e-06 2.45e-06 2.4e-06 2.35e-06 2.65e-06 3.25e-06 3.4e-06 2.35e-06 2.6e-06 2.65e-06 2.2e-06 2.65e-06 2.6e-06 2.35e-06 2.25e-06 3.4e-06 1.9e-06 2.65e-06 2.8e-06 2e-06 2.7e-06 2.5e-06 2.95e-06 2.4e-06 2.5e-06 2.65e-06 2.5e-06 2.6e-06 2.1e-06 2.95e-06 2.4e-06 2e-06 3.1e-06 2.6e-06 3.05e-06 2.65e-06 2.75e-06 2.1e-06 2.45e-06 3.2e-06 2.1e-06 2.1e-06 2.55e-06
1 2.85e-06 1e-07 2.15e-06 3.15e-06 2.85e-06 2.1e-06 3.05e-06 2.55e-06 2.65e-06 2.35e-06 2.95e-06 1e-06 2.95e-06 2e-06 2.5e-06 3e-06 1.8e-06 2.65e-06 2.65e-06 1.7e-06 2.2e-06 3.65e-06 2.8e-06 2.75e-06 3.05e-06 2.3e-06 2.55e-06 3.3e-06 2.2e-06 3.25e-06 1.7e-06 2.3e-06 2.55e-06 3.8e-06 2.6e-06 3.1e-06 2.8e-06 2.65e-06 2.2e-06 3.75e-06 3.1e-06 2.3e-06 2.15e-06 2.7e-06 2.6e-06 2.7e-06 1.55e-06 3.05e-06 2.25e-06 3.1e-06 2.9e-06 2.85e-06 2.5e-06 3.05e-06 2.75e-06 2.95e-06 3.15e-06 3.45e-06 2.2e-06
2 2.85e-06 2.15e-06 3e-06 2.8e-06 2.75e-06 2e-06 2.8e-06 1.95e-06 2.3e-06 2.8e-06 2.1e-06 2.15e-06 2.1e-06 2.4e-06 2.45e-06 2.15e-06 2.8e-06 2.05e-06 2.05e-06 2.8e-06 2.1e-06 2.7e-06 1.8e-06 2.2e-06 2.6e-06 1.85e-06 2.5e-06 2.95e-06 2.5e-06 3.65e-06 2.7e-06 1.85e-06 2.65e-06 3.6e-06 2e-06 3.35e-06 2.7e-06 2.05e-06 2.2e-06 3.5e-06 2.75e-06 1.85e-06 1.7e-06 2.1e-06 2.9e-06 2.05e-06 1.8e-06 2.9e-06 1.9e-06 2.75e-06 1.95e-06 2e-06 2e-06 3.45e-06 2.65e-06 2.1e-06 3.55e-06 3.6e-06 2.6e-06
3 2.35e-06 3.15e-06 2.8e-06 3.6e-06 2.45e-06 2.55e-06 2.35e-06 2.5e-06 2.45e-06 3.1e-06 2.25e-06 3.3e-06 2.35e-06 2.6e-06 3.15e-06 2.75e-06 2.4e-06 2.6e-06 2.15e-06 2.55e-06 2.95e-06 2.15e-06 2.85e-06 2.85e-06 2.5e-06 2.65e-06 2.6e-06 2.4e-06 2.95e-06 2.55e-06 2.45e-06 3.2e-06 2.4e-06 2.2e-06 3.05e-06 2.2e-06 2.25e-06 2.65e-06 3.15e-06 1.95e-06 2.35e-06 2.75e-06 2.6e-06 2.7e-06 2.3e-06 2.8e-06 2.5e-06 2.2e-06 3.2e-06 2.35e-06 2.65e-06 2.8e-06 2.7e-06 2.3e-06 2.55e-06 2.7e-06 2.3e-06 2.2e-06 2.85e-06
4 2.75e-06 2.85e-06 2.75e-06 2.45e-06 3.8e-06 2.8e-06 2.75e-06 2.85e-06 2.35e-06 2.6e-06 2.3e-06 3e-06 2.4e-06 2.05e-06 3e-06 2.35e-06 2.65e-06 2.6e-06 2.6e-06 2.65e-06 2.95e-06 2.35e-06 2.7e-06 3.1e-06 2.45e-06 2.35e-06 2.65e-06 2.5e-06 2.7e-06 2.45e-06 2.55e-06 3.1e-06 2.5e-06 2.15e-06 2.7e-06 2.4e-06 2.15e-06 2.6e-06 3.05e-06 2.3e-06 2.4e-06 2.45e-06 2.4e-06 2.65e-06 2.55e-06 3e-06 2.7e-06 2.75e-06 3.4e-06 2.3e-06 2.45e-06 2.9e-06 2.3e-06 2.25e-06 2.9e-06 2.3e-06 2.35e-06 2.6e-06 2.55e-06
5 2.35e-06 2.1e-06 2e-06 2.55e-06 2.8e-06 1.9e-06 1.95e-06 1.95e-06 2.4e-06 2.9e-06 2.4e-06 2.3e-06 2.4e-06 2.3e-06 2.5e-06 2.5e-06 2.4e-06 1.9e-06 1.85e-06 2.4e-06 1.7e-06 3.2e-06 2.45e-06 1.5e-06 2.4e-06 2e-06 2.05e-06 2.65e-06 2.6e-06 3.2e-06 2.3e-06 2.5e-06 2.25e-06 3.35e-06 2.3e-06 3e-06 2.75e-06 1.9e-06 2.25e-06 3.25e-06 2.55e-06 2e-06 1.85e-06 1.9e-06 2.45e-06 2.15e-06 9.5e-07 2e-06 1.65e-06 2.55e-06 2.3e-06 2.05e-06 2e-06 3e-06 2.15e-06 2.45e-06 3.1e-06 2.85e-06 2.7e-06
6 2.15e-06 3.05e-06 2.8e-06 2.35e-06 2.75e-06 1.95e-06 3e-06 2.85e-06 2.45e-06 2.8e-06 3.1e-06 3.05e-06 3.1e-06 2.25e-06 2.6e-06 3.25e-06 2.35e-06 2.6e-06 2.5e-06 2.3e-06 2.25e-06 3.05e-06 3.3e-06 2.05e-06 2.5e-06 2.7e-06 2.15e-06 2.6e-06 2.6e-06 2.3e-06 2.2e-06 3.25e-06 2e-06 2.45e-06 2.95e-06 1.8e-06 2.7e-06 2.55e-06 2.65e-06 2.25e-06 2.35e-06 2.7e-06 2.5e-06 2.65e-06 2.05e-06 2.9e-06 2.3e-06 1.75e-06 2.8e-06 2.45e-06 3e-06 2.65e-06 2.75e-06 2.05e-06 2.15e-06 3.2e-06 2.2e-06 1.85e-06 2.55e-06
7 3.05e-06 2.55e-06 1.95e-06 2.5e-06 2.85e-06 1.95e-06 2.85e-06 3e-06 2.75e-06 3.2e-06 1.9e-06 2.55e-06 2e-06 3e-06 2.65e-06 2.35e-06 2.95e-06 2.3e-06 1.9e-06 2.95e-06 2.4e-06 2.3e-06 1.95e-06 2.4e-06 2.75e-06 2.3e-06 2.85e-06 2.85e-06 2.95e-06 3.8e-06 2.85e-06 2.05e-06 2.95e-06 3.4e-06 2.45e-06 3.5e-06 2.65e-06 2.3e-06 2.35e-06 3.3e-06 2.85e-06 2.4e-06 2.3e-06 2.3e-06 3e-06 2e-06 1.5e-06 2.95e-06 1.6e-06 2.75e-06 2.3e-06 2.3e-06 2.3e-06 3.6e-06 2.45e-06 2.3e-06 3.7e-06 3.5e-06 3e-06
8 2.45e-06 2.65e-06 2.3e-06 2.45e-06 2.35e-06 2.4e-06 2.45e-06 2.75e-06 3e-06 2.8e-06 2.25e-06 2.8e-06 2.25e-06 2e-06 2.85e-06 2.1e-06 2.55e-06 2.1e-06 2.3e-06 2.55e-06 2.55e-06 2.7e-06 2.4e-06 2.6e-06 1.9e-06 1.95e-06 1.85e-06 2.45e-06 2.25e-06 2.7e-06 2.45e-06 2.9e-06 2.25e-06 2.7e-06 2.35e-06 2.45e-06 2.45e-06 2.1e-06 2.9e-06 2.55e-06 2.2e-06 1.95e-06 1.55e-06 2.15e-06 2.55e-06 2.65e-06 2.5e-06 2.45e-06 3.2e-06 2.3e-06 1.8e-06 2.2e-06 1.95e-06 2.55e-06 2.8e-06 2.1e-06 2.65e-06 2.6e-06 2.55e-06
9 2.8e-06 2.35e-06 2.8e-06 3.1e-06 2.6e-06 2.9e-06 2.8e-06 3.2e-06 2.8e-06 3.2e-06 3.65e-06 1.95e-06 3.65e-06 1.85e-06 1.85e-06 3.65e-06 2.4e-06 3.3e-06 3.35e-06 2.4e-06 2.4e-06 3.3e-06 3.4e-06 3.15e-06 3.15e-06 3e-06 2.7e-06 3.2e-06 1.85e-06 2.3e-06 2.3e-06 2.4e-06 2.45e-06 2.8e-06 3.1e-06 2.15e-06 2.65e-06 3.3e-06 1.95e-06 2.85e-06 3e-06 3e-06 2.85e-06 3.35e-06 2.3e-06 3.3e-06 2.6e-06 2.9e-06 2.8e-06 3e-06 3.55e-06 3.3e-06 3.15e-06 2.1e-06 2.6e-06 3.6e-06 2.2e-06 2.6e-06 1.7e-06
10 3.15e-06 2.95e-06 2.1e-06 2.25e-06 2.3e-06 2.4e-06 3.1e-06 1.9e-06 2.25e-06 3.65e-06 1.4e-06 3.1e-06 9e-07 3.05e-06 3.35e-06 9.5e-07 3.3e-06 1.7e-06 1.5e-06 3.3e-06 2.75e-06 1.75e-06 1.55e-06 2.6e-06 2.2e-06 1.45e-06 2.85e-06 2.3e-06 3.3e-06 4.05e-06 3.2e-06 2.6e-06 3.05e-06 3.05e-06 1.9e-06 3.85e-06 2.35e-06 1.7e-06 3.1e-06 3.05e-06 2.4e-06 1.65e-06 1.75e-06 1.75e-06 3.45e-06 1.9e-06 2.4e-06 3.1e-06 3.1e-06 2.1e-06 1.1e-06 2e-06 1.35e-06 3.85e-06 3.35e-06 8e-07 3.95e-06 3.8e-06 3.45e-06
11 3e-06 1e-06 2.15e-06 3.3e-06 3e-06 2.3e-06 3.05e-06 2.55e-06 2.8e-06 1.95e-06 3.1e-06 1.9e-06 3.1e-06 2.2e-06 1.65e-06 3.1e-06 2.25e-06 2.75e-06 2.8e-06 2.2e-06 1.85e-06 3.55e-06 2.75e-06 2.65e-06 3.15e-06 2.45e-06 2.7e-06 3.4e-06 1.8e-06 3.4e-06 2.15e-06 1.7e-06 2.7e-06 3.9e-06 2.55e-06 3.15e-06 3e-06 2.75e-06 1.45e-06 3.85e-06 3.2e-06 2.45e-06 2.3e-06 2.8e-06 2.75e-06 2.65e-06 1.85e-06 3.15e-06 2.05e-06 3.2e-06 3e-06 2.75e-06 2.6e-06 3.2e-06 2.7e-06 3.05e-06 3.3e-06 3.55e-06 1.9e-06
12 3.15e-06 2.95e-06 2.1e-06 2.35e-06 2.4e-06 2.4e-06 3.1e-06 2e-06 2.25e-06 3.65e-06 9e-07 3.1e-06 1.8e-06 3.05e-06 3.35e-06 1.05e-06 3.3e-06 1.7e-06 1.6e-06 3.3e-06 2.75e-06 1.95e-06 1.55e-06 2.6e-06 2.2e-06 1.55e-06 2.85e-06 2.4e-06 3.3e-06 4.05e-06 3.2e-06 2.6e-06 3.05e-06 3.15e-06 1.9e-06 3.85e-06 2.45e-06 1.7e-06 3.1e-06 3.15e-06 2.4e-06 1.65e-06 1.75e-06 1.75e-06 3.45e-06 2e-06 2.4e-06 3.1e-06 3.1e-06 2.2e-06 1.05e-06 2e-06 1.35e-06 3.85e-06 3.35e-06 9e-07 3.95e-06 3.8e-06 3.45e-06
13 2.15e-06 2e-06 2.4e-06 2.6e-06 2.05e-06 2.3e-06 2.25e-06 3e-06 2e-06 1.85e-06 3.05e-06 2.2e-06 3.05e-06 2.3e-06 2.45e-06 3e-06 2e-06 2.6e-06 2.7e-06 2e-06 2.3e-06 3.1e-06 3.15e-06 2.6e-06 2.5e-06 2.2e-06 1.9e-06 2.65e-06 1.9e-06 1.85e-06 1.9e-06 2.9e-06 1.8e-06 2.4e-06 2.6e-06 1.75e-06 2.15e-06 2.6e-06 2.5e-06 2.4e-06 2.45e-06 2.2e-06 1.95e-06 2.65e-06 1.85e-06 3e-06 2.25e-06 2.25e-06 2.95e-06 2.45e-06 2.8e-06 2.75e-06 2.5e-06 1.65e-06 2.45e-06 2.95e-06 1.75e-06 2.15e-06 1.75e-06
14 2.9e-06 2.5e-06 2.45e-06 3.15e-06 3e-06 2.5e-06 2.6e-06 2.65e-06 2.85e-06 1.85e-06 3.35e-06 1.65e-06 3.35e-06 2.45e-06 1.5e-06 3.3e-06 2.65e-06 2.9e-06 3e-06 2.6e-06 1.75e-06 3.2e-06 2.85e-06 2.5e-06 2.95e-06 2.85e-06 2.7e-06 3.2e-06 1.7e-06 3.05e-06 2.5e-06 1.65e-06 2.65e-06 3.3e-06 2.7e-06 2.65e-06 3.1e-06 2.85e-06 9e-07 3.25e-06 2.95e-06 2.85e-06 2.7e-06 2.95e-06 2.75e-06 2.7e-06 2.25e-06 2.85e-06 1.95e-06 2.95e-06 3.2e-06 2.7e-06 2.8e-06 2.8e-06 2.3e-06 3.25e-06 2.95e-06 2.9e-06 1.75e-06
15 3.25e-06 3e-06 2.15e-06 2.75e-06 2.35e-06 2.5e-06 3.25e-06 2.35e-06 2.1e-06 3.65e-06 9.5e-07 3.1e-06 1.05e-06 3e-06 3.3e-06 7e-07 3.4e-06 1.3e-06 1.95e-06 3.4e-06 2.8e-06 2.35e-06 1.15e-06 2.65e-06 1.8e-06 1.3e-06 2.8e-06 2.2e-06 3.3e-06 4.15e-06 3.3e-06 2.6e-06 3.15e-06 3.2e-06 1.6e-06 4e-06 2.8e-06 1.3e-06 3.1e-06 3.35e-06 2.05e-06 1.4e-06 1.5e-06 1.35e-06 3.6e-06 2e-06 2.45e-06 3.25e-06 3.15e-06 2e-06 6.5e-07 1.8e-06 7e-07 3.95e-06 3.45e-06 3.5e-07 4.05e-06 3.95e-06 3.5e-06
16 2.2e-06 1.8e-06 2.8e-06 2.4e-06 2.65e-06 2.4e-06 2.35e-06 2.95e-06 2.55e-06 2.4e-06 3.3e-06 2.25e-06 3.3e-06 2e-06 2.65e-06 3.4e-06 3.3e-06 2.9e-06 2.85e-06 1.8e-06 2.65e-06 3.25e-06 3.3e-06 2.9e-06 2.75e-06 2.85e-06 2.4e-06 2.7e-06 2.35e-06 2.15e-06 1.7e-06 3e-06 2.15e-06 2.55e-06 3.15e-06 1.85e-06 2.6e-06 2.95e-06 2.65e-06 2.35e-06 2.55e-06 2.85e-06 2.65e-06 3e-06 1.9e-06 3.1e-06 2.05e-06 2.2e-06 2.75e-06 2.65e-06 3.25e-06 3.1e-06 2.9e-06 1.9e-06 2.25e-06 3.35e-06 1.9e-06 2.05e-06 2.2e-06
17 2.45e-06 2.65e-06 2.05e-06 2.6e-06 2.6e-06 1.9e-06 2.6e-06 2.3e-06 2.1e-06 3.3e-06 1.7e-06 2.75e-06 1.7e-06 2.6e-06 2.9e-06 1.3e-06 2.9e-06 2.2e-06 1.55e-06 2.95e-06 2.25e-06 2.85e-06 1.75e-06 1.75e-06 1.9e-06 1.55e-06 2.25e-06 2.5e-06 2.9e-06 3.7e-06 2.85e-06 2.65e-06 2.4e-06 3.35e-06 1.65e-06 3.5e-06 2.8e-06 1.15e-06 2.7e-06 3.35e-06 2.15e-06 1.55e-06 1.5e-06 1.25e-06 3.1e-06 2e-06 2e-06 2.55e-06 2.7e-06 2.3e-06 1.35e-06 1.5e-06 1.2e-06 3.5e-06 2.95e-06 1.4e-06 3.55e-06 3.4e-06 3.1e-06
18 2.4e-06 2.65e-06 2.05e-06 2.15e-06 2.6e-06 1.85e-06 2.5e-06 1.9e-06 2.3e-06 3.35e-06 1.5e-06 2.8e-06 1.6e-06 2.7e-06 3e-06 1.95e-06 2.85e-06 1.55e-06 2.2e-06 2.9e-06 2.25e-06 2.3e-06 2.2e-06 1.75e-06 2.35e-06 1.75e-06 2.35e-06 2.65e-06 2.95e-06 3.65e-06 2.8e-06 2.7e-06 2.35e-06 3.25e-06 2e-06 3.4e-06 2.4e-06 1.6e-06 2.75e-06 3.1e-06 2.55e-06 1.85e-06 1.8e-06 1.7e-06 3e-06 1.95e-06 2e-06 2.45e-06 2.7e-06 2.45e-06 1.85e-06 1.75e-06 1.9e-06 3.45e-06 2.9e-06 1.9e-06 3.5e-06 3.3e-06 3.1e-06
19 2.35e-06 1.7e-06 2.8e-06 2.55e-06 2.65e-06 2.4e-06 2.3e-06 2.95e-06 2.55e-06 2.4e-06 3.3e-06 2.2e-06 3.3e-06 2e-06 2.6e-06 3.4e-06 1.8e-06 2.95e-06 2.9e-06 3.3e-06 2.65e-06 3.25e-06 3.3e-06 2.95e-06 2.75e-06 2.85e-06 2.4e-06 2.75e-06 2.35e-06 2.15e-06 1.65e-06 3e-06 2.1e-06 2.5e-06 3.15e-06 1.8e-06 2.6e-06 2.9e-06 2.6e-06 2.35e-06 2.5e-06 2.85e-06 2.65e-06 3e-06 1.85e-06 3.1e-06 2.05e-06 2.35e-06 2.75e-06 2.6e-06 3.25e-06 3.15e-06 2.9e-06 1.9e-06 2.15e-06 3.35e-06 2.05e-06 2e-06 2.2e-06
20 2.65e-06 2.2e-06 2.1e-06 2.95e-06 2.95e-06 1.7e-06 2.25e-06 2.4e-06 2.55e-06 2.4e-06 2.75e-06 1.85e-06 2.75e-06 2.3e-06 1.75e-06 2.8e-06 2.65e-06 2.25e-06 2.25e-06 2.65e-06 2.7e-06 3.3e-06 2.7e-06 1.7e-06 2.75e-06 2.15e-06 2.3e-06 3.1e-06 2.1e-06 3.4e-06 2.55e-06 2.1e-06 2.45e-06 3.7e-06 2.3e-06 3.1e-06 2.95e-06 2.25e-06 1.55e-06 3.6e-06 2.9e-06 2.15e-06 2e-06 2.3e-06 2.8e-06 2.4e-06 1.95e-06 2.4e-06 2.15e-06 2.9e-06 2.6e-06 2.2e-06 2.3e-06 3.2e-06 2.6e-06 2.75e-06 3.3e-06 3.25e-06 2.2e-06
21 3.25e-06 3.65e-06 2.7e-06 2.15e-06 2.35e-06 3.2e-06 3.05e-06 2.3e-06 2.7e-06 3.3e-06 1.75e-06 3.55e-06 1.95e-06 3.1e-06 3.2e-06 2.35e-06 3.25e-06 2.85e-06 2.3e-06 3.25e-06 3.3e-06 2.6e-06 2.3e-06 3.35e-06 2.75e-06 2.7e-06 3.3e-06 2.65e-06 3.3e-06 3.2e-06 3.15e-06 2.8e-06 3.1e-06 2.25e-06 2.95e-06 2.9e-06 2.2e-06 2.85e-06 3.2e-06 2.15e-06 2.65e-06 2.9e-06 2.8e-06 2.9e-06 3.1e-06 2.65e-06 3.1e-06 3.15e-06 3.3e-06 2.45e-06 2.4e-06 2.85e-06 2.75e-06 3e-06 3.05e-06 2.3e-06 3.1e-06 3e-06 3.1e-06
22 3.4e-06 2.8e-06 1.8e-06 2.85e-06 2.7e-06 2.45e-06 3.3e-06 1.95e-06 2.4e-06 3.4e-06 1.55e-06 2.75e-06 1.55e-06 3.15e-06 2.85e-06 1.15e-06 3.3e-06 1.75e-06 2.2e-06 3.3e-06 2.7e-06 2.3e-06 1.9e-06 2.75e-06 2.2e-06 1.95e-06 3.1e-06 2.7e-06 3.15e-06 4.15e-06 3.2e-06 1.85e-06 3.3e-06 3.4e-06 1.95e-06 3.9e-06 2.9e-06 1.75e-06 2.6e-06 3.45e-06 2.35e-06 1.95e-06 1.85e-06 1.8e-06 3.45e-06 2e-06 2.05e-06 3.4e-06 2.15e-06 2.5e-06 1.25e-06 1.95e-06 1.4e-06 3.95e-06 2.95e-06 1.25e-06 4.05e-06 3.95e-06 3.25e-06
23 2.35e-06 2.75e-06 2.2e-06 2.85e-06 3.1e-06 1.5e-06 2.05e-06 2.4e-06 2.6e-06 3.15e-06 2.6e-06 2.65e-06 2.6e-06 2.6e-06 2.5e-06 2.65e-06 2.9e-06 1.75e-06 1.75e-06 2.95e-06 1.7e-06 3.35e-06 2.75e-06 1.8e-06 2.6e-06 2.05e-06 2.2e-06 3.05e-06 2.75e-06 3.65e-06 2.85e-06 2.75e-06 2.3e-06 3.75e-06 1.95e-06 3.35e-06 3.1e-06 1.8e-06 2.3e-06 3.7e-06 2.85e-06 2.05e-06 2e-06 1.85e-06 3.1e-06 2.15e-06 2e-06 2.15e-06 2.3e-06 2.85e-06 2.45e-06 1.6e-06 2.15e-06 3.45e-06 2.7e-06 2.6e-06 3.5e-06 3.3e-06 2.95e-06
24 2.6e-06 3.05e-06 2.6e-06 2.5e-06 2.45e-06 2.4e-06 2.5e-06 2.75e-06 1.9e-06 3.15e-06 2.2e-06 3.15e-06 2.2e-06 2.5e-06 2.95e-06 1.8e-06 2.75e-06 1.9e-06 2.35e-06 2.75e-06 2.75e-06 2.75e-06 2.2e-06 2.6e-06 3.2e-06 2.15e-06 2.15e-06 2.35e-06 2.65e-06 2.8e-06 2.65e-06 3.05e-06 2.5e-06 2.6e-06 2.4e-06 2.7e-06 2.7e-06 1.9e-06 3e-06 2.6e-06 2e-06 2.15e-06 2e-06 1.95e-06 2.8e-06 2.65e-06 2.4e-06 2.5e-06 3.1e-06 2.2e-06 1.85e-06 2.3e-06 1.7e-06 2.75e-06 2.75e-06 1.9e-06 2.85e-06 2.5e-06 2.95e-06
25 2.65e-06 2.3e-06 1.85e-06 2.65e-06 2.35e-06 2e-06 2.7e-06 2.3e-06 1.95e-06 3e-06 1.45e-06 2.45e-06 1.55e-06 2.2e-06 2.85e-06 1.3e-06 2.85e-06 1.55e-06 1.75e-06 2.85e-06 2.15e-06 2.7e-06 1.95e-06 2.05e-06 2.15e-06 2.3e-06 2.15e-06 2.4e-06 2.6e-06 3.6e-06 2.75e-06 2.55e-06 2.45e-06 3.35e-06 1.6e-06 3.4e-06 2.55e-06 1.55e-06 2.65e-06 3.35e-06 2.4e-06 1.25e-06 1.3e-06 1.6e-06 3e-06 2e-06 2.15e-06 2.7e-06 2.85e-06 2.2e-06 1.3e-06 1.8e-06 1.25e-06 3.4e-06 3.1e-06 1.15e-06 3.5e-06 3.55e-06 2.8e-06
26 2.2e-06 2.55e-06 2.5e-06 2.6e-06 2.65e-06 2.05e-06 2.15e-06 2.85e-06 1.85e-06 2.7e-06 2.85e-06 2.7e-06 2.85e-06 1.9e-06 2.7e-06 2.8e-06 2.4e-06 2.25e-06 2.35e-06 2.4e-06 2.3e-06 3.3e-06 3.1e-06 2.2e-06 2.15e-06 2.15e-06 2.8e-06 2.65e-06 2.15e-06 2.55e-06 2.3e-06 3.2e-06 2e-06 2.95e-06 2.55e-06 2.3e-06 2.65e-06 2.25e-06 2.75e-06 2.8e-06 2.45e-06 2.15e-06 1.9e-06 2.25e-06 2.4e-06 2.75e-06 2.2e-06 2.15e-06 2.9e-06 2.55e-06 2.55e-06 2.4e-06 2.3e-06 2.4e-06 2.55e-06 2.8e-06 2.5e-06 2.4e-06 2.45e-06
27 2.65e-06 3.3e-06 2.95e-06 2.4e-06 2.5e-06 2.65e-06 2.6e-06 2.85e-06 2.45e-06 3.2e-06 2.3e-06 3.4e-06 2.4e-06 2.65e-06 3.2e-06 2.2e-06 2.7e-06 2.5e-06 2.65e-06 2.75e-06 3.1e-06 2.65e-06 2.7e-06 3.05e-06 2.35e-06 2.4e-06 2.65e-06 4.1e-06 3.05e-06 2.75e-06 2.65e-06 3.3e-06 2.6e-06 2.35e-06 2.75e-06 2.45e-06 2.7e-06 2.5e-06 3.25e-06 2.25e-06 2.25e-06 2.5e-06 2.5e-06 2.5e-06 2.5e-06 2.75e-06 2.45e-06 2.55e-06 3.15e-06 2.15e-06 2.25e-06 2.8e-06 2.15e-06 2.5e-06 2.65e-06 2.05e-06 2.6e-06 2.45e-06 3e-06
28 2.6e-06 2.2e-06 2.5e-06 2.95e-06 2.7e-06 2.6e-06 2.6e-06 2.95e-06 2.25e-06 1.85e-06 3.3e-06 1.8e-06 3.3e-06 1.9e-06 1.7e-06 3.3e-06 2.35e-06 2.9e-06 2.95e-06 2.35e-06 2.1e-06 3.3e-06 3.15e-06 2.75e-06 2.65e-06 2.6e-06 2.15e-06 3.05e-06 2.9e-06 2.55e-06 2.25e-06 2.25e-06 2.3e-06 3.1e-06 2.75e-06 2.25e-06 2.75e-06 2.9e-06 1.8e-06 3e-06 2.85e-06 2.6e-06 2.4e-06 2.95e-06 2.4e-06 3e-06 2.45e-06 2.7e-06 2.65e-06 2.9e-06 3.15e-06 2.9e-06 2.8e-06 2.4e-06 2.55e-06 3.25e-06 2.5e-06 2.65e-06 1.75e-06
29 2.35e-06 3.25e-06 3.65e-06 2.55e-06 2.45e-06 3.2e-06 2.3e-06 3.8e-06 2.7e-06 2.3e-06 4.05e-06 3.4e-06 4.05e-06 1.85e-06 3.05e-06 4.15e-06 2.15e-06 3.7e-06 3.65e-06 2.15e-06 3.4e-06 3.2e-06 4.15e-06 3.65e-06 2.8e-06 3.6e-06 2.55e-06 2.75e-06 2.55e-06 1.8e-06 2.05e-06 3.9e-06 2.1e-06 1.65e-06 3.9e-06 1.05e-06 2.45e-06 3.7e-06 3.35e-06 1.6e-06 2.55e-06 3.6e-06 3.4e-06 3.75e-06 1.65e-06 3.95e-06 3e-06 2.3e-06 3.7e-06 2.65e-06 4e-06 3.9e-06 3.65e-06 1.05e-06 2.35e-06 4.1e-06 1.15e-06 1.05e-06 2.2e-06
30 2.25e-06 1.7e-06 2.7e-06 2.45e-06 2.55e-06 2.3e-06 2.2e-06 2.85e-06 2.45e-06 2.3e-06 3.2e-06 2.15e-06 3.2e-06 1.9e-06 2.5e-06 3.3e-06 1.7e-06 2.85e-06 2.8e-06 1.65e-06 2.55e-06 3.15e-06 3.2e-06 2.85e-06 2.65e-06 2.75e-06 2.3e-06 2.65e-06 2.25e-06 2.05e-06 3.1e-06 2.9e-06 2e-06 2.4e-06 3.05e-06 1.7e-06 2.5e-06 2.8e-06 2.5e-06 2.25e-06 2.4e-06 2.75e-06 2.55e-06 2.9e-06 1.75e-06 3e-06 1.95e-06 2.25e-06 2.65e-06 2.5e-06 3.15e-06 3.05e-06 2.8e-06 1.8e-06 2.1e-06 3.25e-06 1.95e-06 1.9e-06 2.1e-06
31 3.4e-06 2.3e-06 1.85e-06 3.2e-06 3.1e-06 2.5e-06 3.25e-06 2.05e-06 2.9e-06 2.4e-06 2.6e-06 1.7e-06 2.6e-06 2.9e-06 1.65e-06 2.6e-06 3e-06 2.65e-06 2.7e-06 3e-06 2.1e-06 2.8e-06 1.85e-06 2.75e-06 3.05e-06 2.55e-06 3.2e-06 3.3e-06 2.25e-06 3.9e-06 2.9e-06 2.3e-06 3.2e-06 3.8e-06 2.4e-06 3.55e-06 3.1e-06 2.65e-06 1.45e-06 3.75e-06 3.1e-06 2.55e-06 2.4e-06 2.7e-06 3.15e-06 2.25e-06 1.95e-06 3.45e-06 1.55e-06 3.1e-06 2.5e-06 2.45e-06 2.45e-06 3.7e-06 2.6e-06 2.55e-06 3.8e-06 3.85e-06 2.35e-06
32 1.9e-06 2.55e-06 2.65e-06 2.4e-06 2.5e-06 2.25e-06 2e-06 2.95e-06 2.25e-06 2.45e-06 3.05e-06 2.7e-06 3.05e-06 1.8e-06 2.65e-06 3.15e-06 2.15e-06 2.4e-06 2.35e-06 2.1e-06 2.45e-06 3.1e-06 3.3e-06 2.3e-06 2.5e-06 2.45e-06 2e-06 2.6e-06 2.3e-06 2.1e-06 2e-06 3.2e-06 3.2e-06 2.45e-06 2.65e-06 1.7e-06 2.45e-06 2.35e-06 2.7e-06 2.25e-06 2.35e-06 2.45e-06 2.3e-06 2.5e-06 1.8e-06 2.85e-06 2.3e-06 2.05e-06 3e-06 2.45e-06 2.95e-06 2.6e-06 2.65e-06 1.85e-06 2.3e-06 3.1e-06 2e-06 1.95e-06 2.2e-06
33 2.65e-06 3.8e-06 3.6e-06 2.2e-06 2.15e-06 3.35e-06 2.45e-06 3.4e-06 2.7e-06 2.8e-06 3.05e-06 3.9e-06 3.15e-06 2.4e-06 3.3e-06 3.2e-06 2.55e-06 3.35e-06 3.25e-06 2.5e-06 3.7e-06 2.25e-06 3.4e-06 3.75e-06 2.6e-06 3.35e-06 2.95e-06 2.35e-06 3.1e-06 1.65e-06 2.4e-06 3.8e-06 2.45e-06 2.1e-06 3.65e-06 1.45e-06 2.25e-06 3.3e-06 3.6e-06 1.25e-06 2.2e-06 3.45e-06 3.35e-06 3.4e-06 2.05e-06 3.6e-06 3.15e-06 2.5e-06 3.85e-06 2.2e-06 3.25e-06 3.6e-06 3.15e-06 1.4e-06 2.5e-06 3.15e-06 1.5e-06 1.5e-06 2.75e-06
34 2.8e-06 2.6e-06 2e-06 3.05e-06 2.7e-06 2.3e-06 2.95e-06 2.45e-06 2.35e-06 3.1e-06 1.9e-06 2.55e-06 1.9e-06 2.6e-06 2.7e-06 1.6e-06 3.15e-06 1.65e-06 2e-06 3.15e-06 2.3e-06 2.95e-06 1.95e-06 1.95e-06 2.4e-06 1.6e-06 2.55e-06 2.75e-06 2.75e-06 3.9e-06 3.05e-06 2.4e-06 2.65e-06 3.65e-06 2.7e-06 3.65e-06 2.95e-06 1.65e-06 2.5e-06 3.75e-06 2.65e-06 1.6e-06 1.75e-06 1.7e-06 3.35e-06 2e-06 2.35e-06 3.05e-06 2.65e-06 2.55e-06 1.6e-06 1.7e-06 1.45e-06 3.7e-06 3.15e-06 1.45e-06 3.8e-06 3.85e-06 2.95e-06
35 2e-06 3.1e-06 3.35e-06 2.2e-06 2.4e-06 3e-06 1.8e-06 3.5e-06 2.45e-06 2.15e-06 3.85e-06 3.15e-06 3.85e-06 1.75e-06 2.65e-06 4e-06 1.85e-06 3.5e-06 3.4e-06 1.8e-06 3.1e-06 2.9e-06 3.9e-06 3.35e-06 2.7e-06 3.4e-06 2.3e-06 2.45e-06 2.25e-06 1.05e-06 1.7e-06 3.55e-06 1.7e-06 1.45e-06 3.65e-06 9e-07 2.35e-06 3.45e-06 2.95e-06 1.2e-06 2.2e-06 3.4e-06 3.15e-06 3.55e-06 1.15e-06 3.65e-06 2.85e-06 1.95e-06 3.35e-06 2.4e-06 3.8e-06 3.6e-06 3.5e-06 8e-07 1.9e-06 3.95e-06 9.5e-07 9e-07 1.9e-06
36 2.7e-06 2.8e-06 2.7e-06 2.25e-06 2.15e-06 2.75e-06 2.7e-06 2.65e-06 2.45e-06 2.65e-06 2.35e-06 3e-06 2.45e-06 2.15e-06 3.1e-06 2.8e-06 2.6e-06 2.8e-06 2.4e-06 2.6e-06 2.95e-06 2.2e-06 2.9e-06 3.1e-06 2.7e-06 2.55e-06 2.65e-06 2.7e-06 2.75e-06 2.45e-06 2.5e-06 3.1e-06 2.45e-06 2.25e-06 2.95e-06 2.35e-06 3.9e-06 2.8e-06 3.1e-06 2.25e-06 2.6e-06 2.65e-06 2.55e-06 2.85e-06 2.45e-06 2.95e-06 2.65e-06 2.7e-06 3.35e-06 2.5e-06 2.75e-06 3e-06 2.75e-06 2.25e-06 2.85e-06 2.75e-06 2.35e-06 2.55e-06 2.55e-06
37 2.5e-06 2.65e-06 2.05e-06 2.65e-06 2.6e-06 1.9e-06 2.55e-06 2.3e-06 2.1e-06 3.3e-06 1.7e-06 2.75e-06 1.7e-06 2.6e-06 2.85e-06 1.3e-06 2.95e-06 1.15e-06 1.6e-06 2.9e-06 2.25e-06 2.85e-06 1.75e-06 1.8e-06 1.9e-06 1.55e-06 2.25e-06 2.5e-06 2.9e-06 3.7e-06 2.8e-06 2.65e-06 2.35e-06 3.3e-06 1.65e-06 3.45e-06 2.8e-06 2.2e-06 2.65e-06 3.3e-06 2.1e-06 1.55e-06 1.5e-06 1.25e-06 3.05e-06 2e-06 2e-06 2.6e-06 2.7e-06 2.25e-06 1.35e-06 1.55e-06 1.2e-06 3.45e-06 2.9e-06 1.4e-06 3.6e-06 3.35e-06 3.1e-06
38 2.95e-06 2.2e-06 2.2e-06 3.15e-06 3.05e-06 2.25e-06 2.65e-06 2.35e-06 2.9e-06 1.95e-06 3.1e-06 1.45e-06 3.1e-06 2.5e-06 9e-07 3.1e-06 2.65e-06 2.7e-06 2.75e-06 2.6e-06 1.55e-06 3.2e-06 2.6e-06 2.3e-06 3e-06 2.65e-06 2.75e-06 3.25e-06 1.8e-06 3.35e-06 2.5e-06 1.45e-06 2.7e-06 3.6e-06 2.5e-06 2.95e-06 3.1e-06 2.65e-06 1.1e-06 3.55e-06 3e-06 2.65e-06 2.5e-06 2.75e-06 2.75e-06 2.45e-06 1.95e-06 2.9e-06 1.65e-06 3e-06 3e-06 2.5e-06 2.6e-06 3.1e-06 2.3e-06 3.05e-06 3.25e-06 3.2e-06 1.8e-06
39 2.4e-06 3.75e-06 3.5e-06 1.95e-06 2.3e-06 3.25e-06 2.25e-06 3.3e-06 2.55e-06 2.85e-06 3.05e-06 3.85e-06 3.15e-06 2.4e-06 3.25e-06 3.35e-06 2.35e-06 3.35e-06 3.1e-06 2.35e-06 3.6e-06 2.15e-06 3.45e-06 3.7e-06 2.6e-06 3.35e-06 2.8e-06 2.25e-06 3e-06 1.6e-06 2.25e-06 3.75e-06 2.25e-06 1.25e-06 3.75e-06 1.2e-06 2.25e-06 3.3e-06 3.55e-06 1.8e-06 2.15e-06 3.45e-06 3.2e-06 3.4e-06 1.8e-06 3.5e-06 3.1e-06 2.25e-06 3.8e-06 2.15e-06 3.25e-06 3.55e-06 3.3e-06 1.25e-06 2.35e-06 3.3e-06 1.45e-06 1.25e-06 2.6e-06
40 2.5e-06 3.1e-06 2.75e-06 2.35e-06 2.4e-06 2.55e-06 2.35e-06 2.85e-06 2.2e-06 3e-06 2.4e-06 3.2e-06 2.4e-06 2.45e-06 2.95e-06 2.05e-06 2.55e-06 2.15e-06 2.55e-06 2.5e-06 2.9e-06 2.65e-06 2.35e-06 2.85e-06 2e-06 2.4e-06 2.45e-06 2.25e-06 2.85e-06 2.55e-06 2.4e-06 3.1e-06 2.35e-06 2.2e-06 2.65e-06 2.2e-06 2.6e-06 2.1e-06 3e-06 2.15e-06 3.7e-06 2.4e-06 2.25e-06 2.2e-06 2.3e-06 2.8e-06 2.45e-06 2.4e-06 3.15e-06 2.1e-06 2.1e-06 2.55e-06 1.95e-06 2.3e-06 2.5e-06 2.15e-06 2.45e-06 2.2e-06 2.8e-06
41 2.65e-06 2.3e-06 1.85e-06 2.75e-06 2.45e-06 2e-06 2.7e-06 2.4e-06 1.95e-06 3e-06 1.65e-06 2.45e-06 1.65e-06 2.2e-06 2.85e-06 1.4e-06 2.85e-06 1.55e-06 1.85e-06 2.85e-06 2.15e-06 2.9e-06 1.95e-06 2.05e-06 2.15e-06 1.25e-06 2.15e-06 2.5e-06 2.6e-06 3.6e-06 2.75e-06 2.55e-06 2.45e-06 3.45e-06 1.6e-06 3.4e-06 2.65e-06 1.55e-06 2.65e-06 3.45e-06 2.4e-06 2.3e-06 1.3e-06 1.6e-06 3e-06 2.1e-06 2.15e-06 2.7e-06 2.85e-06 2.3e-06 1.3e-06 1.8e-06 1.25e-06 3.4e-06 3.1e-06 1.25e-06 3.5e-06 3.55e-06 2.8e-06
42 2.5e-06 2.15e-06 1.7e-06 2.6e-06 2.4e-06 1.85e-06 2.5e-06 2.3e-06 1.55e-06 2.85e-06 1.75e-06 2.3e-06 1.75e-06 1.95e-06 2.7e-06 1.5e-06 2.65e-06 1.5e-06 1.8e-06 2.65e-06 2e-06 2.8e-06 1.85e-06 2e-06 2e-06 1.3e-06 1.9e-06 2.5e-06 2.4e-06 3.4e-06 2.55e-06 2.4e-06 2.3e-06 3.35e-06 1.75e-06 3.15e-06 2.55e-06 1.5e-06 2.5e-06 3.2e-06 2.25e-06 1.3e-06 1.6e-06 1.55e-06 2.75e-06 2.1e-06 2e-06 2.5e-06 2.7e-06 2.25e-06 1.15e-06 1.55e-06 1.35e-06 3.2e-06 2.9e-06 1.5e-06 3.3e-06 3.25e-06 2.6e-06
43 2.6e-06 2.7e-06 2.1e-06 2.7e-06 2.65e-06 1.9e-06 2.65e-06 2.3e-06 2.15e-06 3.35e-06 1.75e-06 2.8e-06 1.75e-06 2.65e-06 2.95e-06 1.35e-06 3e-06 1.25e-06 1.7e-06 3e-06 2.3e-06 2.9e-06 1.8e-06 1.85e-06 1.95e-06 1.6e-06 2.25e-06 2.5e-06 2.95e-06 3.75e-06 2.9e-06 2.7e-06 2.5e-06 3.4e-06 1.7e-06 3.55e-06 2.85e-06 1.25e-06 2.75e-06 3.4e-06 2.2e-06 1.6e-06 1.55e-06 2.3e-06 3.15e-06 1.9e-06 1.95e-06 2.65e-06 2.65e-06 2.35e-06 1.4e-06 1.6e-06 1.25e-06 3.55e-06 2.95e-06 1.45e-06 3.65e-06 3.45e-06 3.15e-06
44 2.1e-06 2.6e-06 2.9e-06 2.3e-06 2.55e-06 2.45e-06 2.05e-06 3e-06 2.55e-06 2.3e-06 3.45e-06 2.75e-06 3.45e-06 1.85e-06 2.75e-06 3.6e-06 1.9e-06 3.1e-06 3e-06 1.85e-06 2.8e-06 3.1e-06 3.45e-06 3.1e-06 2.8e-06 3e-06 2.4e-06 2.5e-06 2.4e-06 1.65e-06 1.75e-06 3.15e-06 1.8e-06 2.05e-06 3.35e-06 1.15e-06 2.45e-06 3.05e-06 2.75e-06 1.8e-06 2.3e-06 3e-06 2.75e-06 3.15e-06 2.1e-06 3.3e-06 2.05e-06 2.1e-06 2.75e-06 2.5e-06 3.4e-06 3.3e-06 3.1e-06 1.4e-06 1.9e-06 3.55e-06 1.55e-06 1.5e-06 2.05e-06
45 2.95e-06 2.7e-06 2.05e-06 2.8e-06 3e-06 2.15e-06 2.9e-06 2e-06 2.65e-06 3.3e-06 1.9e-06 2.65e-06 2e-06 3e-06 2.7e-06 2e-06 3.1e-06 2e-06 1.95e-06 3.1e-06 2.4e-06 2.65e-06 2e-06 2.15e-06 2.65e-06 2e-06 2.75e-06 2.75e-06 3e-06 3.95e-06 3e-06 2.25e-06 2.85e-06 3.6e-06 2e-06 3.65e-06 2.95e-06 2e-06 2.45e-06 3.5e-06 2.8e-06 2.1e-06 2.1e-06 1.9e-06 3.3e-06 3.3e-06 1.95e-06 3e-06 2.05e-06 2.6e-06 1.95e-06 1.95e-06 1.95e-06 3.75e-06 2.75e-06 1.85e-06 3.85e-06 3.65e-06 3.1e-06
46 2.4e-06 1.55e-06 1.8e-06 2.5e-06 2.7e-06 9.5e-07 2.3e-06 1.5e-06 2.5e-06 2.6e-06 2.4e-06 1.85e-06 2.4e-06 2.25e-06 2.25e-06 2.45e-06 2.05e-06 2e-06 2e-06 2.05e-06 1.95e-06 3.1e-06 2.05e-06 2e-06 2.4e-06 2.15e-06 2.2e-06 2.45e-06 2.45e-06 3e-06 1.95e-06 1.95e-06 2.3e-06 3.15e-06 2.35e-06 2.85e-06 2.65e-06 2e-06 1.95e-06 3.1e-06 2.45e-06 2.15e-06 2e-06 1.95e-06 2.05e-06 1.95e-06 0.0 2.3e-06 7e-07 2.45e-06 2.35e-06 2.2e-06 1.95e-06 2.8e-06 1.6e-06 2.4e-06 2.9e-06 2.7e-06 2.45e-06
47 2e-06 3.05e-06 2.9e-06 2.2e-06 2.75e-06 2e-06 1.75e-06 2.95e-06 2.45e-06 2.9e-06 3.1e-06 3.15e-06 3.1e-06 2.25e-06 2.85e-06 3.25e-06 2.2e-06 2.55e-06 2.45e-06 2.35e-06 2.4e-06 3.15e-06 3.4e-06 2.15e-06 2.5e-06 2.7e-06 2.15e-06 2.55e-06 2.7e-06 2.3e-06 2.25e-06 3.45e-06 2.05e-06 2.5e-06 3.05e-06 1.95e-06 2.7e-06 2.6e-06 2.9e-06 2.25e-06 2.4e-06 2.7e-06 2.5e-06 2.65e-06 2.1e-06 3e-06 2.3e-06 3e-06 3e-06 2.5e-06 3e-06 2.7e-06 2.75e-06 2.05e-06 2.3e-06 3.2e-06 2e-06 1.9e-06 2.65e-06
48 3.1e-06 2.25e-06 1.9e-06 3.2e-06 3.4e-06 1.65e-06 2.8e-06 1.6e-06 3.2e-06 2.8e-06 3.1e-06 2.05e-06 3.1e-06 2.95e-06 1.95e-06 3.15e-06 2.75e-06 2.7e-06 2.7e-06 2.75e-06 2.15e-06 3.3e-06 2.15e-06 2.3e-06 3.1e-06 2.85e-06 2.9e-06 3.15e-06 2.65e-06 3.7e-06 2.65e-06 1.55e-06 3e-06 3.85e-06 2.65e-06 3.35e-06 3.35e-06 2.7e-06 1.65e-06 3.8e-06 3.15e-06 2.85e-06 2.7e-06 2.65e-06 2.75e-06 2.05e-06 7e-07 3e-06 2e-07 3.15e-06 3.05e-06 2.5e-06 2.65e-06 3.5e-06 1.7e-06 3.1e-06 3.6e-06 3.4e-06 2.65e-06
49 2.6e-06 3.1e-06 2.75e-06 2.35e-06 2.3e-06 2.55e-06 2.45e-06 2.75e-06 2.3e-06 3e-06 2.1e-06 3.2e-06 2.2e-06 2.45e-06 2.95e-06 2e-06 2.65e-06 2.3e-06 2.45e-06 2.6e-06 2.9e-06 2.45e-06 2.5e-06 2.85e-06 2.2e-06 2.2e-06 2.55e-06 2.15e-06 2.9e-06 2.65e-06 2.5e-06 3.1e-06 2.45e-06 2.2e-06 2.55e-06 2.4e-06 2.5e-06 2.25e-06 3e-06 2.15e-06 2.1e-06 2.3e-06 2.25e-06 2.35e-06 2.5e-06 2.6e-06 2.45e-06 2.5e-06 3.15e-06 3.7e-06 2.05e-06 2.6e-06 1.95e-06 2.4e-06 2.6e-06 1.85e-06 2.55e-06 2.25e-06 2.8e-06
50 3.05e-06 2.9e-06 1.95e-06 2.65e-06 2.45e-06 2.3e-06 3e-06 2.3e-06 1.8e-06 3.55e-06 1.1e-06 3e-06 1.05e-06 2.8e-06 3.2e-06 6.5e-07 3.25e-06 1.35e-06 1.85e-06 3.25e-06 2.6e-06 2.4e-06 1.25e-06 2.45e-06 1.85e-06 1.3e-06 2.55e-06 2.25e-06 3.15e-06 4e-06 3.15e-06 2.5e-06 2.95e-06 3.25e-06 1.6e-06 3.8e-06 2.75e-06 1.35e-06 3e-06 3.25e-06 2.1e-06 1.3e-06 1.15e-06 1.4e-06 3.4e-06 1.95e-06 2.35e-06 3e-06 3.05e-06 2.05e-06 9e-07 1.55e-06 8.5e-07 3.8e-06 3.3e-06 5.5e-07 3.9e-06 3.75e-06 3.35e-06
51 2.65e-06 2.85e-06 2e-06 2.8e-06 2.9e-06 2.05e-06 2.65e-06 2.3e-06 2.2e-06 3.3e-06 2e-06 2.75e-06 2e-06 2.75e-06 2.7e-06 1.8e-06 3.1e-06 1.5e-06 1.75e-06 3.15e-06 2.2e-06 2.85e-06 1.95e-06 1.6e-06 2.3e-06 1.8e-06 2.4e-06 2.8e-06 2.9e-06 3.9e-06 3.05e-06 2.45e-06 2.6e-06 3.6e-06 1.7e-06 3.6e-06 3e-06 1.55e-06 2.5e-06 3.55e-06 2.55e-06 1.8e-06 1.55e-06 1.6e-06 3.3e-06 1.95e-06 2.2e-06 2.7e-06 2.5e-06 2.6e-06 1.55e-06 2.6e-06 1.65e-06 3.7e-06 2.95e-06 1.8e-06 3.75e-06 3.6e-06 3.1e-06
52 2.75e-06 2.5e-06 2e-06 2.7e-06 2.3e-06 2e-06 2.75e-06 2.3e-06 1.95e-06 3.15e-06 1.35e-06 2.6e-06 1.35e-06 2.5e-06 2.8e-06 7e-07 2.9e-06 1.2e-06 1.9e-06 2.9e-06 2.3e-06 2.75e-06 1.4e-06 2.15e-06 1.7e-06 1.25e-06 2.3e-06 2.15e-06 2.8e-06 3.65e-06 2.8e-06 2.45e-06 2.65e-06 3.15e-06 1.45e-06 3.5e-06 2.75e-06 1.2e-06 2.6e-06 3.3e-06 1.95e-06 1.25e-06 1.35e-06 1.25e-06 3.1e-06 1.95e-06 1.95e-06 2.75e-06 2.65e-06 1.95e-06 8.5e-07 1.65e-06 1.1e-06 3.45e-06 2.95e-06 6.5e-07 3.55e-06 3.45e-06 3e-06
53 2.1e-06 3.05e-06 3.45e-06 2.3e-06 2.25e-06 3e-06 2.05e-06 3.6e-06 2.55e-06 2.1e-06 3.85e-06 3.2e-06 3.85e-06 1.65e-06 2.8e-06 3.95e-06 1.9e-06 3.5e-06 3.45e-06 1.9e-06 3.2e-06 3e-06 3.95e-06 3.45e-06 2.75e-06 3.4e-06 2.4e-06 2.5e-06 2.4e-06 1.05e-06 1.8e-06 3.7e-06 1.85e-06 1.4e-06 3.7e-06 8e-07 2.25e-06 3.45e-06 3.1e-06 1.25e-06 2.3e-06 3.4e-06 3.2e-06 3.55e-06 1.4e-06 3.75e-06 2.8e-06 2.05e-06 3.5e-06 2.4e-06 3.8e-06 3.7e-06 3.45e-06 1.4e-06 2.1e-06 3.9e-06 9e-07 1.05e-06 2e-06
54 2.45e-06 2.75e-06 2.65e-06 2.55e-06 2.9e-06 2.15e-06 2.15e-06 2.45e-06 2.8e-06 2.6e-06 3.35e-06 2.7e-06 3.35e-06 2.45e-06 2.3e-06 3.45e-06 2.25e-06 2.95e-06 2.9e-06 2.15e-06 2.6e-06 3.05e-06 2.95e-06 2.7e-06 2.75e-06 3.1e-06 2.55e-06 2.65e-06 2.55e-06 2.35e-06 2.1e-06 2.6e-06 2.3e-06 2.5e-06 3.15e-06 1.9e-06 2.85e-06 2.9e-06 2.3e-06 2.35e-06 2.5e-06 3.1e-06 2.9e-06 2.95e-06 1.9e-06 2.75e-06 1.6e-06 2.3e-06 1.7e-06 2.6e-06 3.3e-06 2.95e-06 2.95e-06 2.1e-06 3.2e-06 3.4e-06 2.25e-06 1.95e-06 2.4e-06
55 3.2e-06 2.95e-06 2.1e-06 2.7e-06 2.3e-06 2.45e-06 3.2e-06 2.3e-06 2.1e-06 3.6e-06 8e-07 3.05e-06 9e-07 2.95e-06 3.25e-06 3.5e-07 3.35e-06 1.4e-06 1.9e-06 3.35e-06 2.75e-06 2.3e-06 1.25e-06 2.6e-06 1.9e-06 1.15e-06 2.8e-06 2.05e-06 3.25e-06 4.1e-06 3.25e-06 2.55e-06 3.1e-06 3.15e-06 1.45e-06 3.95e-06 2.75e-06 1.4e-06 3.05e-06 3.3e-06 2.15e-06 1.25e-06 1.5e-06 1.45e-06 3.55e-06 1.85e-06 2.4e-06 3.2e-06 3.1e-06 1.85e-06 5.5e-07 1.8e-06 6.5e-07 3.9e-06 3.4e-06 2e-07 4e-06 3.9e-06 3.45e-06
56 2.1e-06 3.15e-06 3.55e-06 2.3e-06 2.35e-06 3.1e-06 2.2e-06 3.7e-06 2.65e-06 2.2e-06 3.95e-06 3.3e-06 3.95e-06 1.75e-06 2.95e-06 4.05e-06 1.9e-06 3.55e-06 3.5e-06 2.05e-06 3.3e-06 3.1e-06 4.05e-06 3.5e-06 2.85e-06 3.5e-06 2.5e-06 2.6e-06 2.5e-06 1.15e-06 1.95e-06 3.8e-06 2e-06 1.5e-06 3.8e-06 9.5e-07 2.35e-06 3.6e-06 3.25e-06 1.45e-06 2.45e-06 3.5e-06 3.3e-06 3.65e-06 1.55e-06 3.85e-06 2.9e-06 2e-06 3.6e-06 2.55e-06 3.9e-06 3.75e-06 3.55e-06 9e-07 2.25e-06 4e-06 1.6e-06 1.2e-06 2.1e-06
57 2.1e-06 3.45e-06 3.6e-06 2.2e-06 2.6e-06 2.85e-06 1.85e-06 3.5e-06 2.6e-06 2.6e-06 3.8e-06 3.55e-06 3.8e-06 2.15e-06 2.9e-06 3.95e-06 2.05e-06 3.4e-06 3.3e-06 2e-06 3.25e-06 3e-06 3.95e-06 3.3e-06 2.5e-06 3.55e-06 2.4e-06 2.45e-06 2.65e-06 1.05e-06 1.9e-06 3.85e-06 1.95e-06 1.5e-06 3.85e-06 9e-07 2.55e-06 3.35e-06 3.2e-06 1.25e-06 2.2e-06 3.55e-06 3.25e-06 3.45e-06 1.5e-06 3.65e-06 2.7e-06 1.9e-06 3.4e-06 2.25e-06 3.75e-06 3.6e-06 3.45e-06 1.05e-06 1.95e-06 3.9e-06 1.2e-06 1e-06 2.35e-06
58 2.55e-06 2.2e-06 2.6e-06 2.85e-06 2.55e-06 2.7e-06 2.55e-06 3e-06 2.55e-06 1.7e-06 3.45e-06 1.9e-06 3.45e-06 1.75e-06 1.75e-06 3.5e-06 2.2e-06 3.1e-06 3.1e-06 2.2e-06 2.2e-06 3.1e-06 3.25e-06 2.95e-06 2.95e-06 2.8e-06 2.45e-06 3e-06 1.75e-06 2.2e-06 2.1e-06 2.35e-06 2.2e-06 2.75e-06 2.95e-06 1.9e-06 2.55e-06 3.1e-06 1.8e-06 2.6e-06 2.8e-06 2.8e-06 2.6e-06 3.15e-06 2.05e-06 3.1e-06 2.45e-06 2.65e-06 2.65e-06 2.8e-06 3.35e-06 3.1e-06 3e-06 2e-06 2.4e-06 3.45e-06 2.1e-06 2.35e-06 2.9e-06
