 slim_762129754 slim_762129743 slim_762129753 slim_762129738 slim_762129729 slim_762129767 slim_762129770 slim_762129741 slim_762129781 slim_762129728 slim_762129735 slim_762129745 slim_762129757 slim_762129725 slim_762129778 slim_762129771 slim_762129765 slim_762129761 slim_762129744 slim_762129732 slim_762129759 slim_762129763 slim_762129762 slim_762129769 slim_762129739 slim_762129760 slim_762129727 slim_762129731 slim_762129758 slim_762129772 slim_762129740 slim_762129749 slim_762129747 slim_762129733 slim_762129748 slim_762129779 slim_762129746 slim_762129766 slim_762129774 slim_762129736 slim_762129780 slim_762129734 slim_762129768 slim_762129776 slim_762129750 slim_762129756 slim_762129742 slim_762129752 slim_762129755 slim_762129730 slim_762129773 slim_762129751 slim_762129726 slim_762129777 slim_762129775 slim_762129737 slim_762129764
0 2.2e-06 2.3e-06 1.35e-06 1.6e-06 1.85e-06 1.5e-06 2.2e-06 2.2e-06 2.25e-06 2e-06 2.3e-06 2.5e-06 1.2e-06 2.35e-06 1.9e-06 2.4e-06 2.5e-06 2.9e-06 2.15e-06 3e-06 1.4e-06 2.2e-06 1.85e-06 2.8e-06 2.4e-06 1.6e-06 2.2e-06 2.35e-06 3.1e-06 2e-06 2.65e-06 1.95e-06 2.1e-06 2.65e-06 1.65e-06 2.25e-06 1.85e-06 2.85e-06 2.85e-06 2.3e-06 2.5e-06 2.3e-06 1.4e-06 2.1e-06 2.05e-06 2.45e-06 2.8e-06 2.25e-06 2e-06 2.1e-06 2.05e-06 2.8e-06 1.75e-06 2.4e-06 2.05e-06 2.35e-06 1.8e-06
1 2.3e-06 3.2e-06 2.15e-06 2.2e-06 2.15e-06 2.3e-06 2.2e-06 2.65e-06 2.5e-06 2.4e-06 2.3e-06 2.35e-06 2e-06 2.05e-06 2.3e-06 2.8e-06 2.85e-06 2.65e-06 2.2e-06 2.85e-06 2.2e-06 1.85e-06 2.5e-06 2.25e-06 2.55e-06 2.65e-06 2.15e-06 2.85e-06 2.75e-06 2.3e-06 2.7e-06 2.15e-06 2.5e-06 1.95e-06 2.2e-06 2.4e-06 1.95e-06 2.6e-06 2.55e-06 2e-06 2.95e-06 2.3e-06 2.45e-06 2.6e-06 2.35e-06 2.2e-06 2.5e-06 2.45e-06 2.55e-06 2.35e-06 2e-06 2.25e-06 2.25e-06 2.4e-06 2.3e-06 2e-06 2.45e-06
2 1.35e-06 2.15e-06 1.1e-06 1.35e-06 2.5e-06 2.35e-06 1.65e-06 2.1e-06 2.45e-06 2.3e-06 2.65e-06 2e-06 1.35e-06 1.8e-06 1.55e-06 2.7e-06 2.1e-06 3.05e-06 1.5e-06 2.9e-06 1.45e-06 2.05e-06 1.7e-06 3.35e-06 2.2e-06 1.6e-06 2.85e-06 2.3e-06 3e-06 1.95e-06 2.95e-06 1.8e-06 1.85e-06 2.9e-06 1.2e-06 2e-06 1.9e-06 2.75e-06 3e-06 1.75e-06 2.75e-06 1.75e-06 1.45e-06 1.85e-06 1.95e-06 2.25e-06 3e-06 1.8e-06 2.05e-06 1.75e-06 1.7e-06 3.35e-06 1.05e-06 2e-06 2.15e-06 1.85e-06 1.65e-06
3 1.6e-06 2.2e-06 1.35e-06 2e-06 2.15e-06 1.9e-06 2.05e-06 2.35e-06 2.5e-06 2.2e-06 2.55e-06 2.5e-06 1.15e-06 2.25e-06 2.25e-06 2.7e-06 2.4e-06 3.2e-06 2e-06 3.3e-06 1.5e-06 2.1e-06 1.55e-06 3.1e-06 2.2e-06 1.85e-06 2.4e-06 2.65e-06 3.35e-06 2.2e-06 3.1e-06 2.1e-06 2.4e-06 2.85e-06 1.65e-06 2.2e-06 2.2e-06 3.15e-06 3.15e-06 2.2e-06 2.85e-06 2e-06 1.75e-06 2.55e-06 2.2e-06 2.45e-06 3.1e-06 2.25e-06 2e-06 2.2e-06 1.9e-06 3.1e-06 1.5e-06 2.45e-06 2.2e-06 2.3e-06 1.5e-06
4 1.85e-06 2.15e-06 2.5e-06 2.15e-06 2.2e-06 1.6e-06 2.35e-06 2.2e-06 1.75e-06 1.9e-06 1.95e-06 2.75e-06 1.65e-06 2.5e-06 2.3e-06 2.25e-06 2.8e-06 2.2e-06 2.5e-06 2.6e-06 1.9e-06 2.05e-06 2.35e-06 1.8e-06 2.5e-06 2.25e-06 1.65e-06 2.45e-06 2.4e-06 2e-06 2.05e-06 2e-06 2.4e-06 1.75e-06 2.35e-06 2.35e-06 1.95e-06 2.35e-06 1.9e-06 2.45e-06 2.35e-06 2.45e-06 2.15e-06 2.5e-06 2.15e-06 2.55e-06 2e-06 2.5e-06 2.3e-06 2.3e-06 1.8e-06 1.8e-06 2.7e-06 2.6e-06 1.65e-06 2.5e-06 2.3e-06
5 1.5e-06 2.3e-06 2.35e-06 1.9e-06 1.6e-06 1.1e-06 2.85e-06 2.5e-06 2.45e-06 2.2e-06 2.25e-06 2.9e-06 1.5e-06 2.9e-06 2.9e-06 2.05e-06 3.05e-06 3.25e-06 2.8e-06 3.5e-06 1.3e-06 2.3e-06 1.65e-06 2.6e-06 2.5e-06 2.1e-06 1.45e-06 2.95e-06 3.3e-06 2.55e-06 2.85e-06 2.6e-06 2.8e-06 2.75e-06 2.2e-06 2.35e-06 2.3e-06 3.35e-06 3.05e-06 2.85e-06 2.7e-06 2.95e-06 1.55e-06 2.95e-06 2.65e-06 2.45e-06 2.95e-06 2.7e-06 1.65e-06 2.9e-06 2.4e-06 2.6e-06 2.45e-06 2.85e-06 2.4e-06 2.85e-06 1.55e-06
6 2.2e-06 2.2e-06 1.65e-06 2.05e-06 2.35e-06 2.85e-06 2.8e-06 2.3e-06 2.5e-06 2.25e-06 2.7e-06 2.35e-06 1.9e-06 1.6e-06 1.6e-06 2.95e-06 2.55e-06 2.2e-06 1.75e-06 2.45e-06 2.1e-06 2.1e-06 2.4e-06 2.7e-06 2.5e-06 2.3e-06 2.75e-06 2.5e-06 2.65e-06 2.05e-06 2.6e-06 1.5e-06 2.25e-06 1.95e-06 1.9e-06 2.35e-06 2.15e-06 2.15e-06 2.6e-06 1.55e-06 2.9e-06 1.6e-06 2.35e-06 2.35e-06 1.75e-06 2.55e-06 2.55e-06 2.2e-06 2.65e-06 1.55e-06 1.8e-06 2.7e-06 2e-06 2.35e-06 1.95e-06 1.75e-06 2.35e-06
7 2.2e-06 2.65e-06 2.1e-06 2.35e-06 2.2e-06 2.5e-06 2.3e-06 3e-06 2.1e-06 2.3e-06 2.4e-06 2.35e-06 2.15e-06 2.5e-06 2.25e-06 2.3e-06 2.3e-06 2.5e-06 2.1e-06 2.3e-06 2.05e-06 2.55e-06 2.45e-06 2.6e-06 2.5e-06 2.05e-06 2.6e-06 2.15e-06 2.1e-06 2.1e-06 1.85e-06 2.25e-06 2e-06 2.55e-06 1.9e-06 2.35e-06 2.4e-06 2.25e-06 2.2e-06 2.45e-06 2.3e-06 2.4e-06 2.25e-06 2.1e-06 2.35e-06 2.6e-06 2.25e-06 2.05e-06 2.35e-06 2.2e-06 2.1e-06 2.6e-06 2.15e-06 2.15e-06 2.15e-06 2.45e-06 2.4e-06
8 2.25e-06 2.5e-06 2.45e-06 2.5e-06 1.75e-06 2.45e-06 2.5e-06 2.1e-06 3e-06 2.4e-06 1.85e-06 2.55e-06 2.15e-06 2.65e-06 2.4e-06 2.45e-06 2.65e-06 2.45e-06 2.55e-06 2.55e-06 2.3e-06 2.4e-06 2.75e-06 2.25e-06 2.8e-06 2.05e-06 2.4e-06 2.4e-06 2.25e-06 2.05e-06 2e-06 2.3e-06 2.2e-06 2.25e-06 2.4e-06 2.65e-06 2.25e-06 2.3e-06 1.9e-06 2.6e-06 2e-06 2.6e-06 2.5e-06 2.1e-06 2.45e-06 2.85e-06 2e-06 2.35e-06 2.75e-06 2.45e-06 2e-06 2.25e-06 2.55e-06 2.25e-06 2.05e-06 2.65e-06 2.7e-06
9 2e-06 2.4e-06 2.3e-06 2.2e-06 1.9e-06 2.2e-06 2.25e-06 2.3e-06 2.4e-06 3.1e-06 2.45e-06 2.7e-06 1.65e-06 2.4e-06 2.15e-06 2.6e-06 2.8e-06 2.15e-06 2.25e-06 2.35e-06 2.1e-06 2.3e-06 2.6e-06 2.1e-06 2.5e-06 2.3e-06 2.3e-06 2.35e-06 2.7e-06 2.15e-06 2.1e-06 1.85e-06 2.3e-06 2.05e-06 2.25e-06 2.35e-06 2.15e-06 2.35e-06 2.4e-06 2.35e-06 2.5e-06 2.35e-06 2.35e-06 2.5e-06 1.9e-06 2.55e-06 2.3e-06 2.5e-06 2.65e-06 2e-06 2.15e-06 2.1e-06 2.6e-06 2.55e-06 1.9e-06 2.4e-06 2.55e-06
10 2.3e-06 2.3e-06 2.65e-06 2.55e-06 1.95e-06 2.25e-06 2.7e-06 2.4e-06 1.85e-06 2.45e-06 3.4e-06 2.65e-06 2.2e-06 2.75e-06 2.6e-06 2.5e-06 2.85e-06 2.65e-06 2.75e-06 2.75e-06 2.35e-06 2.25e-06 2.8e-06 2.15e-06 2.85e-06 2.25e-06 2.15e-06 2.7e-06 2.55e-06 2.25e-06 2.2e-06 2.5e-06 2.4e-06 2.15e-06 2.65e-06 2.7e-06 2.15e-06 2.5e-06 2.25e-06 2.7e-06 2.2e-06 2.8e-06 2.55e-06 2.3e-06 2.65e-06 2.8e-06 2.2e-06 2.55e-06 2.85e-06 2.65e-06 2.3e-06 2.15e-06 2.7e-06 2.4e-06 2.4e-06 2.65e-06 2.75e-06
11 2.5e-06 2.35e-06 2e-06 2.5e-06 2.75e-06 2.9e-06 2.35e-06 2.35e-06 2.55e-06 2.7e-06 2.65e-06 3.4e-06 2.5e-06 2.3e-06 2.45e-06 2.4e-06 2.3e-06 2.8e-06 2.05e-06 2.2e-06 2.4e-06 2.4e-06 2.65e-06 2.75e-06 2.6e-06 2.55e-06 2.95e-06 2.5e-06 2.3e-06 2.45e-06 2.2e-06 2.55e-06 2e-06 2.8e-06 2.3e-06 2.45e-06 2.45e-06 2.25e-06 2.25e-06 2.25e-06 2.6e-06 2.5e-06 2.55e-06 2.2e-06 2.7e-06 2.45e-06 2.3e-06 1.8e-06 2.85e-06 2.6e-06 2.25e-06 2.75e-06 1.9e-06 2e-06 2.75e-06 2.35e-06 2.6e-06
12 1.2e-06 2e-06 1.35e-06 1.15e-06 1.65e-06 1.5e-06 1.9e-06 2.15e-06 2.15e-06 1.65e-06 2.2e-06 2.5e-06 1.1e-06 2.05e-06 1.85e-06 2.55e-06 2.6e-06 2.6e-06 2e-06 2.95e-06 1.3e-06 1.9e-06 1.75e-06 2.5e-06 2.3e-06 1.5e-06 2.05e-06 2.25e-06 3.1e-06 1.8e-06 2.7e-06 1.45e-06 2.15e-06 2.3e-06 1.35e-06 2.15e-06 1.8e-06 2.8e-06 2.8e-06 2e-06 2.45e-06 2e-06 1.55e-06 2.3e-06 1.65e-06 2.35e-06 2.7e-06 2.3e-06 1.85e-06 1.85e-06 1.75e-06 2.5e-06 1.65e-06 2.4e-06 1.7e-06 2.1e-06 1.7e-06
13 2.35e-06 2.05e-06 1.8e-06 2.25e-06 2.5e-06 2.9e-06 1.6e-06 2.5e-06 2.65e-06 2.4e-06 2.75e-06 2.3e-06 2.05e-06 3e-06 1.7e-06 3.1e-06 2.75e-06 2.3e-06 1.9e-06 2.55e-06 2.25e-06 2.1e-06 2.6e-06 2.7e-06 2.65e-06 2.5e-06 2.8e-06 2.65e-06 2.75e-06 2.2e-06 2.75e-06 1.6e-06 2.35e-06 1.95e-06 1.9e-06 2.5e-06 2.15e-06 2.25e-06 2.7e-06 1.5e-06 3.05e-06 1.75e-06 2.5e-06 2.45e-06 1.9e-06 2.5e-06 2.65e-06 2.35e-06 2.7e-06 1.7e-06 1.95e-06 2.7e-06 2.05e-06 2.35e-06 2.1e-06 1.65e-06 2.55e-06
14 1.9e-06 2.3e-06 1.55e-06 2.25e-06 2.3e-06 2.9e-06 1.6e-06 2.25e-06 2.4e-06 2.15e-06 2.6e-06 2.45e-06 1.85e-06 1.7e-06 2.4e-06 2.95e-06 2.6e-06 2.05e-06 1.9e-06 2.25e-06 2.15e-06 2.2e-06 2.7e-06 2.6e-06 2.6e-06 2.2e-06 2.8e-06 2.3e-06 2.55e-06 1.9e-06 2.45e-06 1.35e-06 2e-06 1.8e-06 1.8e-06 2.45e-06 1.8e-06 1.95e-06 2.45e-06 1.65e-06 2.8e-06 1.7e-06 2.15e-06 1.95e-06 1.65e-06 2.6e-06 2.45e-06 2.3e-06 2.8e-06 1.4e-06 1.95e-06 2.6e-06 2.05e-06 2.35e-06 1.85e-06 1.75e-06 2.65e-06
15 2.4e-06 2.8e-06 2.7e-06 2.7e-06 2.25e-06 2.05e-06 2.95e-06 2.3e-06 2.45e-06 2.6e-06 2.5e-06 2.4e-06 2.55e-06 3.1e-06 2.95e-06 3.5e-06 2.6e-06 2.9e-06 2.65e-06 2.45e-06 2.15e-06 2.7e-06 2.4e-06 2.55e-06 2.6e-06 2.65e-06 2.2e-06 2.7e-06 2.3e-06 2.65e-06 2.05e-06 2.95e-06 2.35e-06 2.85e-06 2.8e-06 2.45e-06 2.65e-06 2.45e-06 2.2e-06 3.05e-06 2.5e-06 3.05e-06 2.3e-06 2.55e-06 3e-06 2.65e-06 2.25e-06 2.15e-06 2.55e-06 3.05e-06 2.55e-06 2.55e-06 2.6e-06 2.5e-06 2.8e-06 3.1e-06 2.4e-06
16 2.5e-06 2.85e-06 2.1e-06 2.4e-06 2.8e-06 3.05e-06 2.55e-06 2.3e-06 2.65e-06 2.8e-06 2.85e-06 2.3e-06 2.6e-06 2.75e-06 2.6e-06 2.6e-06 3.8e-06 3e-06 2.1e-06 2.55e-06 2.5e-06 2.75e-06 2.55e-06 3.05e-06 2.55e-06 2.5e-06 3.15e-06 2.55e-06 2.6e-06 2.55e-06 2.2e-06 2.75e-06 2.1e-06 3.1e-06 2.6e-06 2.55e-06 2.7e-06 2.55e-06 2.55e-06 2.7e-06 2.7e-06 2.5e-06 2.6e-06 2.35e-06 2.85e-06 2.8e-06 2.55e-06 2e-06 3.05e-06 2.7e-06 2.4e-06 3.05e-06 2.15e-06 2.35e-06 2.8e-06 2.8e-06 2.5e-06
17 2.9e-06 2.65e-06 3.05e-06 3.2e-06 2.2e-06 3.25e-06 2.2e-06 2.5e-06 2.45e-06 2.15e-06 2.65e-06 2.8e-06 2.6e-06 2.3e-06 2.05e-06 2.9e-06 3e-06 2.3e-06 2.45e-06 1.8e-06 3e-06 2.55e-06 3.55e-06 1.5e-06 2.9e-06 3e-06 2.75e-06 2.5e-06 2.15e-06 2.3e-06 1.65e-06 1.75e-06 2.4e-06 1.5e-06 2.95e-06 2.75e-06 2.4e-06 1.65e-06 1.9e-06 2.25e-06 2.3e-06 2.3e-06 3.25e-06 2.55e-06 1.9e-06 2.9e-06 1.8e-06 2.65e-06 3.55e-06 2.05e-06 2.3e-06 1.5e-06 3.35e-06 2.65e-06 2.1e-06 2.35e-06 3.5e-06
18 2.15e-06 2.2e-06 1.5e-06 2e-06 2.5e-06 2.8e-06 1.75e-06 2.1e-06 2.55e-06 2.25e-06 2.75e-06 2.05e-06 2e-06 1.9e-06 1.9e-06 2.65e-06 2.1e-06 2.45e-06 2.4e-06 2.25e-06 1.95e-06 2.15e-06 2.25e-06 2.75e-06 2.25e-06 2.25e-06 2.85e-06 2.35e-06 2.5e-06 2.15e-06 2.25e-06 1.9e-06 1.9e-06 2.45e-06 1.85e-06 2.1e-06 2.25e-06 2.25e-06 2.5e-06 1.85e-06 2.7e-06 1.85e-06 2.25e-06 2.15e-06 2.15e-06 2.25e-06 2.45e-06 1.8e-06 2.65e-06 1.85e-06 1.85e-06 2.75e-06 1.85e-06 2.05e-06 2.2e-06 2e-06 2.2e-06
19 3e-06 2.85e-06 2.9e-06 3.3e-06 2.6e-06 3.5e-06 2.45e-06 2.3e-06 2.55e-06 2.35e-06 2.75e-06 2.2e-06 2.95e-06 2.55e-06 2.25e-06 2.45e-06 2.55e-06 1.8e-06 2.25e-06 2.3e-06 3.05e-06 2.75e-06 3.55e-06 2.05e-06 2.8e-06 3.05e-06 3.05e-06 2.25e-06 1.8e-06 2.45e-06 1.4e-06 2.25e-06 1.95e-06 2.05e-06 3e-06 2.65e-06 2.55e-06 1.45e-06 1.65e-06 2.5e-06 2.45e-06 2.55e-06 3.2e-06 2.25e-06 2.5e-06 2.8e-06 1.7e-06 2.1e-06 3.65e-06 2.35e-06 2.5e-06 2.05e-06 2.95e-06 2.3e-06 2.5e-06 2.55e-06 3.5e-06
20 1.4e-06 2.2e-06 1.45e-06 1.5e-06 1.9e-06 1.3e-06 2.1e-06 2.05e-06 2.3e-06 2.1e-06 2.35e-06 2.4e-06 1.3e-06 2.25e-06 2.15e-06 2.15e-06 2.5e-06 3e-06 1.95e-06 3.05e-06 2.1e-06 2.1e-06 1.45e-06 2.9e-06 2.2e-06 1.75e-06 1.95e-06 2.5e-06 2.95e-06 2.15e-06 2.75e-06 2.05e-06 2.15e-06 2.7e-06 1.45e-06 2.05e-06 2.1e-06 2.9e-06 2.9e-06 2.2e-06 2.6e-06 2.2e-06 1.35e-06 2.35e-06 2.25e-06 2.25e-06 2.85e-06 2.15e-06 1.65e-06 2.1e-06 1.95e-06 2.9e-06 1.7e-06 2.35e-06 2.1e-06 2.3e-06 1.4e-06
21 2.2e-06 1.85e-06 2.05e-06 2.1e-06 2.05e-06 2.3e-06 2.1e-06 2.55e-06 2.4e-06 2.3e-06 2.25e-06 2.4e-06 1.9e-06 2.1e-06 2.2e-06 2.7e-06 2.75e-06 2.55e-06 2.15e-06 2.75e-06 2.1e-06 3.4e-06 2.4e-06 2.25e-06 2.45e-06 2.55e-06 2.15e-06 2.75e-06 2.65e-06 2.2e-06 2.6e-06 2.05e-06 2.4e-06 1.95e-06 2.2e-06 2.3e-06 1.95e-06 2.5e-06 2.45e-06 2.05e-06 2.85e-06 2.2e-06 2.35e-06 2.5e-06 2.25e-06 2.35e-06 2.4e-06 2.35e-06 2.55e-06 2.25e-06 1.9e-06 2.25e-06 2.25e-06 2.4e-06 2.2e-06 2.05e-06 2.35e-06
22 1.85e-06 2.5e-06 1.7e-06 1.55e-06 2.35e-06 1.65e-06 2.4e-06 2.45e-06 2.75e-06 2.6e-06 2.8e-06 2.65e-06 1.75e-06 2.6e-06 2.7e-06 2.4e-06 2.55e-06 3.55e-06 2.25e-06 3.55e-06 1.45e-06 2.4e-06 2.5e-06 3.4e-06 2.25e-06 2.15e-06 2.25e-06 3e-06 3.35e-06 2.6e-06 3.25e-06 2.6e-06 2.7e-06 3.25e-06 1.95e-06 2.25e-06 2.6e-06 3.4e-06 3.35e-06 2.55e-06 3.05e-06 2.35e-06 1.7e-06 2.85e-06 2.65e-06 2.5e-06 3.3e-06 2.35e-06 1.8e-06 2.65e-06 2.2e-06 3.4e-06 1.8e-06 2.65e-06 2.6e-06 2.65e-06 1.35e-06
23 2.8e-06 2.25e-06 3.35e-06 3.1e-06 1.8e-06 2.6e-06 2.7e-06 2.6e-06 2.25e-06 2.1e-06 2.15e-06 2.75e-06 2.5e-06 2.7e-06 2.6e-06 2.55e-06 3.05e-06 1.5e-06 2.75e-06 2.05e-06 2.9e-06 2.25e-06 3.4e-06 2e-06 2.75e-06 3.1e-06 2.05e-06 2.65e-06 2.1e-06 2.35e-06 1.55e-06 2.25e-06 2.5e-06 1.45e-06 3.2e-06 2.6e-06 2.15e-06 1.95e-06 1.7e-06 2.65e-06 2.15e-06 2.8e-06 3.15e-06 2.65e-06 2.3e-06 2.65e-06 1.6e-06 2.7e-06 3.35e-06 2.65e-06 2.3e-06 1e-06 3.5e-06 2.65e-06 2.25e-06 2.65e-06 3.35e-06
24 2.4e-06 2.55e-06 2.2e-06 2.2e-06 2.5e-06 2.5e-06 2.5e-06 2.5e-06 2.8e-06 2.5e-06 2.85e-06 2.6e-06 2.3e-06 2.65e-06 2.6e-06 2.6e-06 2.55e-06 2.9e-06 2.25e-06 2.8e-06 2.2e-06 2.45e-06 2.25e-06 2.75e-06 3.9e-06 2.8e-06 2.55e-06 2.9e-06 2.75e-06 2.65e-06 2.55e-06 2.6e-06 2.5e-06 2.75e-06 2.45e-06 2e-06 2.5e-06 2.8e-06 2.75e-06 2.6e-06 2.95e-06 2.45e-06 2.35e-06 2.65e-06 2.75e-06 2.2e-06 2.7e-06 2.4e-06 2.6e-06 2.7e-06 2.3e-06 2.75e-06 2.45e-06 2.55e-06 2.7e-06 2.7e-06 2.2e-06
25 1.6e-06 2.65e-06 1.6e-06 1.85e-06 2.25e-06 2.1e-06 2.3e-06 2.05e-06 2.05e-06 2.3e-06 2.25e-06 2.55e-06 1.5e-06 2.5e-06 2.2e-06 2.65e-06 2.5e-06 3e-06 2.25e-06 3.05e-06 1.75e-06 2.55e-06 2.15e-06 3.1e-06 2.8e-06 2.3e-06 2.75e-06 2.3e-06 3.1e-06 2e-06 2.6e-06 2.1e-06 2.2e-06 3e-06 1.75e-06 2.65e-06 2.35e-06 2.9e-06 2.95e-06 2.45e-06 2.2e-06 2.4e-06 1.9e-06 2.1e-06 2.15e-06 2.9e-06 2.85e-06 2.25e-06 2.3e-06 2.2e-06 2.2e-06 3.1e-06 1.8e-06 2.25e-06 2.2e-06 2.5e-06 2.1e-06
26 2.2e-06 2.15e-06 2.85e-06 2.4e-06 1.65e-06 1.45e-06 2.75e-06 2.6e-06 2.4e-06 2.3e-06 2.15e-06 2.95e-06 2.05e-06 2.8e-06 2.8e-06 2.2e-06 3.15e-06 2.75e-06 2.85e-06 3.05e-06 1.95e-06 2.15e-06 2.25e-06 2.05e-06 2.55e-06 2.75e-06 2.7e-06 3.05e-06 2.75e-06 2.5e-06 2.55e-06 2.55e-06 2.85e-06 2e-06 2.7e-06 2.4e-06 2.15e-06 2.8e-06 2.5e-06 2.75e-06 2.85e-06 2.85e-06 2.2e-06 2.95e-06 2.65e-06 2.5e-06 2.45e-06 2.8e-06 2.25e-06 2.8e-06 2.3e-06 2.05e-06 2.95e-06 2.9e-06 2.35e-06 2.75e-06 2.25e-06
27 2.35e-06 2.85e-06 2.3e-06 2.65e-06 2.45e-06 2.95e-06 2.5e-06 2.15e-06 2.4e-06 2.35e-06 2.7e-06 2.5e-06 2.25e-06 2.65e-06 2.3e-06 2.7e-06 2.55e-06 2.5e-06 2.35e-06 2.25e-06 2.5e-06 2.75e-06 3e-06 2.65e-06 2.9e-06 2.3e-06 3.05e-06 3.9e-06 2.45e-06 2.25e-06 2.05e-06 2.25e-06 2e-06 2.65e-06 2.3e-06 2.75e-06 2.5e-06 2.3e-06 2.3e-06 2.6e-06 2.5e-06 2.6e-06 2.65e-06 2.3e-06 2.4e-06 2.95e-06 2.35e-06 2.3e-06 3e-06 2.35e-06 2.35e-06 2.65e-06 2.45e-06 2.45e-06 2.35e-06 2.65e-06 2.95e-06
28 3.1e-06 2.75e-06 3e-06 3.35e-06 2.4e-06 3.3e-06 2.65e-06 2.1e-06 2.25e-06 2.7e-06 2.55e-06 2.3e-06 3.1e-06 2.75e-06 2.55e-06 2.3e-06 2.6e-06 2.15e-06 2.5e-06 1.8e-06 2.95e-06 2.65e-06 3.35e-06 2.1e-06 2.75e-06 3.1e-06 2.75e-06 2.45e-06 2.5e-06 2.4e-06 1.6e-06 2.55e-06 2.15e-06 2.15e-06 2.85e-06 2.6e-06 2.55e-06 1.7e-06 1.5e-06 2.7e-06 2.5e-06 2.75e-06 3.1e-06 2.3e-06 2.7e-06 2.75e-06 1.65e-06 2.15e-06 3.25e-06 2.7e-06 2.3e-06 2.1e-06 2.9e-06 2.35e-06 2.55e-06 2.75e-06 3.3e-06
29 2e-06 2.3e-06 1.95e-06 2.2e-06 2e-06 2.55e-06 2.05e-06 2.1e-06 2.05e-06 2.15e-06 2.25e-06 2.45e-06 1.8e-06 2.2e-06 1.9e-06 2.65e-06 2.55e-06 2.3e-06 2.15e-06 2.45e-06 2.15e-06 2.2e-06 2.6e-06 2.35e-06 2.65e-06 2e-06 2.5e-06 2.25e-06 2.4e-06 3.1e-06 2.2e-06 1.8e-06 2.1e-06 2.05e-06 2.05e-06 2.5e-06 2e-06 2.2e-06 2.2e-06 2.15e-06 2.45e-06 2.15e-06 2.3e-06 2.1e-06 1.9e-06 2.7e-06 1.95e-06 2.25e-06 2.7e-06 1.95e-06 1.9e-06 2.35e-06 2.15e-06 2.3e-06 1.95e-06 2.2e-06 2.55e-06
30 2.65e-06 2.7e-06 2.95e-06 3.1e-06 2.05e-06 2.85e-06 2.6e-06 1.85e-06 2e-06 2.1e-06 2.2e-06 2.2e-06 2.7e-06 2.75e-06 2.45e-06 2.05e-06 2.2e-06 1.65e-06 2.25e-06 1.4e-06 2.75e-06 2.6e-06 3.25e-06 1.55e-06 2.55e-06 2.6e-06 2.55e-06 2.05e-06 1.6e-06 2.2e-06 1.3e-06 2.35e-06 1.75e-06 2e-06 3e-06 2.4e-06 2.4e-06 1.5e-06 1.35e-06 2.7e-06 1.8e-06 2.7e-06 2.95e-06 2e-06 2.5e-06 2.6e-06 1.25e-06 1.95e-06 3.35e-06 2.5e-06 2.3e-06 1.55e-06 3.05e-06 2.1e-06 2.3e-06 2.75e-06 3.2e-06
31 1.95e-06 2.15e-06 1.8e-06 2.1e-06 2e-06 2.6e-06 1.5e-06 2.25e-06 2.3e-06 1.85e-06 2.5e-06 2.55e-06 1.45e-06 1.6e-06 1.35e-06 2.95e-06 2.75e-06 1.75e-06 1.9e-06 2.25e-06 2.05e-06 2.05e-06 2.6e-06 2.25e-06 2.6e-06 2.1e-06 2.55e-06 2.25e-06 2.55e-06 1.8e-06 2.35e-06 2e-06 2.15e-06 1.55e-06 1.75e-06 2.45e-06 1.9e-06 1.95e-06 2.4e-06 1.55e-06 2.65e-06 1.6e-06 2.3e-06 2.25e-06 1.35e-06 2.6e-06 2.3e-06 2.4e-06 2.65e-06 1.35e-06 1.8e-06 2.25e-06 2.2e-06 2.45e-06 1.6e-06 1.7e-06 2.55e-06
32 2.1e-06 2.5e-06 1.85e-06 2.4e-06 2.4e-06 2.8e-06 2.25e-06 2e-06 2.2e-06 2.3e-06 2.4e-06 2e-06 2.15e-06 2.35e-06 2e-06 2.35e-06 2.1e-06 2.4e-06 1.9e-06 1.95e-06 2.15e-06 2.4e-06 2.7e-06 2.5e-06 2.5e-06 2.2e-06 2.85e-06 2e-06 2.15e-06 2.1e-06 1.75e-06 2.15e-06 2.9e-06 2.5e-06 2.05e-06 2.35e-06 2.15e-06 2e-06 2.05e-06 2.3e-06 2.25e-06 2.35e-06 2.3e-06 1.8e-06 2.45e-06 2.5e-06 2.05e-06 1.85e-06 2.9e-06 2.15e-06 2.15e-06 2.5e-06 2.05e-06 2e-06 2.35e-06 2.4e-06 2.65e-06
33 2.65e-06 1.95e-06 2.9e-06 2.85e-06 1.75e-06 2.75e-06 1.95e-06 2.55e-06 2.25e-06 2.05e-06 2.15e-06 2.8e-06 2.3e-06 1.95e-06 1.8e-06 2.85e-06 3.1e-06 1.5e-06 2.45e-06 2.05e-06 2.7e-06 1.95e-06 3.25e-06 1.45e-06 2.75e-06 3e-06 2e-06 2.65e-06 2.15e-06 2.05e-06 2e-06 1.55e-06 2.5e-06 1.6e-06 2.75e-06 2.6e-06 1.8e-06 1.65e-06 1.85e-06 1.9e-06 2.8e-06 2.05e-06 2.95e-06 2.55e-06 1.85e-06 2.65e-06 1.8e-06 2.75e-06 3.2e-06 1.8e-06 2e-06 1.45e-06 3.15e-06 2.7e-06 1.8e-06 1.95e-06 3.2e-06
34 1.65e-06 2.2e-06 1.2e-06 1.65e-06 2.35e-06 2.2e-06 1.9e-06 1.9e-06 2.4e-06 2.25e-06 2.65e-06 2.3e-06 1.35e-06 1.9e-06 1.8e-06 2.8e-06 2.6e-06 2.95e-06 1.85e-06 3e-06 1.45e-06 2.2e-06 1.95e-06 3.2e-06 2.45e-06 1.75e-06 2.7e-06 2.3e-06 2.85e-06 2.05e-06 3e-06 1.75e-06 2.05e-06 2.75e-06 1.5e-06 2.3e-06 2.1e-06 2.85e-06 3e-06 1.85e-06 2.8e-06 2e-06 1.7e-06 2.2e-06 2e-06 2.35e-06 3.05e-06 2.25e-06 1.7e-06 1.8e-06 1.9e-06 3.2e-06 1.35e-06 2.15e-06 2e-06 1.85e-06 1.9e-06
35 2.25e-06 2.4e-06 2e-06 2.2e-06 2.35e-06 2.35e-06 2.35e-06 2.35e-06 2.65e-06 2.35e-06 2.7e-06 2.45e-06 2.15e-06 2.5e-06 2.45e-06 2.45e-06 2.55e-06 2.75e-06 2.1e-06 2.65e-06 2.05e-06 2.3e-06 2.25e-06 2.6e-06 2e-06 2.65e-06 2.4e-06 2.75e-06 2.6e-06 2.5e-06 2.4e-06 2.45e-06 2.35e-06 2.6e-06 2.3e-06 3.6e-06 2.35e-06 2.65e-06 2.6e-06 2.45e-06 2.8e-06 2.45e-06 2.2e-06 2.5e-06 2.6e-06 2.05e-06 2.55e-06 2.25e-06 2.45e-06 2.55e-06 2.1e-06 2.6e-06 2.4e-06 2.4e-06 2.55e-06 2.55e-06 2.2e-06
36 1.85e-06 1.95e-06 1.9e-06 2.2e-06 1.95e-06 2.3e-06 2.15e-06 2.4e-06 2.25e-06 2.15e-06 2.15e-06 2.45e-06 1.8e-06 2.15e-06 1.8e-06 2.65e-06 2.7e-06 2.4e-06 2.25e-06 2.55e-06 2.1e-06 1.95e-06 2.6e-06 2.15e-06 2.5e-06 2.35e-06 2.15e-06 2.5e-06 2.55e-06 2e-06 2.4e-06 1.9e-06 2.15e-06 1.8e-06 2.1e-06 2.35e-06 3.2e-06 2.3e-06 2.3e-06 2.1e-06 2.7e-06 2.25e-06 2.1e-06 2.1e-06 2.1e-06 2.4e-06 2.3e-06 2.4e-06 2.65e-06 2.05e-06 2e-06 2.15e-06 2.25e-06 2.4e-06 2.05e-06 2.1e-06 2.55e-06
37 2.85e-06 2.6e-06 2.75e-06 3.15e-06 2.35e-06 3.35e-06 2.15e-06 2.25e-06 2.3e-06 2.35e-06 2.5e-06 2.25e-06 2.8e-06 2.25e-06 1.95e-06 2.45e-06 2.55e-06 1.65e-06 2.25e-06 1.45e-06 2.9e-06 2.5e-06 3.4e-06 1.95e-06 2.8e-06 2.9e-06 2.8e-06 2.3e-06 1.7e-06 2.2e-06 1.5e-06 1.95e-06 2e-06 1.65e-06 2.85e-06 2.65e-06 2.3e-06 2.6e-06 1.55e-06 2.2e-06 2.45e-06 2.25e-06 3.05e-06 2.15e-06 2.2e-06 2.8e-06 1.6e-06 2.1e-06 3.5e-06 2.05e-06 2.25e-06 1.95e-06 2.8e-06 2.3e-06 2.25e-06 2.3e-06 3.35e-06
38 2.85e-06 2.55e-06 3e-06 3.15e-06 1.9e-06 3.05e-06 2.6e-06 2.2e-06 1.9e-06 2.4e-06 2.25e-06 2.25e-06 2.8e-06 2.7e-06 2.45e-06 2.2e-06 2.55e-06 1.9e-06 2.5e-06 1.65e-06 2.9e-06 2.45e-06 3.35e-06 1.7e-06 2.75e-06 2.95e-06 2.5e-06 2.3e-06 1.5e-06 2.2e-06 1.35e-06 2.4e-06 2.05e-06 1.85e-06 3e-06 2.6e-06 2.3e-06 1.55e-06 2.2e-06 2.65e-06 2.25e-06 2.7e-06 3.05e-06 2.2e-06 2.55e-06 2.75e-06 1.35e-06 2.1e-06 3.35e-06 2.6e-06 2.1e-06 1.7e-06 2.95e-06 2.3e-06 2.2e-06 2.7e-06 3.3e-06
39 2.3e-06 2e-06 1.75e-06 2.2e-06 2.45e-06 2.85e-06 1.55e-06 2.45e-06 2.6e-06 2.35e-06 2.7e-06 2.25e-06 2e-06 1.5e-06 1.65e-06 3.05e-06 2.7e-06 2.25e-06 1.85e-06 2.5e-06 2.2e-06 2.05e-06 2.55e-06 2.65e-06 2.6e-06 2.45e-06 2.75e-06 2.6e-06 2.7e-06 2.15e-06 2.7e-06 1.55e-06 2.3e-06 1.9e-06 1.85e-06 2.45e-06 2.1e-06 2.2e-06 2.65e-06 2.9e-06 3e-06 1.7e-06 2.45e-06 2.4e-06 1.85e-06 2.45e-06 2.6e-06 2.3e-06 2.65e-06 1.65e-06 1.9e-06 2.65e-06 2e-06 2.3e-06 2.05e-06 1.6e-06 2.5e-06
40 2.5e-06 2.95e-06 2.75e-06 2.85e-06 2.35e-06 2.7e-06 2.9e-06 2.3e-06 2e-06 2.5e-06 2.2e-06 2.6e-06 2.45e-06 3.05e-06 2.8e-06 2.5e-06 2.7e-06 2.3e-06 2.7e-06 2.45e-06 2.6e-06 2.85e-06 3.05e-06 2.15e-06 2.95e-06 2.2e-06 2.85e-06 2.5e-06 2.5e-06 2.45e-06 1.8e-06 2.65e-06 2.25e-06 2.8e-06 2.8e-06 2.8e-06 2.7e-06 2.45e-06 2.25e-06 3e-06 3.2e-06 3e-06 2.8e-06 2.25e-06 2.65e-06 3e-06 2.15e-06 2.4e-06 3.15e-06 2.85e-06 2.55e-06 2.15e-06 2.85e-06 2.3e-06 2.65e-06 3.05e-06 3e-06
41 2.3e-06 2.3e-06 1.75e-06 2e-06 2.45e-06 2.95e-06 1.6e-06 2.4e-06 2.6e-06 2.35e-06 2.8e-06 2.5e-06 2e-06 1.75e-06 1.7e-06 3.05e-06 2.5e-06 2.3e-06 1.85e-06 2.55e-06 2.2e-06 2.2e-06 2.35e-06 2.8e-06 2.45e-06 2.4e-06 2.85e-06 2.6e-06 2.75e-06 2.15e-06 2.7e-06 1.6e-06 2.35e-06 2.05e-06 2e-06 2.45e-06 2.25e-06 2.25e-06 2.7e-06 1.7e-06 3e-06 3e-06 2.45e-06 2.45e-06 1.85e-06 2.65e-06 2.65e-06 2.3e-06 2.75e-06 1.65e-06 1.9e-06 2.8e-06 2e-06 2.45e-06 2.05e-06 1.85e-06 2.3e-06
42 1.4e-06 2.45e-06 1.45e-06 1.75e-06 2.15e-06 1.55e-06 2.35e-06 2.25e-06 2.5e-06 2.35e-06 2.55e-06 2.55e-06 1.55e-06 2.5e-06 2.15e-06 2.3e-06 2.6e-06 3.25e-06 2.25e-06 3.2e-06 1.35e-06 2.35e-06 1.7e-06 3.15e-06 2.35e-06 1.9e-06 2.2e-06 2.65e-06 3.1e-06 2.3e-06 2.95e-06 2.3e-06 2.3e-06 2.95e-06 1.7e-06 2.2e-06 2.1e-06 3.05e-06 3.05e-06 2.45e-06 2.8e-06 2.45e-06 2.6e-06 2.3e-06 2.4e-06 2.4e-06 3.05e-06 2.3e-06 1.85e-06 2.35e-06 2.2e-06 3.15e-06 1.8e-06 2.5e-06 2.35e-06 2.5e-06 1.65e-06
43 2.1e-06 2.6e-06 1.85e-06 2.55e-06 2.5e-06 2.95e-06 2.35e-06 2.1e-06 2.1e-06 2.5e-06 2.3e-06 2.2e-06 2.3e-06 2.45e-06 1.95e-06 2.55e-06 2.35e-06 2.55e-06 2.15e-06 2.25e-06 2.35e-06 2.5e-06 2.85e-06 2.65e-06 2.65e-06 2.1e-06 2.95e-06 2.3e-06 2.3e-06 2.1e-06 2e-06 2.25e-06 1.8e-06 2.55e-06 2.2e-06 2.5e-06 2.1e-06 2.15e-06 2.2e-06 2.4e-06 2.25e-06 2.45e-06 2.3e-06 3e-06 2.45e-06 2.65e-06 2.2e-06 2.05e-06 3e-06 2.25e-06 2.25e-06 2.65e-06 2.15e-06 1.9e-06 2.45e-06 2.45e-06 2.8e-06
44 2.05e-06 2.35e-06 1.95e-06 2.2e-06 2.15e-06 2.65e-06 1.75e-06 2.35e-06 2.45e-06 1.9e-06 2.65e-06 2.7e-06 1.65e-06 1.9e-06 1.65e-06 3e-06 2.85e-06 1.9e-06 2.15e-06 2.5e-06 2.25e-06 2.25e-06 2.65e-06 2.3e-06 2.75e-06 2.15e-06 2.65e-06 2.4e-06 2.7e-06 1.9e-06 2.5e-06 1.35e-06 2.45e-06 1.85e-06 2e-06 2.6e-06 2.1e-06 2.2e-06 2.55e-06 1.85e-06 2.65e-06 1.85e-06 2.4e-06 2.45e-06 2.2e-06 2.8e-06 2.4e-06 2.5e-06 2.7e-06 1.55e-06 1.95e-06 2.3e-06 2.2e-06 2.55e-06 1.75e-06 1.9e-06 2.6e-06
45 2.45e-06 2.2e-06 2.25e-06 2.45e-06 2.55e-06 2.45e-06 2.55e-06 2.6e-06 2.85e-06 2.55e-06 2.8e-06 2.45e-06 2.35e-06 2.5e-06 2.6e-06 2.65e-06 2.8e-06 2.9e-06 2.25e-06 2.8e-06 2.25e-06 2.35e-06 2.5e-06 2.65e-06 2.2e-06 2.9e-06 2.5e-06 2.95e-06 2.75e-06 2.7e-06 2.6e-06 2.6e-06 2.5e-06 2.65e-06 2.35e-06 2.05e-06 2.4e-06 2.8e-06 2.75e-06 2.45e-06 3e-06 2.65e-06 2.4e-06 2.65e-06 2.8e-06 3.9e-06 2.7e-06 2.45e-06 2.55e-06 2.75e-06 2.35e-06 2.65e-06 2.5e-06 2.45e-06 2.75e-06 2.5e-06 2.45e-06
46 2.8e-06 2.5e-06 3e-06 3.1e-06 2e-06 2.95e-06 2.55e-06 2.25e-06 2e-06 2.3e-06 2.2e-06 2.3e-06 2.7e-06 2.65e-06 2.45e-06 2.25e-06 2.55e-06 1.8e-06 2.45e-06 1.7e-06 2.85e-06 2.4e-06 3.3e-06 1.6e-06 2.7e-06 2.85e-06 2.45e-06 2.35e-06 1.65e-06 1.95e-06 1.25e-06 2.3e-06 2.05e-06 1.8e-06 3.05e-06 2.55e-06 2.3e-06 1.6e-06 1.35e-06 2.6e-06 2.15e-06 2.65e-06 3.05e-06 2.2e-06 2.4e-06 2.7e-06 2.1e-06 2.15e-06 3.4e-06 2.55e-06 2.15e-06 1.6e-06 3e-06 2.25e-06 2.3e-06 2.65e-06 3.25e-06
47 2.25e-06 2.45e-06 1.8e-06 2.25e-06 2.5e-06 2.7e-06 2.2e-06 2.05e-06 2.35e-06 2.5e-06 2.55e-06 1.8e-06 2.3e-06 2.35e-06 2.3e-06 2.15e-06 2e-06 2.65e-06 1.8e-06 2.1e-06 2.15e-06 2.35e-06 2.35e-06 2.7e-06 2.4e-06 2.25e-06 2.8e-06 2.3e-06 2.15e-06 2.25e-06 1.95e-06 2.4e-06 1.85e-06 2.75e-06 2.25e-06 2.25e-06 2.4e-06 2.1e-06 2.1e-06 2.3e-06 2.4e-06 2.3e-06 2.3e-06 2.05e-06 2.5e-06 2.45e-06 2.15e-06 3.1e-06 2.7e-06 2.4e-06 2.05e-06 2.7e-06 1.8e-06 1.95e-06 2.5e-06 2.4e-06 2.3e-06
48 2e-06 2.55e-06 2.05e-06 2e-06 2.3e-06 1.65e-06 2.65e-06 2.35e-06 2.75e-06 2.65e-06 2.85e-06 2.85e-06 1.85e-06 2.7e-06 2.8e-06 2.55e-06 3.05e-06 3.55e-06 2.65e-06 3.65e-06 1.65e-06 2.55e-06 1.8e-06 3.35e-06 2.6e-06 2.3e-06 2.25e-06 3e-06 3.25e-06 2.7e-06 3.35e-06 2.65e-06 2.9e-06 3.2e-06 1.7e-06 2.45e-06 2.65e-06 3.5e-06 3.35e-06 2.65e-06 3.15e-06 2.75e-06 1.85e-06 3e-06 2.7e-06 2.55e-06 3.4e-06 2.7e-06 2.7e-06 2.8e-06 2.35e-06 3.35e-06 2.05e-06 2.7e-06 2.55e-06 2.6e-06 1.8e-06
49 2.1e-06 2.35e-06 1.75e-06 2.2e-06 2.3e-06 2.9e-06 1.55e-06 2.2e-06 2.45e-06 2e-06 2.65e-06 2.6e-06 1.85e-06 1.7e-06 1.4e-06 3.05e-06 2.7e-06 2.05e-06 1.85e-06 2.35e-06 2.1e-06 2.25e-06 2.65e-06 2.65e-06 2.7e-06 2.2e-06 2.8e-06 2.35e-06 2.7e-06 1.95e-06 2.5e-06 1.35e-06 2.15e-06 1.8e-06 1.8e-06 2.55e-06 2.05e-06 2.05e-06 2.6e-06 1.65e-06 2.85e-06 1.65e-06 2.35e-06 2.25e-06 1.55e-06 2.75e-06 2.55e-06 2.4e-06 2.8e-06 2.3e-06 1.95e-06 2.65e-06 2.15e-06 2.45e-06 1.7e-06 1.75e-06 2.6e-06
50 2.05e-06 2e-06 1.7e-06 1.9e-06 1.8e-06 2.4e-06 1.8e-06 2.1e-06 2e-06 2.15e-06 2.3e-06 2.25e-06 1.75e-06 1.95e-06 1.95e-06 2.55e-06 2.4e-06 2.3e-06 1.85e-06 2.5e-06 1.95e-06 1.9e-06 2.2e-06 2.3e-06 2.3e-06 2.2e-06 2.3e-06 2.35e-06 2.3e-06 1.9e-06 2.3e-06 1.8e-06 2.15e-06 2e-06 1.9e-06 2.1e-06 2e-06 2.25e-06 2.1e-06 1.9e-06 2.55e-06 1.9e-06 2.2e-06 2.25e-06 1.95e-06 2.35e-06 2.15e-06 2.05e-06 2.35e-06 1.95e-06 2.9e-06 2.3e-06 2e-06 2.2e-06 1.8e-06 2e-06 2.15e-06
51 2.8e-06 2.25e-06 3.35e-06 3.1e-06 1.8e-06 2.6e-06 2.7e-06 2.6e-06 2.25e-06 2.1e-06 2.15e-06 2.75e-06 2.5e-06 2.7e-06 2.6e-06 2.55e-06 3.05e-06 1.5e-06 2.75e-06 2.05e-06 2.9e-06 2.25e-06 3.4e-06 1e-06 2.75e-06 3.1e-06 2.05e-06 2.65e-06 2.1e-06 2.35e-06 1.55e-06 2.25e-06 2.5e-06 1.45e-06 3.2e-06 2.6e-06 2.15e-06 1.95e-06 1.7e-06 2.65e-06 2.15e-06 2.8e-06 3.15e-06 2.65e-06 2.3e-06 2.65e-06 1.6e-06 2.7e-06 3.35e-06 2.65e-06 2.3e-06 2e-06 3.5e-06 2.65e-06 2.25e-06 2.65e-06 3.35e-06
52 1.75e-06 2.25e-06 1.05e-06 1.5e-06 2.7e-06 2.45e-06 2e-06 2.15e-06 2.55e-06 2.6e-06 2.7e-06 1.9e-06 1.65e-06 2.05e-06 2.05e-06 2.6e-06 2.15e-06 3.35e-06 1.85e-06 2.95e-06 1.7e-06 2.25e-06 1.8e-06 3.5e-06 2.45e-06 1.8e-06 2.95e-06 2.45e-06 2.9e-06 2.15e-06 3.05e-06 2.2e-06 2.05e-06 3.15e-06 1.35e-06 2.4e-06 2.25e-06 2.8e-06 2.95e-06 2e-06 2.85e-06 2e-06 1.8e-06 2.15e-06 2.2e-06 2.5e-06 3e-06 1.8e-06 2.05e-06 2.15e-06 2e-06 3.5e-06 1.5e-06 1.95e-06 2.45e-06 1.95e-06 1.75e-06
53 2.4e-06 2.4e-06 2e-06 2.45e-06 2.6e-06 2.85e-06 2.35e-06 2.15e-06 2.25e-06 2.55e-06 2.4e-06 2e-06 2.4e-06 2.35e-06 2.35e-06 2.5e-06 2.35e-06 2.65e-06 2.05e-06 2.3e-06 2.35e-06 2.4e-06 2.65e-06 2.65e-06 2.55e-06 2.25e-06 2.9e-06 2.45e-06 2.35e-06 2.3e-06 2.1e-06 2.45e-06 2e-06 2.7e-06 2.15e-06 2.4e-06 2.4e-06 2.3e-06 2.3e-06 2.3e-06 2.3e-06 2.45e-06 2.5e-06 1.9e-06 2.55e-06 2.45e-06 2.25e-06 1.95e-06 2.7e-06 2.45e-06 2.2e-06 2.65e-06 1.95e-06 3.3e-06 2.6e-06 2.25e-06 2.6e-06
54 2.05e-06 2.3e-06 2.15e-06 2.2e-06 1.65e-06 2.4e-06 1.95e-06 2.15e-06 2.05e-06 1.9e-06 2.4e-06 2.75e-06 1.7e-06 2.1e-06 1.85e-06 2.8e-06 2.8e-06 2.1e-06 2.2e-06 2.5e-06 2.1e-06 2.2e-06 2.6e-06 2.25e-06 2.7e-06 2.2e-06 2.35e-06 2.35e-06 2.55e-06 1.95e-06 2.3e-06 1.6e-06 2.35e-06 1.8e-06 2e-06 2.55e-06 2.05e-06 2.25e-06 2.2e-06 2.05e-06 2.65e-06 2.05e-06 2.35e-06 2.45e-06 1.75e-06 2.75e-06 2.3e-06 2.5e-06 2.55e-06 1.7e-06 1.8e-06 2.25e-06 2.45e-06 2.6e-06 2.8e-06 2.1e-06 2.55e-06
55 2.35e-06 2e-06 1.85e-06 2.3e-06 2.5e-06 2.85e-06 1.75e-06 2.45e-06 2.65e-06 2.4e-06 2.65e-06 2.35e-06 2.1e-06 1.65e-06 1.75e-06 3.1e-06 2.8e-06 2.35e-06 2e-06 2.55e-06 2.3e-06 2.05e-06 2.65e-06 2.65e-06 2.7e-06 2.5e-06 2.75e-06 2.65e-06 2.75e-06 2.2e-06 2.75e-06 1.7e-06 2.4e-06 1.95e-06 1.85e-06 2.55e-06 2.1e-06 2.3e-06 2.7e-06 1.6e-06 3.05e-06 1.85e-06 2.5e-06 2.45e-06 1.9e-06 2.5e-06 2.65e-06 2.4e-06 2.6e-06 1.75e-06 2e-06 2.65e-06 1.95e-06 2.25e-06 2.1e-06 2.8e-06 2.6e-06
56 1.8e-06 2.45e-06 1.65e-06 1.5e-06 2.3e-06 1.55e-06 2.35e-06 2.4e-06 2.7e-06 2.55e-06 2.75e-06 2.6e-06 1.7e-06 2.55e-06 2.65e-06 2.4e-06 2.5e-06 3.5e-06 2.2e-06 3.5e-06 1.4e-06 2.35e-06 1.35e-06 3.35e-06 2.2e-06 2.1e-06 2.25e-06 2.95e-06 3.3e-06 2.55e-06 3.2e-06 2.55e-06 2.65e-06 3.2e-06 1.9e-06 2.2e-06 2.55e-06 3.35e-06 3.3e-06 2.5e-06 3e-06 2.3e-06 1.65e-06 2.8e-06 2.6e-06 2.45e-06 3.25e-06 2.3e-06 1.8e-06 2.6e-06 2.15e-06 3.35e-06 1.75e-06 2.6e-06 2.55e-06 2.6e-06 2.4e-06
