 slim_762366132 slim_762366146 slim_762366137 slim_762366136 slim_762366113 slim_762366138 slim_762366114 slim_762366154 slim_762366107 slim_762366156 slim_762366124 slim_762366158 slim_762366118 slim_762366117 slim_762366122 slim_762366130 slim_762366119 slim_762366148 slim_762366161 slim_762366155 slim_762366112 slim_762366150 slim_762366106 slim_762366141 slim_762366111 slim_762366149 slim_762366120 slim_762366159 slim_762366115 slim_762366140 slim_762366151 slim_762366133 slim_762366139 slim_762366160 slim_762366110 slim_762366126 slim_762366125 slim_762366142 slim_762366143 slim_762366153 slim_762366131 slim_762366127 slim_762366134 slim_762366157 slim_762366128 slim_762366152 slim_762366123 slim_762366147 slim_762366121 slim_762366135 slim_762366116 slim_762366109 slim_762366144 slim_762366145 slim_762366129 slim_762366108
0 2.1e-06 1.25e-06 1.2e-06 1.55e-06 1.45e-06 1.4e-06 1.4e-06 1.75e-06 1.3e-06 1.15e-06 1.2e-06 1.45e-06 1.7e-06 1.65e-06 1.45e-06 1.25e-06 1.15e-06 1.6e-06 1.25e-06 1.55e-06 1.3e-06 1.65e-06 1.25e-06 1.35e-06 1.65e-06 1.95e-06 1.3e-06 1.25e-06 1.15e-06 1.25e-06 1.35e-06 1.35e-06 1.7e-06 1.9e-06 2.3e-06 1.35e-06 1.2e-06 1.3e-06 1.15e-06 1.7e-06 1.1e-06 1.4e-06 1.8e-06 1.25e-06 2.4e-06 2.05e-06 1.55e-06 1.7e-06 1.7e-06 1.35e-06 1.75e-06 1.85e-06 1.25e-06 1.55e-06 2.2e-06 1.35e-06
1 1.25e-06 1.3e-06 1.3e-06 1.55e-06 1.3e-06 1.65e-06 1.65e-06 2e-06 1.4e-06 1.25e-06 1.65e-06 1.4e-06 1.7e-06 1.85e-06 1.25e-06 1.05e-06 1.75e-06 1.8e-06 1.65e-06 1.6e-06 1.3e-06 1.95e-06 1.25e-06 1.7e-06 2.1e-06 1.65e-06 1.3e-06 6.5e-07 1.55e-06 9e-07 1.9e-06 1.75e-06 2e-06 1.8e-06 2.4e-06 1.25e-06 1.1e-06 1.75e-06 1.85e-06 1.45e-06 1.4e-06 1.05e-06 2.2e-06 9.5e-07 2.2e-06 1.9e-06 1.7e-06 1.75e-06 1.5e-06 1.15e-06 1.8e-06 1.7e-06 1.7e-06 1.15e-06 2.25e-06 1.15e-06
2 1.2e-06 1.3e-06 1e-06 1.2e-06 1.4e-06 1.35e-06 1.05e-06 1.65e-06 1.2e-06 6.5e-07 1.05e-06 1.25e-06 1.55e-06 1.7e-06 1.15e-06 1.4e-06 1.2e-06 1.15e-06 1.35e-06 1.55e-06 9e-07 1.4e-06 7e-07 1.25e-06 1.7e-06 1.65e-06 1.15e-06 1.3e-06 1e-06 1.15e-06 1.15e-06 1.2e-06 1.55e-06 2.05e-06 2.65e-06 1.35e-06 1.4e-06 1.25e-06 8.5e-07 1.2e-06 8.5e-07 1.6e-06 1.9e-06 8.5e-07 2.55e-06 1.95e-06 1.75e-06 1.6e-06 1.35e-06 1.05e-06 1.8e-06 2.15e-06 1.5e-06 1.4e-06 2.25e-06 1.05e-06
3 1.55e-06 1.55e-06 1.2e-06 2e-06 1.3e-06 1.65e-06 1.45e-06 1.9e-06 1.45e-06 1.2e-06 1.45e-06 1.55e-06 1.75e-06 1.75e-06 1.65e-06 1.6e-06 1.5e-06 1.5e-06 1.65e-06 1.4e-06 1.25e-06 1e-06 1.3e-06 1.65e-06 1.7e-06 1.85e-06 1.45e-06 1.55e-06 1.45e-06 1.3e-06 1.25e-06 1.65e-06 1.5e-06 1.5e-06 2.1e-06 1.65e-06 1.55e-06 1.55e-06 1.4e-06 1.55e-06 1.45e-06 1.55e-06 1.6e-06 1.5e-06 2.2e-06 2e-06 1.6e-06 1.4e-06 1.8e-06 1.55e-06 1.65e-06 1.9e-06 1.5e-06 1.25e-06 2.1e-06 1.55e-06
4 1.45e-06 1.3e-06 1.4e-06 1.3e-06 1.5e-06 1.55e-06 1.25e-06 1.85e-06 1.25e-06 1.35e-06 1.6e-06 1.25e-06 1.85e-06 1.75e-06 1.15e-06 1.5e-06 1.45e-06 1.75e-06 1.7e-06 1.55e-06 9e-07 1.55e-06 1.3e-06 1.35e-06 1.85e-06 1.75e-06 1.15e-06 1.3e-06 1.15e-06 1.15e-06 1.55e-06 1.35e-06 1.65e-06 1.4e-06 2.35e-06 1.65e-06 1.55e-06 1.65e-06 1.5e-06 1.35e-06 1.45e-06 1.4e-06 1.8e-06 1.3e-06 2.2e-06 1.95e-06 1.85e-06 1.6e-06 1.7e-06 1.4e-06 1.8e-06 1.9e-06 1.4e-06 9e-07 1.9e-06 1.4e-06
5 1.4e-06 1.65e-06 1.35e-06 1.65e-06 1.55e-06 1.5e-06 1.35e-06 1.4e-06 1.4e-06 1.25e-06 1.2e-06 1.3e-06 1.15e-06 1.45e-06 1.45e-06 1.25e-06 1.25e-06 1.25e-06 1.3e-06 1.3e-06 1.35e-06 1.85e-06 1.3e-06 1.3e-06 1.6e-06 1.55e-06 9.5e-07 1.65e-06 1.15e-06 1.55e-06 1.5e-06 1.3e-06 1.5e-06 1.95e-06 2.15e-06 1.5e-06 1.5e-06 1.25e-06 1.15e-06 1.75e-06 1.3e-06 1.85e-06 1.95e-06 1.5e-06 2.45e-06 2.05e-06 1.5e-06 1.6e-06 1.5e-06 1.15e-06 1.35e-06 2.05e-06 1.15e-06 1.65e-06 2e-06 1.15e-06
6 1.4e-06 1.65e-06 1.05e-06 1.45e-06 1.25e-06 1.35e-06 1.6e-06 1.5e-06 1.3e-06 1.1e-06 1.3e-06 1.1e-06 1.75e-06 1.7e-06 1.2e-06 1.75e-06 1.15e-06 1.5e-06 1.5e-06 1.8e-06 8.5e-07 1.9e-06 1e-06 1.05e-06 1.8e-06 1.9e-06 1.2e-06 1.65e-06 9e-07 1.4e-06 1.4e-06 1.1e-06 1.75e-06 2.1e-06 2.85e-06 1.8e-06 1.85e-06 1.45e-06 9e-07 1.35e-06 1.15e-06 1.8e-06 2.05e-06 1.3e-06 2.7e-06 2.2e-06 2.1e-06 1.9e-06 1.7e-06 1.35e-06 2.05e-06 2.45e-06 1.3e-06 1.4e-06 2.25e-06 1.35e-06
7 1.75e-06 2e-06 1.65e-06 1.9e-06 1.85e-06 1.4e-06 1.5e-06 1.7e-06 1.8e-06 1.7e-06 1.65e-06 1.45e-06 1.2e-06 1.3e-06 1.6e-06 1.9e-06 1.55e-06 1.6e-06 1.75e-06 1.75e-06 1.8e-06 1.95e-06 1.4e-06 1.4e-06 1.7e-06 1.95e-06 1.6e-06 2e-06 1.5e-06 2e-06 1.65e-06 1.65e-06 1.8e-06 2e-06 2.25e-06 2.1e-06 2.1e-06 1.8e-06 1.45e-06 2.15e-06 1.65e-06 2.35e-06 2.15e-06 1.65e-06 2.65e-06 1.9e-06 2e-06 1.8e-06 1.55e-06 1.45e-06 1.75e-06 2.2e-06 1.55e-06 1.95e-06 2.2e-06 1.45e-06
8 1.3e-06 1.4e-06 1.2e-06 1.45e-06 1.25e-06 1.4e-06 1.3e-06 1.8e-06 1.5e-06 1.25e-06 1.4e-06 1.35e-06 1.85e-06 1.5e-06 1.25e-06 1.45e-06 1e-06 1.6e-06 1.45e-06 1.55e-06 1.1e-06 1.75e-06 1.15e-06 1.2e-06 1.75e-06 1.95e-06 1.2e-06 1.4e-06 1.1e-06 1.15e-06 1.5e-06 1.3e-06 1.55e-06 1.85e-06 2.4e-06 1.6e-06 1.5e-06 1.45e-06 1.15e-06 1.6e-06 1.35e-06 1.4e-06 1.8e-06 1.35e-06 2.35e-06 2e-06 1.8e-06 1.65e-06 1.7e-06 1.35e-06 1.8e-06 1.95e-06 1.15e-06 1.45e-06 2.05e-06 1.35e-06
9 1.15e-06 1.25e-06 6.5e-07 1.2e-06 1.35e-06 1.25e-06 1.1e-06 1.7e-06 1.25e-06 1e-06 1e-06 1.3e-06 1.45e-06 1.7e-06 1.25e-06 1.2e-06 1.25e-06 1.15e-06 1.3e-06 1.4e-06 9e-07 1.4e-06 8e-07 1.3e-06 1.7e-06 1.65e-06 1.05e-06 1.25e-06 1.05e-06 1.1e-06 1.2e-06 1.25e-06 1.55e-06 1.95e-06 2.5e-06 1.1e-06 1.2e-06 1.15e-06 9e-07 1.2e-06 7.5e-07 1.5e-06 1.85e-06 8e-07 2.5e-06 2e-06 1.55e-06 1.55e-06 1.45e-06 1.05e-06 1.65e-06 2.05e-06 1.4e-06 1.35e-06 2.2e-06 1.05e-06
10 1.2e-06 1.65e-06 1.05e-06 1.45e-06 1.6e-06 1.2e-06 1.3e-06 1.65e-06 1.4e-06 1e-06 1.4e-06 1.45e-06 1.5e-06 1.6e-06 1.65e-06 1.35e-06 1e-06 1.4e-06 1.05e-06 1.35e-06 1.35e-06 1.3e-06 1.2e-06 1.35e-06 1.55e-06 2e-06 1.2e-06 1.65e-06 1.1e-06 1.55e-06 1.05e-06 1.3e-06 1.5e-06 2e-06 2.4e-06 1.3e-06 1.2e-06 9.5e-07 8.5e-07 1.75e-06 1e-06 1.8e-06 1.6e-06 1.4e-06 2.55e-06 2.2e-06 1.35e-06 1.6e-06 1.8e-06 1.3e-06 1.6e-06 2.15e-06 1.2e-06 1.7e-06 2.3e-06 1.3e-06
11 1.45e-06 1.4e-06 1.25e-06 1.55e-06 1.25e-06 1.3e-06 1.1e-06 1.45e-06 1.35e-06 1.3e-06 1.45e-06 1.7e-06 1.6e-06 1.65e-06 1.1e-06 1.6e-06 1.3e-06 1.6e-06 1.55e-06 1.7e-06 1.05e-06 2.05e-06 1.1e-06 1.15e-06 1.9e-06 1.55e-06 1.1e-06 1.4e-06 1e-06 1.35e-06 1.6e-06 1.2e-06 1.85e-06 2.1e-06 2.8e-06 1.75e-06 1.8e-06 1.55e-06 1.2e-06 1.45e-06 1.3e-06 1.75e-06 2.15e-06 1.25e-06 2.55e-06 2.1e-06 2.1e-06 1.8e-06 1.55e-06 1.2e-06 1.95e-06 2.35e-06 1.35e-06 1.3e-06 2.2e-06 1.2e-06
12 1.7e-06 1.7e-06 1.55e-06 1.75e-06 1.85e-06 1.15e-06 1.75e-06 1.2e-06 1.85e-06 1.45e-06 1.5e-06 1.6e-06 1.6e-06 1.35e-06 1.7e-06 1.3e-06 1.8e-06 1.4e-06 1.6e-06 1.25e-06 1.85e-06 1.7e-06 1.4e-06 1.75e-06 1.75e-06 1.65e-06 1.3e-06 1.7e-06 1.75e-06 1.75e-06 1.7e-06 1.9e-06 1.7e-06 1.8e-06 1.95e-06 1.55e-06 1.55e-06 1.6e-06 1.7e-06 2e-06 1.6e-06 2.05e-06 2.1e-06 1.45e-06 2.4e-06 1.8e-06 1.5e-06 1.5e-06 1.4e-06 1.1e-06 1.25e-06 1.9e-06 1.65e-06 1.75e-06 2.15e-06 1.1e-06
13 1.65e-06 1.85e-06 1.7e-06 1.75e-06 1.75e-06 1.45e-06 1.7e-06 1.3e-06 1.5e-06 1.7e-06 1.6e-06 1.65e-06 1.35e-06 2.3e-06 1.75e-06 1.7e-06 1.35e-06 1.6e-06 1.65e-06 1.55e-06 1.8e-06 1.65e-06 1.55e-06 1.55e-06 1.6e-06 1.95e-06 1.6e-06 1.85e-06 1.6e-06 1.8e-06 1.6e-06 1.75e-06 1.65e-06 1.7e-06 1.85e-06 1.9e-06 1.75e-06 1.7e-06 1.5e-06 2.15e-06 1.75e-06 1.95e-06 1.85e-06 1.8e-06 2.25e-06 1.85e-06 1.65e-06 1.6e-06 1.7e-06 1.6e-06 1.55e-06 1.8e-06 1.4e-06 1.85e-06 2e-06 1.6e-06
14 1.45e-06 1.25e-06 1.15e-06 1.65e-06 1.15e-06 1.45e-06 1.2e-06 1.6e-06 1.25e-06 1.25e-06 1.65e-06 1.1e-06 1.7e-06 1.75e-06 1.4e-06 1.55e-06 1.5e-06 1.7e-06 1.75e-06 1.85e-06 9.5e-07 2.2e-06 1e-06 1.2e-06 2.05e-06 1.6e-06 1.1e-06 1.25e-06 1.05e-06 1.2e-06 1.8e-06 1.1e-06 1.9e-06 2.1e-06 2.85e-06 1.7e-06 1.75e-06 1.75e-06 1.4e-06 1.3e-06 1.3e-06 1.65e-06 2.35e-06 9.5e-07 2.6e-06 1.95e-06 2.2e-06 1.95e-06 1.4e-06 1.1e-06 2.05e-06 2.25e-06 1.55e-06 1.3e-06 2e-06 1.1e-06
15 1.25e-06 1.05e-06 1.4e-06 1.6e-06 1.5e-06 1.25e-06 1.75e-06 1.9e-06 1.45e-06 1.2e-06 1.35e-06 1.6e-06 1.3e-06 1.7e-06 1.55e-06 1.4e-06 1.65e-06 1.6e-06 1.35e-06 1.15e-06 1.55e-06 1.7e-06 1.35e-06 1.75e-06 1.95e-06 1.75e-06 1.1e-06 1.05e-06 1.65e-06 1.1e-06 1.75e-06 1.85e-06 1.8e-06 1.75e-06 2.1e-06 1e-06 8.5e-07 1.4e-06 1.75e-06 1.75e-06 1.4e-06 1.2e-06 1.95e-06 1.15e-06 2.25e-06 1.95e-06 1.25e-06 1.5e-06 1.55e-06 1e-06 1.35e-06 1.65e-06 1.45e-06 1.4e-06 2.25e-06 1e-06
16 1.15e-06 1.75e-06 1.2e-06 1.5e-06 1.45e-06 1.25e-06 1.15e-06 1.55e-06 1e-06 1.25e-06 1e-06 1.3e-06 1.8e-06 1.35e-06 1.5e-06 1.65e-06 1.1e-06 1.5e-06 1.1e-06 1.55e-06 1.2e-06 1.55e-06 1.25e-06 1e-06 1.4e-06 2.1e-06 1.25e-06 1.75e-06 8e-07 1.55e-06 1.05e-06 1e-06 1.5e-06 2e-06 2.4e-06 1.7e-06 1.6e-06 1.1e-06 6e-07 1.8e-06 1.1e-06 1.75e-06 1.55e-06 1.65e-06 2.5e-06 2.2e-06 1.7e-06 1.65e-06 1.9e-06 1.55e-06 1.8e-06 2.15e-06 9e-07 1.75e-06 2.1e-06 1.55e-06
17 1.6e-06 1.8e-06 1.15e-06 1.5e-06 1.75e-06 1.25e-06 1.5e-06 1.6e-06 1.6e-06 1.15e-06 1.4e-06 1.6e-06 1.4e-06 1.6e-06 1.7e-06 1.6e-06 1.5e-06 1.7e-06 1.5e-06 1.55e-06 1.45e-06 1.55e-06 1.25e-06 1.6e-06 1.7e-06 1.35e-06 1.4e-06 1.8e-06 1.45e-06 1.65e-06 1.45e-06 1.6e-06 1.55e-06 1.95e-06 2.25e-06 1.6e-06 1.7e-06 1.5e-06 1.25e-06 1.7e-06 1.4e-06 2e-06 1.95e-06 1.55e-06 2.55e-06 2.1e-06 1.7e-06 1.35e-06 1.25e-06 1.45e-06 1.6e-06 2.1e-06 1.6e-06 1.75e-06 2.2e-06 1.45e-06
18 1.25e-06 1.65e-06 1.35e-06 1.65e-06 1.7e-06 1.3e-06 1.5e-06 1.75e-06 1.45e-06 1.3e-06 1.05e-06 1.55e-06 1.6e-06 1.65e-06 1.75e-06 1.35e-06 1.1e-06 1.5e-06 2e-06 1.4e-06 1.55e-06 1.6e-06 1.4e-06 1.5e-06 1.65e-06 2e-06 1.3e-06 1.65e-06 1.25e-06 1.55e-06 1.3e-06 1.45e-06 1.7e-06 2.05e-06 2.35e-06 1.3e-06 1.3e-06 1.15e-06 1.1e-06 1.95e-06 1.25e-06 1.75e-06 1.75e-06 1.6e-06 2.55e-06 2.25e-06 1.45e-06 1.55e-06 1.8e-06 1.4e-06 1.65e-06 2.1e-06 1.2e-06 1.8e-06 2.35e-06 1.4e-06
19 1.55e-06 1.6e-06 1.55e-06 1.4e-06 1.55e-06 1.3e-06 1.8e-06 1.75e-06 1.55e-06 1.4e-06 1.35e-06 1.7e-06 1.25e-06 1.55e-06 1.85e-06 1.15e-06 1.55e-06 1.55e-06 1.4e-06 1.6e-06 1.75e-06 1.1e-06 1.5e-06 1.85e-06 1.6e-06 1.9e-06 1.25e-06 1.6e-06 1.7e-06 1.5e-06 1.4e-06 1.9e-06 1.55e-06 1.4e-06 1.75e-06 1.35e-06 1.25e-06 1.4e-06 1.65e-06 2e-06 1.6e-06 1.65e-06 1.55e-06 1.6e-06 2.15e-06 1.9e-06 1.2e-06 1.05e-06 1.75e-06 1.25e-06 1.1e-06 1.7e-06 1.35e-06 1.5e-06 2.1e-06 1.25e-06
20 1.3e-06 1.3e-06 9e-07 1.25e-06 9e-07 1.35e-06 8.5e-07 1.8e-06 1.1e-06 9e-07 1.35e-06 1.05e-06 1.85e-06 1.8e-06 9.5e-07 1.55e-06 1.2e-06 1.45e-06 1.55e-06 1.75e-06 9e-07 1.85e-06 9.5e-07 1.05e-06 1.85e-06 1.65e-06 9.5e-07 1.3e-06 7.5e-07 1.05e-06 1.45e-06 9.5e-07 1.65e-06 1.95e-06 2.8e-06 1.6e-06 1.65e-06 1.45e-06 9.5e-07 9.5e-07 1.05e-06 1.45e-06 2.05e-06 1.1e-06 2.5e-06 2.15e-06 2.05e-06 1.85e-06 1.65e-06 1.3e-06 2e-06 2.25e-06 1.3e-06 1.1e-06 2e-06 1.3e-06
21 1.65e-06 1.95e-06 1.4e-06 1e-06 1.55e-06 1.85e-06 1.9e-06 1.95e-06 1.75e-06 1.4e-06 1.3e-06 2.05e-06 1.7e-06 1.65e-06 2.2e-06 1.7e-06 1.55e-06 1.55e-06 1.6e-06 1.1e-06 1.85e-06 0.0 1.65e-06 2.05e-06 1.4e-06 2.15e-06 1.8e-06 1.95e-06 1.8e-06 1.8e-06 8e-07 2e-06 1.2e-06 1.1e-06 1.45e-06 1.65e-06 1.4e-06 1.45e-06 1.55e-06 2.15e-06 1.6e-06 1.9e-06 1e-06 1.85e-06 2.05e-06 1.9e-06 1.1e-06 1e-06 2e-06 1.85e-06 1.35e-06 1.6e-06 1.5e-06 1.55e-06 2.05e-06 1.85e-06
22 1.25e-06 1.25e-06 7e-07 1.3e-06 1.3e-06 1.3e-06 1e-06 1.4e-06 1.15e-06 8e-07 1.2e-06 1.1e-06 1.4e-06 1.55e-06 1e-06 1.35e-06 1.25e-06 1.25e-06 1.4e-06 1.5e-06 9.5e-07 1.65e-06 1.3e-06 1.15e-06 1.75e-06 1.65e-06 1.1e-06 1.25e-06 1.05e-06 1.1e-06 1.35e-06 1.25e-06 1.65e-06 1.95e-06 2.6e-06 1.4e-06 1.45e-06 1.35e-06 1e-06 1.25e-06 1e-06 1.55e-06 2e-06 8e-07 2.5e-06 1.8e-06 1.8e-06 1.6e-06 1.25e-06 9e-07 1.75e-06 2.1e-06 1.45e-06 1.3e-06 2.2e-06 9e-07
23 1.35e-06 1.7e-06 1.25e-06 1.65e-06 1.35e-06 1.3e-06 1.05e-06 1.4e-06 1.2e-06 1.3e-06 1.35e-06 1.15e-06 1.75e-06 1.55e-06 1.2e-06 1.75e-06 1e-06 1.6e-06 1.5e-06 1.85e-06 1.05e-06 2.05e-06 1.15e-06 1.3e-06 1.75e-06 2e-06 1.2e-06 1.7e-06 8.5e-07 1.55e-06 1.45e-06 1.05e-06 1.7e-06 2.2e-06 2.8e-06 1.9e-06 1.9e-06 1.3e-06 8.5e-07 1.55e-06 1.2e-06 1.9e-06 2.05e-06 1.4e-06 2.8e-06 2.2e-06 2.15e-06 1.95e-06 1.7e-06 1.4e-06 2.05e-06 2.4e-06 1.2e-06 1.65e-06 2.2e-06 1.4e-06
24 1.65e-06 2.1e-06 1.7e-06 1.7e-06 1.85e-06 1.6e-06 1.8e-06 1.7e-06 1.75e-06 1.7e-06 1.55e-06 1.9e-06 1.75e-06 1.6e-06 2.05e-06 1.95e-06 1.4e-06 1.7e-06 1.65e-06 1.6e-06 1.85e-06 1.4e-06 1.75e-06 1.75e-06 2.6e-06 2.2e-06 1.8e-06 2.1e-06 1.55e-06 2e-06 1.35e-06 1.7e-06 1.6e-06 1.6e-06 1.85e-06 2.05e-06 1.9e-06 1.65e-06 1.4e-06 2.25e-06 1.65e-06 2.15e-06 1.75e-06 2.05e-06 2.4e-06 2.1e-06 1.65e-06 1.65e-06 2.05e-06 1.95e-06 1.55e-06 1.95e-06 1.5e-06 2e-06 2.1e-06 1.95e-06
25 1.95e-06 1.65e-06 1.65e-06 1.85e-06 1.75e-06 1.55e-06 1.9e-06 1.95e-06 1.95e-06 1.65e-06 2e-06 1.55e-06 1.65e-06 1.95e-06 1.6e-06 1.75e-06 2.1e-06 1.35e-06 2e-06 1.9e-06 1.65e-06 2.15e-06 1.65e-06 2e-06 2.2e-06 2.1e-06 1.55e-06 1.65e-06 1.8e-06 1.7e-06 2.1e-06 1.85e-06 2e-06 2.1e-06 2.55e-06 1.85e-06 1.95e-06 2.05e-06 2e-06 1.7e-06 1.85e-06 2.05e-06 2.5e-06 1.65e-06 2.55e-06 2.25e-06 2.1e-06 1.7e-06 1.35e-06 1.6e-06 1.9e-06 2.25e-06 2.05e-06 1.6e-06 2.25e-06 1.6e-06
26 1.3e-06 1.3e-06 1.15e-06 1.45e-06 1.15e-06 9.5e-07 1.2e-06 1.6e-06 1.2e-06 1.05e-06 1.2e-06 1.1e-06 1.3e-06 1.6e-06 1.1e-06 1.1e-06 1.25e-06 1.4e-06 1.3e-06 1.25e-06 9.5e-07 1.8e-06 1.1e-06 1.2e-06 1.8e-06 1.55e-06 1.4e-06 1.3e-06 9.5e-07 1.2e-06 1.5e-06 1.15e-06 1.6e-06 1.95e-06 2.5e-06 1.3e-06 1.35e-06 1.25e-06 1.15e-06 1.4e-06 1.15e-06 1.55e-06 1.95e-06 1.15e-06 2.45e-06 2.05e-06 1.65e-06 1.55e-06 1.5e-06 9.5e-07 1.5e-06 2.1e-06 1.15e-06 1.3e-06 2e-06 9.5e-07
27 1.25e-06 6.5e-07 1.3e-06 1.55e-06 1.3e-06 1.65e-06 1.65e-06 2e-06 1.4e-06 1.25e-06 1.65e-06 1.4e-06 1.7e-06 1.85e-06 1.25e-06 1.05e-06 1.75e-06 1.8e-06 1.65e-06 1.6e-06 1.3e-06 1.95e-06 1.25e-06 1.7e-06 2.1e-06 1.65e-06 1.3e-06 1.3e-06 1.55e-06 9e-07 1.9e-06 1.75e-06 2e-06 1.8e-06 2.4e-06 1.25e-06 1.1e-06 1.75e-06 1.85e-06 1.45e-06 1.4e-06 1.05e-06 2.2e-06 9.5e-07 2.2e-06 1.9e-06 1.7e-06 1.75e-06 1.5e-06 1.15e-06 1.8e-06 1.7e-06 1.7e-06 1.15e-06 2.25e-06 1.15e-06
28 1.15e-06 1.55e-06 1e-06 1.45e-06 1.15e-06 1.15e-06 9e-07 1.5e-06 1.1e-06 1.05e-06 1.1e-06 1e-06 1.75e-06 1.6e-06 1.05e-06 1.65e-06 8e-07 1.45e-06 1.25e-06 1.7e-06 7.5e-07 1.8e-06 1.05e-06 8.5e-07 1.55e-06 1.8e-06 9.5e-07 1.55e-06 1e-06 1.4e-06 1.15e-06 7e-07 1.55e-06 2.15e-06 2.75e-06 1.7e-06 1.75e-06 1.2e-06 6e-07 1.4e-06 9e-07 1.8e-06 1.85e-06 1.3e-06 2.65e-06 2.2e-06 2e-06 1.8e-06 1.7e-06 1.35e-06 1.95e-06 2.35e-06 1e-06 1.5e-06 2e-06 1.35e-06
29 1.25e-06 9e-07 1.15e-06 1.3e-06 1.15e-06 1.55e-06 1.4e-06 2e-06 1.15e-06 1.1e-06 1.55e-06 1.35e-06 1.75e-06 1.8e-06 1.2e-06 1.1e-06 1.55e-06 1.65e-06 1.55e-06 1.5e-06 1.05e-06 1.8e-06 1.1e-06 1.55e-06 2e-06 1.7e-06 1.2e-06 9e-07 1.4e-06 1.4e-06 1.75e-06 1.6e-06 1.85e-06 1.7e-06 2.35e-06 1.25e-06 1.15e-06 1.6e-06 1.6e-06 1.3e-06 1.35e-06 9.5e-07 2e-06 1e-06 2.15e-06 1.9e-06 1.65e-06 1.65e-06 1.55e-06 1.15e-06 1.75e-06 1.75e-06 1.45e-06 1.05e-06 2.15e-06 1.15e-06
30 1.35e-06 1.9e-06 1.15e-06 1.25e-06 1.55e-06 1.5e-06 1.4e-06 1.65e-06 1.5e-06 1.2e-06 1.05e-06 1.6e-06 1.7e-06 1.6e-06 1.8e-06 1.75e-06 1.05e-06 1.45e-06 1.3e-06 1.4e-06 1.45e-06 8e-07 1.35e-06 1.45e-06 1.35e-06 2.1e-06 1.5e-06 1.9e-06 1.15e-06 1.75e-06 1.6e-06 1.35e-06 1.35e-06 1.7e-06 2.1e-06 1.7e-06 1.6e-06 1.2e-06 9e-07 1.9e-06 1.15e-06 2e-06 1.35e-06 1.65e-06 2.45e-06 2.1e-06 1.5e-06 1.4e-06 1.9e-06 1.65e-06 1.65e-06 2.05e-06 1.25e-06 1.7e-06 2.15e-06 1.65e-06
31 1.35e-06 1.75e-06 1.2e-06 1.65e-06 1.35e-06 1.3e-06 1.1e-06 1.65e-06 1.3e-06 1.25e-06 1.3e-06 1.2e-06 1.9e-06 1.75e-06 1.1e-06 1.85e-06 1e-06 1.6e-06 1.45e-06 1.9e-06 9.5e-07 2e-06 1.25e-06 1.05e-06 1.7e-06 1.85e-06 1.15e-06 1.75e-06 7e-07 1.6e-06 1.35e-06 1.4e-06 1.7e-06 2.3e-06 2.85e-06 1.9e-06 1.95e-06 1.4e-06 8e-07 1.5e-06 1.1e-06 2e-06 2.05e-06 1.5e-06 2.8e-06 2.35e-06 2.15e-06 2e-06 1.85e-06 1.55e-06 2.1e-06 2.5e-06 1.2e-06 1.7e-06 2e-06 1.55e-06
32 1.7e-06 2e-06 1.55e-06 1.5e-06 1.65e-06 1.5e-06 1.75e-06 1.8e-06 1.55e-06 1.55e-06 1.5e-06 1.85e-06 1.7e-06 1.65e-06 1.9e-06 1.8e-06 1.5e-06 1.55e-06 1.7e-06 1.55e-06 1.65e-06 1.2e-06 1.65e-06 1.7e-06 1.6e-06 2e-06 1.6e-06 2e-06 1.55e-06 1.85e-06 1.35e-06 1.7e-06 2.4e-06 1.65e-06 1.9e-06 1.9e-06 1.75e-06 1.6e-06 1.45e-06 2.05e-06 1.65e-06 2.05e-06 1.7e-06 1.9e-06 2.4e-06 2.1e-06 1.55e-06 1.6e-06 1.9e-06 1.8e-06 1.6e-06 1.95e-06 1.5e-06 1.8e-06 2.05e-06 1.8e-06
33 1.9e-06 1.8e-06 2.05e-06 1.5e-06 1.4e-06 1.95e-06 2.1e-06 2e-06 1.85e-06 1.95e-06 2e-06 2.1e-06 1.8e-06 1.7e-06 2.1e-06 1.75e-06 2e-06 1.95e-06 2.05e-06 1.4e-06 1.95e-06 1.1e-06 1.95e-06 2.2e-06 1.6e-06 2.1e-06 1.95e-06 1.8e-06 2.15e-06 1.7e-06 1.7e-06 2.3e-06 1.65e-06 1.6e-06 1.4e-06 1.95e-06 1.65e-06 2.05e-06 2.25e-06 2.15e-06 2.15e-06 1.7e-06 1.65e-06 2e-06 1.9e-06 1.8e-06 1.45e-06 1.4e-06 2e-06 1.95e-06 1.35e-06 1.45e-06 1.85e-06 1.35e-06 1.95e-06 1.95e-06
34 2.3e-06 2.4e-06 2.65e-06 2.1e-06 2.35e-06 2.15e-06 2.85e-06 2.25e-06 2.4e-06 2.5e-06 2.4e-06 2.8e-06 1.95e-06 1.85e-06 2.85e-06 2.1e-06 2.4e-06 2.25e-06 2.35e-06 1.75e-06 2.8e-06 1.45e-06 2.6e-06 2.8e-06 1.85e-06 2.55e-06 2.5e-06 2.4e-06 2.75e-06 2.35e-06 2.1e-06 2.85e-06 1.9e-06 1.4e-06 1.3e-06 2.35e-06 2e-06 2.45e-06 2.7e-06 3e-06 2.7e-06 2.1e-06 1.9e-06 2.75e-06 1.8e-06 1.75e-06 1.35e-06 1.85e-06 2.5e-06 2.55e-06 1.55e-06 1.3e-06 2.05e-06 2.35e-06 1.8e-06 2.55e-06
35 1.35e-06 1.25e-06 1.35e-06 1.65e-06 1.65e-06 1.5e-06 1.8e-06 2.1e-06 1.6e-06 1.1e-06 1.3e-06 1.75e-06 1.55e-06 1.9e-06 1.7e-06 1e-06 1.7e-06 1.6e-06 1.3e-06 1.35e-06 1.6e-06 1.65e-06 1.4e-06 1.9e-06 2.05e-06 1.85e-06 1.3e-06 1.25e-06 1.7e-06 1.25e-06 1.7e-06 1.9e-06 1.9e-06 1.95e-06 2.35e-06 1.7e-06 9.5e-07 1.4e-06 1.7e-06 1.8e-06 1.3e-06 1.45e-06 2e-06 1.15e-06 2.45e-06 2.15e-06 1.35e-06 1.55e-06 1.65e-06 1.2e-06 1.6e-06 1.9e-06 1.6e-06 1.55e-06 2.45e-06 1.2e-06
36 1.2e-06 1.1e-06 1.4e-06 1.55e-06 1.55e-06 1.5e-06 1.85e-06 2.1e-06 1.5e-06 1.2e-06 1.2e-06 1.8e-06 1.55e-06 1.75e-06 1.75e-06 8.5e-07 1.6e-06 1.7e-06 1.3e-06 1.25e-06 1.65e-06 1.4e-06 1.45e-06 1.9e-06 1.9e-06 1.95e-06 1.35e-06 1.1e-06 1.75e-06 1.15e-06 1.6e-06 1.95e-06 1.75e-06 1.65e-06 2e-06 9.5e-07 1.2e-06 1.3e-06 1.75e-06 1.85e-06 1.4e-06 1.15e-06 1.75e-06 1.25e-06 2.15e-06 2e-06 1.05e-06 1.55e-06 1.75e-06 1.25e-06 1.45e-06 1.55e-06 1.5e-06 1.45e-06 2.3e-06 1.25e-06
37 1.3e-06 1.75e-06 1.25e-06 1.55e-06 1.65e-06 1.25e-06 1.45e-06 1.8e-06 1.45e-06 1.15e-06 9.5e-07 1.55e-06 1.6e-06 1.7e-06 1.75e-06 1.4e-06 1.1e-06 1.5e-06 1.15e-06 1.4e-06 1.45e-06 1.45e-06 1.35e-06 1.3e-06 1.65e-06 2.05e-06 1.25e-06 1.75e-06 1.2e-06 1.6e-06 1.2e-06 1.4e-06 1.6e-06 2.05e-06 2.45e-06 1.4e-06 1.3e-06 1.7e-06 1e-06 1.75e-06 1.15e-06 1.85e-06 1.7e-06 1.55e-06 2.6e-06 2.3e-06 1.45e-06 1.65e-06 1.9e-06 1.4e-06 1.65e-06 2.2e-06 1.25e-06 1.75e-06 2.35e-06 1.4e-06
38 1.15e-06 1.85e-06 8.5e-07 1.4e-06 1.5e-06 1.15e-06 9e-07 1.45e-06 1.15e-06 9e-07 8.5e-07 1.2e-06 1.7e-06 1.5e-06 1.4e-06 1.75e-06 6e-07 1.25e-06 1.1e-06 1.65e-06 9.5e-07 1.55e-06 1e-06 8.5e-07 1.4e-06 2e-06 1.15e-06 1.85e-06 6e-07 1.6e-06 9e-07 8e-07 1.45e-06 2.25e-06 2.7e-06 1.7e-06 1.75e-06 1e-06 5e-07 1.55e-06 8e-07 2e-06 1.7e-06 1.45e-06 2.8e-06 2.3e-06 1.85e-06 1.75e-06 1.8e-06 1.45e-06 1.9e-06 2.45e-06 1e-06 1.8e-06 2.2e-06 1.45e-06
39 1.7e-06 1.45e-06 1.2e-06 1.55e-06 1.35e-06 1.75e-06 1.35e-06 2.15e-06 1.6e-06 1.2e-06 1.75e-06 1.45e-06 2e-06 2.15e-06 1.3e-06 1.75e-06 1.8e-06 1.7e-06 1.95e-06 2e-06 9.5e-07 2.15e-06 1.25e-06 1.55e-06 2.25e-06 1.7e-06 1.4e-06 1.45e-06 1.4e-06 1.3e-06 1.9e-06 1.5e-06 2.05e-06 2.15e-06 3e-06 1.8e-06 1.85e-06 1.75e-06 1.55e-06 1.3e-06 1.45e-06 1.7e-06 2.5e-06 1.3e-06 2.7e-06 2.35e-06 2.25e-06 2.1e-06 1.8e-06 1.5e-06 2.2e-06 2.45e-06 1.95e-06 1.3e-06 2.35e-06 1.5e-06
40 1.1e-06 1.4e-06 8.5e-07 1.45e-06 1.45e-06 1.3e-06 1.15e-06 1.65e-06 1.35e-06 7.5e-07 1e-06 1.3e-06 1.6e-06 1.75e-06 1.3e-06 1.4e-06 1.1e-06 1.4e-06 1.25e-06 1.6e-06 1.05e-06 1.6e-06 1e-06 1.2e-06 1.65e-06 1.85e-06 1.15e-06 1.4e-06 9e-07 1.35e-06 1.15e-06 1.1e-06 1.65e-06 2.15e-06 2.7e-06 1.3e-06 1.4e-06 1.15e-06 8e-07 1.45e-06 1.4e-06 1.75e-06 1.9e-06 9.5e-07 2.7e-06 2.15e-06 1.75e-06 1.75e-06 1.6e-06 1.2e-06 1.85e-06 2.25e-06 1.35e-06 1.55e-06 2.3e-06 1.2e-06
41 1.4e-06 1.05e-06 1.6e-06 1.55e-06 1.4e-06 1.85e-06 1.8e-06 2.35e-06 1.4e-06 1.5e-06 1.8e-06 1.75e-06 2.05e-06 1.95e-06 1.65e-06 1.2e-06 1.75e-06 2e-06 1.75e-06 1.65e-06 1.45e-06 1.9e-06 1.55e-06 1.9e-06 2.15e-06 2.05e-06 1.55e-06 1.05e-06 1.8e-06 9.5e-07 2e-06 2e-06 2.05e-06 1.7e-06 2.1e-06 1.45e-06 1.15e-06 1.85e-06 2e-06 1.7e-06 1.75e-06 1.4e-06 1.9e-06 1.45e-06 1.95e-06 1.95e-06 1.65e-06 1.85e-06 1.95e-06 1.55e-06 1.85e-06 1.5e-06 1.65e-06 1.3e-06 2.15e-06 1.55e-06
42 1.8e-06 2.2e-06 1.9e-06 1.6e-06 1.8e-06 1.95e-06 2.05e-06 2.15e-06 1.8e-06 1.85e-06 1.6e-06 2.15e-06 2.1e-06 1.85e-06 2.35e-06 1.95e-06 1.55e-06 1.95e-06 1.75e-06 1.55e-06 2.05e-06 1e-06 2e-06 2.05e-06 1.75e-06 2.5e-06 1.95e-06 2.2e-06 1.85e-06 2e-06 1.35e-06 2.05e-06 1.7e-06 1.65e-06 1.9e-06 2e-06 1.75e-06 1.7e-06 1.7e-06 2.5e-06 1.9e-06 1.9e-06 2e-06 2.25e-06 2.3e-06 2.2e-06 1.65e-06 1.5e-06 2.35e-06 2.15e-06 1.8e-06 1.85e-06 1.5e-06 1.95e-06 2.2e-06 2.15e-06
43 1.25e-06 9.5e-07 8.5e-07 1.5e-06 1.3e-06 1.5e-06 1.3e-06 1.65e-06 1.35e-06 8e-07 1.4e-06 1.25e-06 1.45e-06 1.8e-06 9.5e-07 1.15e-06 1.65e-06 1.55e-06 1.6e-06 1.6e-06 1.1e-06 1.85e-06 8e-07 1.4e-06 2.05e-06 1.65e-06 1.15e-06 9.5e-07 1.3e-06 1e-06 1.65e-06 1.5e-06 1.9e-06 2e-06 2.75e-06 1.15e-06 1.25e-06 1.55e-06 1.45e-06 1.3e-06 9.5e-07 1.45e-06 2.25e-06 9e-07 2.55e-06 1.8e-06 1.85e-06 1.75e-06 1.2e-06 8e-07 1.85e-06 2.05e-06 1.75e-06 1.2e-06 2.35e-06 8e-07
44 2.4e-06 2.2e-06 2.55e-06 2.2e-06 2.2e-06 2.45e-06 2.7e-06 2.65e-06 2.35e-06 2.5e-06 2.55e-06 2.55e-06 2.4e-06 2.25e-06 2.6e-06 2.25e-06 2.5e-06 2.55e-06 2.55e-06 2.15e-06 2.5e-06 2.05e-06 2.5e-06 2.8e-06 2.4e-06 2.55e-06 2.45e-06 2.2e-06 2.65e-06 2.15e-06 2.45e-06 2.8e-06 2.4e-06 1.9e-06 1.8e-06 2.45e-06 2.15e-06 2.6e-06 2.8e-06 2.7e-06 2.7e-06 1.95e-06 2.3e-06 2.55e-06 3.3e-06 2.1e-06 2.1e-06 2.2e-06 2.6e-06 2.5e-06 2.15e-06 1.8e-06 2.35e-06 2.05e-06 2.2e-06 2.5e-06
45 2.05e-06 1.9e-06 1.95e-06 2e-06 1.95e-06 2.05e-06 2.2e-06 1.9e-06 2e-06 2e-06 2.2e-06 2.1e-06 1.8e-06 1.85e-06 1.95e-06 1.95e-06 2.2e-06 2.1e-06 2.25e-06 1.9e-06 2.15e-06 1.9e-06 1.8e-06 2.2e-06 2.1e-06 2.25e-06 2.05e-06 1.9e-06 2.2e-06 1.9e-06 2.1e-06 2.35e-06 2.1e-06 1.8e-06 1.75e-06 2.15e-06 2e-06 2.3e-06 2.3e-06 2.35e-06 2.15e-06 1.95e-06 2.2e-06 1.8e-06 2.1e-06 3.2e-06 2e-06 1.95e-06 1.9e-06 1.8e-06 1.9e-06 1.7e-06 2.15e-06 1.9e-06 2e-06 1.8e-06
46 1.55e-06 1.7e-06 1.75e-06 1.6e-06 1.85e-06 1.5e-06 2.1e-06 2e-06 1.8e-06 1.55e-06 1.35e-06 2.1e-06 1.5e-06 1.65e-06 2.2e-06 1.25e-06 1.7e-06 1.7e-06 1.45e-06 1.2e-06 2.05e-06 1.1e-06 1.8e-06 2.15e-06 1.65e-06 2.1e-06 1.65e-06 1.7e-06 2e-06 1.65e-06 1.5e-06 2.15e-06 1.55e-06 1.45e-06 1.35e-06 1.35e-06 1.05e-06 1.45e-06 1.85e-06 2.25e-06 1.75e-06 1.65e-06 1.65e-06 1.85e-06 2.1e-06 2e-06 1.6e-06 1.5e-06 2e-06 1.65e-06 1.25e-06 1.55e-06 1.5e-06 1.8e-06 2.15e-06 1.65e-06
47 1.7e-06 1.75e-06 1.6e-06 1.4e-06 1.6e-06 1.6e-06 1.9e-06 1.8e-06 1.65e-06 1.55e-06 1.6e-06 1.8e-06 1.5e-06 1.6e-06 1.95e-06 1.5e-06 1.65e-06 1.35e-06 1.55e-06 1.05e-06 1.85e-06 1e-06 1.6e-06 1.95e-06 1.65e-06 1.7e-06 1.55e-06 1.75e-06 1.8e-06 1.65e-06 1.4e-06 2e-06 1.6e-06 1.4e-06 1.85e-06 1.55e-06 1.55e-06 1.65e-06 1.75e-06 2.1e-06 1.75e-06 1.85e-06 1.5e-06 1.75e-06 2.2e-06 1.95e-06 1.5e-06 1.6e-06 1.55e-06 1.55e-06 1.35e-06 1.75e-06 1.5e-06 1.55e-06 2.15e-06 1.55e-06
48 1.7e-06 1.5e-06 1.35e-06 1.8e-06 1.7e-06 1.5e-06 1.7e-06 1.55e-06 1.7e-06 1.45e-06 1.8e-06 1.55e-06 1.4e-06 1.7e-06 1.4e-06 1.55e-06 1.9e-06 1.25e-06 1.8e-06 1.75e-06 1.65e-06 2e-06 1.25e-06 1.7e-06 2.05e-06 1.35e-06 1.5e-06 1.5e-06 1.7e-06 1.55e-06 1.9e-06 1.85e-06 1.9e-06 2e-06 2.5e-06 1.65e-06 1.75e-06 1.9e-06 1.8e-06 1.8e-06 1.6e-06 1.95e-06 2.35e-06 1.2e-06 2.6e-06 1.9e-06 2e-06 1.55e-06 2e-06 1.2e-06 1.8e-06 2.1e-06 1.95e-06 1.6e-06 2.35e-06 1.2e-06
49 1.35e-06 1.15e-06 1.05e-06 1.55e-06 1.4e-06 1.15e-06 1.35e-06 1.45e-06 1.35e-06 1.05e-06 1.3e-06 1.2e-06 1.1e-06 1.6e-06 1.1e-06 1e-06 1.55e-06 1.45e-06 1.4e-06 1.25e-06 1.3e-06 1.85e-06 9e-07 1.4e-06 1.95e-06 1.6e-06 9.5e-07 1.15e-06 1.35e-06 1.15e-06 1.65e-06 1.55e-06 1.8e-06 1.95e-06 2.55e-06 1.2e-06 1.25e-06 1.4e-06 1.45e-06 1.5e-06 1.2e-06 1.55e-06 2.15e-06 8e-07 2.5e-06 1.8e-06 1.65e-06 1.55e-06 1.2e-06 1.3e-06 1.5e-06 2.05e-06 1.55e-06 1.3e-06 2.3e-06 6.5e-07
50 1.75e-06 1.8e-06 1.8e-06 1.65e-06 1.8e-06 1.35e-06 2.05e-06 1.75e-06 1.8e-06 1.65e-06 1.6e-06 1.95e-06 1.25e-06 1.55e-06 2.05e-06 1.35e-06 1.8e-06 1.6e-06 1.65e-06 1.1e-06 2e-06 1.35e-06 1.75e-06 2.05e-06 1.55e-06 1.9e-06 1.5e-06 1.8e-06 1.95e-06 1.75e-06 1.65e-06 2.1e-06 1.6e-06 1.35e-06 1.55e-06 1.6e-06 1.45e-06 1.65e-06 1.9e-06 2.2e-06 1.85e-06 1.85e-06 1.8e-06 1.85e-06 2.15e-06 1.9e-06 1.25e-06 1.35e-06 1.8e-06 1.5e-06 2.1e-06 1.65e-06 1.6e-06 1.75e-06 2.05e-06 1.5e-06
51 1.85e-06 1.7e-06 2.15e-06 1.9e-06 1.9e-06 2.05e-06 2.45e-06 2.2e-06 1.95e-06 2.05e-06 2.15e-06 2.35e-06 1.9e-06 1.8e-06 2.25e-06 1.65e-06 2.15e-06 2.1e-06 2.1e-06 1.7e-06 2.25e-06 1.6e-06 2.1e-06 2.4e-06 1.95e-06 2.25e-06 2.1e-06 1.7e-06 2.35e-06 1.75e-06 2.05e-06 2.5e-06 1.95e-06 1.45e-06 1.3e-06 1.9e-06 1.55e-06 2.2e-06 2.45e-06 2.45e-06 2.25e-06 1.5e-06 1.85e-06 2.05e-06 1.8e-06 1.7e-06 1.55e-06 1.75e-06 2.1e-06 2.05e-06 1.65e-06 2.2e-06 1.95e-06 1.85e-06 1.9e-06 2.05e-06
52 1.25e-06 1.7e-06 1.5e-06 1.5e-06 1.4e-06 1.15e-06 1.3e-06 1.55e-06 1.15e-06 1.4e-06 1.2e-06 1.35e-06 1.65e-06 1.4e-06 1.55e-06 1.45e-06 9e-07 1.6e-06 1.2e-06 1.35e-06 1.3e-06 1.5e-06 1.45e-06 1.2e-06 1.5e-06 2.05e-06 1.15e-06 1.7e-06 1e-06 1.45e-06 1.25e-06 1.2e-06 1.5e-06 1.85e-06 2.05e-06 1.6e-06 1.5e-06 1.25e-06 1e-06 1.95e-06 1.35e-06 1.65e-06 1.5e-06 1.75e-06 2.35e-06 2.15e-06 1.5e-06 1.5e-06 1.95e-06 1.55e-06 1.6e-06 1.95e-06 1.2e-06 1.65e-06 1.95e-06 1.55e-06
53 1.55e-06 1.15e-06 1.4e-06 1.25e-06 9e-07 1.65e-06 1.4e-06 1.95e-06 1.45e-06 1.35e-06 1.7e-06 1.3e-06 1.75e-06 1.85e-06 1.3e-06 1.4e-06 1.75e-06 1.75e-06 1.8e-06 1.5e-06 1.1e-06 1.55e-06 1.3e-06 1.65e-06 2e-06 1.6e-06 1.3e-06 1.15e-06 1.5e-06 1.05e-06 1.7e-06 1.7e-06 1.8e-06 1.35e-06 2.35e-06 1.55e-06 1.45e-06 1.75e-06 1.8e-06 1.3e-06 1.55e-06 1.3e-06 1.95e-06 1.2e-06 2.05e-06 1.9e-06 1.8e-06 1.55e-06 1.6e-06 1.3e-06 1.75e-06 1.85e-06 1.65e-06 1.3e-06 2.1e-06 1.3e-06
54 2.2e-06 2.25e-06 2.25e-06 2.1e-06 1.9e-06 2e-06 2.25e-06 2.2e-06 2.05e-06 2.2e-06 2.3e-06 2.2e-06 2.15e-06 2e-06 2e-06 2.25e-06 2.1e-06 2.2e-06 2.35e-06 2.1e-06 2e-06 2.05e-06 2.2e-06 2.2e-06 2.1e-06 2.25e-06 2e-06 2.25e-06 2e-06 2.15e-06 2.15e-06 2e-06 2.05e-06 1.95e-06 1.8e-06 2.45e-06 2.3e-06 2.35e-06 2.2e-06 2.35e-06 2.3e-06 2.15e-06 2.2e-06 2.35e-06 2.2e-06 2e-06 2.15e-06 2.15e-06 2.35e-06 2.3e-06 2.05e-06 1.9e-06 1.95e-06 2.1e-06 3.3e-06 2.3e-06
55 1.35e-06 1.15e-06 1.05e-06 1.55e-06 1.4e-06 1.15e-06 1.35e-06 1.45e-06 1.35e-06 1.05e-06 1.3e-06 1.2e-06 1.1e-06 1.6e-06 1.1e-06 1e-06 1.55e-06 1.45e-06 1.4e-06 1.25e-06 1.3e-06 1.85e-06 9e-07 1.4e-06 1.95e-06 1.6e-06 9.5e-07 1.15e-06 1.35e-06 1.15e-06 1.65e-06 1.55e-06 1.8e-06 1.95e-06 2.55e-06 1.2e-06 1.25e-06 1.4e-06 1.45e-06 1.5e-06 1.2e-06 1.55e-06 2.15e-06 8e-07 2.5e-06 1.8e-06 1.65e-06 1.55e-06 1.2e-06 6.5e-07 1.5e-06 2.05e-06 1.55e-06 1.3e-06 2.3e-06 1.3e-06
