 slim_762193596 slim_762193554 slim_762193593 slim_762193541 slim_762193555 slim_762193580 slim_762193544 slim_762193545 slim_762193549 slim_762193553 slim_762193558 slim_762193559 slim_762193584 slim_762193582 slim_762193567 slim_762193600 slim_762193597 slim_762193561 slim_762193576 slim_762193583 slim_762193543 slim_762193592 slim_762193547 slim_762193550 slim_762193574 slim_762193546 slim_762193552 slim_762193601 slim_762193563 slim_762193562 slim_762193598 slim_762193570 slim_762193569 slim_762193602 slim_762193572 slim_762193556 slim_762193579 slim_762193575 slim_762193560 slim_762193588 slim_762193581 slim_762193577 slim_762193586 slim_762193599 slim_762193548 slim_762193578 slim_762193557 slim_762193594 slim_762193589 slim_762193571 slim_762193603 slim_762193568 slim_762193540 slim_762193573 slim_762193542 slim_762193565 slim_762193591 slim_762193587 slim_762193564 slim_762193585 slim_762193590 slim_762193551 slim_762193566 slim_762193595
0 1.3e-06 2e-06 1.45e-06 7.5e-07 7.5e-07 1.3e-06 1.05e-06 1.2e-06 1.3e-06 2.05e-06 1.3e-06 2.7e-06 1.1e-06 2.15e-06 1.95e-06 1.5e-06 9e-07 9.5e-07 1.55e-06 9e-07 8.5e-07 8.5e-07 2.85e-06 1.6e-06 1.85e-06 8.5e-07 9e-07 8e-07 1.4e-06 1.1e-06 1.4e-06 7.5e-07 2.2e-06 9e-07 2.2e-06 1.3e-06 7e-07 9e-07 1.15e-06 2.4e-06 1.05e-06 1.1e-06 1.1e-06 1.15e-06 1.5e-06 1.3e-06 8e-07 1.3e-06 2.8e-06 1.45e-06 1.6e-06 7.5e-07 2.5e-06 8.5e-07 2.8e-06 1.35e-06 1.1e-06 3.5e-06 9e-07 9.5e-07 2.4e-06 6.5e-07 1e-06 1.4e-06
1 2e-06 1.7e-06 1.9e-06 2.15e-06 2.25e-06 1.85e-06 2.1e-06 2.25e-06 1.55e-06 1.7e-06 1.5e-06 2.5e-06 2.1e-06 3.25e-06 1.15e-06 1.6e-06 2.3e-06 2e-06 1.7e-06 2.3e-06 2.25e-06 1.8e-06 2.8e-06 1.95e-06 2.8e-06 2.25e-06 2.15e-06 2.15e-06 1.6e-06 2.3e-06 1.3e-06 1.85e-06 3e-06 2.3e-06 3.4e-06 1.5e-06 2.25e-06 2.1e-06 2.15e-06 3.05e-06 2.3e-06 2.25e-06 2.15e-06 2.1e-06 1.55e-06 1.5e-06 2.15e-06 2.15e-06 2.9e-06 1.55e-06 1.9e-06 2.25e-06 2.4e-06 2.25e-06 2.75e-06 1.8e-06 1.65e-06 4.2e-06 2.4e-06 2.15e-06 3.35e-06 1.9e-06 1.85e-06 2.25e-06
2 1.45e-06 1.9e-06 2.2e-06 1.3e-06 1.3e-06 1.7e-06 1.5e-06 1.65e-06 1.3e-06 1.8e-06 1.3e-06 2.75e-06 1.5e-06 2.45e-06 1.3e-06 1.45e-06 1.45e-06 1.55e-06 1.65e-06 1.35e-06 1.4e-06 1.4e-06 2.9e-06 1.35e-06 2.4e-06 1.35e-06 1.35e-06 1.3e-06 1.4e-06 1.4e-06 1.7e-06 1.3e-06 2.6e-06 1.35e-06 2.6e-06 1.55e-06 1.35e-06 1.55e-06 1.6e-06 2.55e-06 1.55e-06 1.45e-06 1.65e-06 1.6e-06 1.6e-06 1.3e-06 1.3e-06 1.6e-06 2.45e-06 1.6e-06 1.7e-06 1.3e-06 2.25e-06 1.35e-06 2.85e-06 1.6e-06 1.3e-06 3.6e-06 1.45e-06 1.5e-06 2.6e-06 1.35e-06 1.3e-06 1.65e-06
3 7.5e-07 2.15e-06 1.3e-06 4e-07 3e-07 1.3e-06 9e-07 1e-06 1.55e-06 2.15e-06 1.5e-06 2.55e-06 1.05e-06 1.75e-06 2e-06 1.35e-06 5e-07 1.15e-06 1.55e-06 4.5e-07 3e-07 9.5e-07 2.8e-06 1.4e-06 1.85e-06 4.5e-07 6e-07 4.5e-07 1.6e-06 9.5e-07 1.7e-06 7e-07 2.2e-06 4.5e-07 1.9e-06 1.1e-06 4e-07 8.5e-07 1.2e-06 2.4e-06 8.5e-07 8e-07 1.2e-06 1.1e-06 1.3e-06 1.1e-06 4.5e-07 1.05e-06 2.65e-06 1.25e-06 1.45e-06 3e-07 2.45e-06 4.5e-07 2.75e-06 1.25e-06 9e-07 3.15e-06 5.5e-07 8.5e-07 2.05e-06 6.5e-07 9.5e-07 1.3e-06
4 7.5e-07 2.25e-06 1.3e-06 3e-07 2e-07 1.3e-06 9e-07 1.05e-06 1.65e-06 2.15e-06 1.6e-06 2.75e-06 9.5e-07 1.85e-06 2.1e-06 1.35e-06 2.5e-07 1.05e-06 1.55e-06 3.5e-07 4e-07 9.5e-07 3e-06 1.4e-06 2.05e-06 3.5e-07 5e-07 3.5e-07 1.7e-06 8.5e-07 1.8e-06 7e-07 2.4e-06 3.5e-07 2e-06 1.1e-06 3e-07 8.5e-07 1.1e-06 2.6e-06 7.5e-07 7e-07 1.2e-06 1.1e-06 1.3e-06 1.1e-06 3.5e-07 1.15e-06 2.85e-06 1.25e-06 1.45e-06 1e-07 2.45e-06 3.5e-07 2.95e-06 1.25e-06 9e-07 3.45e-06 4.5e-07 8.5e-07 2.15e-06 6.5e-07 9.5e-07 1.2e-06
5 1.3e-06 1.85e-06 1.7e-06 1.3e-06 1.3e-06 2.4e-06 1.45e-06 1.6e-06 1.65e-06 1.75e-06 1.6e-06 2.9e-06 1.45e-06 2.55e-06 1.75e-06 1.45e-06 1.45e-06 1.45e-06 1.5e-06 1.35e-06 1.4e-06 1.35e-06 2.75e-06 1.7e-06 2.45e-06 1.25e-06 1.35e-06 1.2e-06 1.7e-06 1.55e-06 1.35e-06 1.25e-06 2.65e-06 1.35e-06 2.6e-06 1.65e-06 1.2e-06 1.5e-06 1.5e-06 2.7e-06 1.4e-06 1.45e-06 1.55e-06 1.5e-06 1.7e-06 1.4e-06 1.2e-06 1.55e-06 2.9e-06 1.7e-06 1.55e-06 1.3e-06 2.45e-06 1.25e-06 2.7e-06 1.4e-06 1.45e-06 3.75e-06 1.35e-06 1.35e-06 2.7e-06 1.25e-06 1.25e-06 1.4e-06
6 1.05e-06 2.1e-06 1.5e-06 9e-07 9e-07 1.45e-06 1.6e-06 9.5e-07 1.5e-06 2e-06 1.45e-06 2.6e-06 1.05e-06 1.95e-06 1.9e-06 1.5e-06 1.05e-06 1.1e-06 1.5e-06 9.5e-07 1e-06 1e-06 2.55e-06 1.55e-06 1.9e-06 9.5e-07 9.5e-07 9e-07 1.55e-06 1.15e-06 1.45e-06 9e-07 2.1e-06 9.5e-07 2.1e-06 1.5e-06 9.5e-07 1.15e-06 1.1e-06 2.2e-06 1.1e-06 1.05e-06 1.15e-06 1.2e-06 1.55e-06 1.35e-06 9e-07 1.35e-06 2.5e-06 1.55e-06 1.55e-06 9e-07 2.2e-06 9.5e-07 2.5e-06 1.45e-06 1.2e-06 3e-06 1.05e-06 1.05e-06 2.1e-06 9.5e-07 1.1e-06 1.4e-06
7 1.2e-06 2.25e-06 1.65e-06 1e-06 1.05e-06 1.6e-06 9.5e-07 1.9e-06 1.65e-06 2.15e-06 1.6e-06 2.7e-06 1.2e-06 2.05e-06 2.05e-06 1.65e-06 1.2e-06 1.25e-06 1.65e-06 1.1e-06 1.1e-06 1.15e-06 2.65e-06 1.7e-06 2e-06 1.1e-06 1.1e-06 1.05e-06 1.7e-06 1.3e-06 1.6e-06 1.05e-06 2.2e-06 1.1e-06 2.2e-06 1.65e-06 1.1e-06 1.3e-06 1.25e-06 2.3e-06 1.25e-06 1.2e-06 1.3e-06 1.35e-06 1.7e-06 1.5e-06 1.05e-06 1.45e-06 2.6e-06 1.7e-06 1.7e-06 1.05e-06 2.35e-06 1.1e-06 2.6e-06 1.6e-06 1.35e-06 3.05e-06 1.2e-06 1.2e-06 2.2e-06 1.1e-06 1.25e-06 1.55e-06
8 1.3e-06 1.55e-06 1.3e-06 1.55e-06 1.65e-06 1.65e-06 1.5e-06 1.65e-06 1.7e-06 1.6e-06 9e-07 2.65e-06 1.5e-06 2.65e-06 1.05e-06 1.5e-06 1.7e-06 1.35e-06 1.5e-06 1.7e-06 1.65e-06 1.15e-06 2.7e-06 1.4e-06 2.15e-06 1.7e-06 1.55e-06 1.6e-06 1e-06 1.7e-06 1.2e-06 1.2e-06 2.35e-06 1.7e-06 2.8e-06 1.6e-06 1.65e-06 1.45e-06 1.55e-06 2.3e-06 1.7e-06 1.65e-06 1.45e-06 1.5e-06 1.65e-06 1.35e-06 1.6e-06 1.6e-06 2.35e-06 1.65e-06 1.7e-06 1.65e-06 2.25e-06 1.7e-06 2.65e-06 1.6e-06 1.35e-06 3.65e-06 1.8e-06 1.5e-06 2.75e-06 1.25e-06 1.25e-06 1.75e-06
9 2.05e-06 1.7e-06 1.8e-06 2.15e-06 2.15e-06 1.75e-06 2e-06 2.15e-06 1.6e-06 2.1e-06 1.55e-06 3.1e-06 1.8e-06 3.1e-06 1.2e-06 1.55e-06 2.3e-06 1.8e-06 1.65e-06 2.1e-06 2.25e-06 1.8e-06 2.85e-06 1.55e-06 2.95e-06 2.1e-06 1.9e-06 2.05e-06 1.65e-06 2.05e-06 1.5e-06 1.8e-06 3e-06 2.1e-06 3.25e-06 2.05e-06 2.2e-06 2.15e-06 1.75e-06 2.9e-06 1.95e-06 2e-06 1.95e-06 1.85e-06 1.95e-06 1.55e-06 2.05e-06 1.7e-06 2.75e-06 2e-06 1.8e-06 2.15e-06 2.3e-06 2.1e-06 2.8e-06 1.8e-06 1.8e-06 4.1e-06 2.2e-06 2.05e-06 3.15e-06 1.95e-06 1.65e-06 1.55e-06
10 1.3e-06 1.5e-06 1.3e-06 1.5e-06 1.6e-06 1.6e-06 1.45e-06 1.6e-06 9e-07 1.55e-06 1.6e-06 2.6e-06 1.45e-06 2.6e-06 9.5e-07 1.45e-06 1.65e-06 1.3e-06 1.45e-06 1.65e-06 1.6e-06 1.1e-06 2.65e-06 1.3e-06 2.1e-06 1.65e-06 1.5e-06 1.55e-06 9e-07 1.65e-06 1.15e-06 1.15e-06 2.3e-06 1.65e-06 2.75e-06 1.55e-06 1.6e-06 1.4e-06 1.5e-06 2.3e-06 1.65e-06 1.6e-06 1.45e-06 1.45e-06 1.6e-06 1.3e-06 1.55e-06 1.55e-06 2.25e-06 1.6e-06 1.65e-06 1.6e-06 2.2e-06 1.65e-06 2.6e-06 1.55e-06 1.3e-06 3.6e-06 1.75e-06 1.5e-06 2.7e-06 1.2e-06 1.2e-06 1.7e-06
11 2.7e-06 2.5e-06 2.75e-06 2.55e-06 2.75e-06 2.9e-06 2.6e-06 2.7e-06 2.65e-06 3.1e-06 2.6e-06 4.3e-06 2.75e-06 2.6e-06 2.6e-06 2.65e-06 2.85e-06 2.8e-06 2.75e-06 2.8e-06 2.65e-06 2.55e-06 2.8e-06 2.9e-06 2.3e-06 2.75e-06 2.7e-06 2.7e-06 2.7e-06 2.85e-06 2.65e-06 2.55e-06 2.55e-06 2.8e-06 2.75e-06 2.4e-06 2.8e-06 2.8e-06 2.85e-06 2.65e-06 2.9e-06 2.8e-06 2.9e-06 2.8e-06 2.5e-06 2.55e-06 2.7e-06 2.9e-06 2.65e-06 2.45e-06 2.9e-06 2.75e-06 2.6e-06 2.75e-06 2.75e-06 2.8e-06 2.45e-06 2.35e-06 2.9e-06 2.8e-06 2.75e-06 2.6e-06 2.75e-06 3.1e-06
12 1.1e-06 2.1e-06 1.5e-06 1.05e-06 9.5e-07 1.45e-06 1.05e-06 1.2e-06 1.5e-06 1.8e-06 1.45e-06 2.75e-06 5e-07 2.15e-06 1.85e-06 1.4e-06 1.15e-06 6e-07 1.1e-06 9e-07 1.15e-06 6.5e-07 2.7e-06 1.45e-06 2.15e-06 9e-07 7e-07 8.5e-07 1.55e-06 7.5e-07 1.35e-06 8.5e-07 2.3e-06 9e-07 2.3e-06 1.55e-06 1e-06 1.2e-06 2.5e-07 2.3e-06 7e-07 6e-07 7.5e-07 1.05e-06 1.55e-06 1.35e-06 8.5e-07 1.3e-06 2.65e-06 1.5e-06 1.45e-06 9.5e-07 2.25e-06 9e-07 2.65e-06 1.45e-06 1.15e-06 3.3e-06 1e-06 1e-06 2.2e-06 1e-06 1.1e-06 1.15e-06
13 2.15e-06 3.25e-06 2.45e-06 1.75e-06 1.85e-06 2.55e-06 1.95e-06 2.05e-06 2.65e-06 3.1e-06 2.6e-06 2.6e-06 2.15e-06 3.5e-06 2.95e-06 2.5e-06 2.05e-06 2.3e-06 2.6e-06 1.9e-06 1.85e-06 2.15e-06 2.5e-06 2.55e-06 2e-06 1.9e-06 1.95e-06 1.9e-06 2.7e-06 2.15e-06 2.7e-06 2e-06 2.05e-06 1.9e-06 1.9e-06 2.5e-06 1.95e-06 2.25e-06 2.25e-06 2.15e-06 2.15e-06 2.05e-06 2.35e-06 2.3e-06 2.55e-06 2.35e-06 1.9e-06 2.25e-06 2.35e-06 2.55e-06 2.6e-06 1.85e-06 2.4e-06 1.9e-06 2.45e-06 2.5e-06 2.2e-06 1.8e-06 2e-06 2.15e-06 1.95e-06 2.05e-06 2.2e-06 2.45e-06
14 1.95e-06 1.15e-06 1.3e-06 2e-06 2.1e-06 1.75e-06 1.9e-06 2.05e-06 1.05e-06 1.2e-06 9.5e-07 2.6e-06 1.85e-06 2.95e-06 6e-07 1.2e-06 2.15e-06 1.95e-06 1.4e-06 2.05e-06 2.1e-06 1.65e-06 2.65e-06 1.15e-06 2.75e-06 2.05e-06 1.9e-06 1.95e-06 1.05e-06 2.15e-06 1.35e-06 1.7e-06 2.8e-06 2.05e-06 3.1e-06 1.65e-06 2.1e-06 2.05e-06 2e-06 2.65e-06 2.15e-06 1.9e-06 2e-06 1.9e-06 1.55e-06 1.15e-06 1.95e-06 1.85e-06 2.1e-06 1.6e-06 1.6e-06 2.1e-06 1.9e-06 2.05e-06 2.6e-06 1.6e-06 1.4e-06 3.85e-06 2.15e-06 1.95e-06 2.95e-06 1.85e-06 1.5e-06 1.9e-06
15 1.5e-06 1.6e-06 1.45e-06 1.35e-06 1.35e-06 1.45e-06 1.5e-06 1.65e-06 1.5e-06 1.55e-06 1.45e-06 2.65e-06 1.4e-06 2.5e-06 1.2e-06 2.1e-06 1.5e-06 1.6e-06 1.35e-06 1.3e-06 1.45e-06 1.4e-06 2.7e-06 1.35e-06 2.6e-06 1.2e-06 1.3e-06 1.15e-06 1.55e-06 1.6e-06 1.4e-06 1.3e-06 2.7e-06 1.3e-06 2.6e-06 1.5e-06 1.35e-06 1.65e-06 1.55e-06 2.65e-06 1.55e-06 1.3e-06 1.6e-06 1.45e-06 1.45e-06 1.15e-06 1.15e-06 1.6e-06 2.55e-06 1.45e-06 1.4e-06 1.35e-06 2.1e-06 1.2e-06 2.65e-06 1.35e-06 1.2e-06 3.6e-06 1.35e-06 1.3e-06 2.55e-06 1.4e-06 1.3e-06 1.45e-06
16 9e-07 2.3e-06 1.45e-06 5e-07 2.5e-07 1.45e-06 1.05e-06 1.2e-06 1.7e-06 2.3e-06 1.65e-06 2.85e-06 1.15e-06 2.05e-06 2.15e-06 1.5e-06 3e-07 1.25e-06 1.65e-06 6e-07 6e-07 1.05e-06 3.1e-06 1.55e-06 2.15e-06 6e-07 7e-07 5.5e-07 1.75e-06 1.1e-06 1.85e-06 8.5e-07 2.5e-06 6e-07 2.2e-06 1.25e-06 5e-07 1e-06 1.35e-06 2.7e-06 1e-06 9e-07 1.35e-06 1.25e-06 1.45e-06 1.25e-06 5.5e-07 1.35e-06 2.95e-06 1.4e-06 1.6e-06 2.5e-07 2.6e-06 6e-07 3.05e-06 1.4e-06 1.05e-06 3.6e-06 7e-07 1e-06 2.3e-06 8e-07 1.1e-06 1.45e-06
17 9.5e-07 2e-06 1.55e-06 1.15e-06 1.05e-06 1.45e-06 1.1e-06 1.25e-06 1.35e-06 1.8e-06 1.3e-06 2.8e-06 6e-07 2.3e-06 1.95e-06 1.6e-06 1.25e-06 9e-07 1.35e-06 1.1e-06 1.25e-06 7e-07 2.75e-06 1.65e-06 1.95e-06 1.1e-06 9.5e-07 1.05e-06 1.4e-06 8.5e-07 1.2e-06 8e-07 2.2e-06 1.1e-06 2.45e-06 1.55e-06 1.1e-06 1.05e-06 4.5e-07 2.3e-06 8.5e-07 1e-06 8e-07 1.1e-06 1.65e-06 1.45e-06 1.05e-06 1.3e-06 2.8e-06 1.6e-06 1.6e-06 1.05e-06 2.4e-06 1.1e-06 2.7e-06 1.5e-06 1.25e-06 3.5e-06 1.2e-06 1.1e-06 2.45e-06 8.5e-07 1.1e-06 1.25e-06
18 1.55e-06 1.7e-06 1.65e-06 1.55e-06 1.55e-06 1.5e-06 1.5e-06 1.65e-06 1.5e-06 1.65e-06 1.45e-06 2.75e-06 1.1e-06 2.6e-06 1.4e-06 1.35e-06 1.65e-06 1.35e-06 1.9e-06 1.5e-06 1.65e-06 1.15e-06 2.6e-06 1.55e-06 2.5e-06 1.45e-06 1.3e-06 1.35e-06 1.55e-06 1.55e-06 1.2e-06 1.3e-06 2.6e-06 1.5e-06 2.75e-06 1.7e-06 1.55e-06 1.65e-06 1.25e-06 2.55e-06 1.5e-06 1.25e-06 1.45e-06 1.45e-06 1.65e-06 1.35e-06 1.35e-06 1.65e-06 2.65e-06 1.65e-06 1.25e-06 1.55e-06 2.2e-06 1.45e-06 2.55e-06 1.25e-06 1.4e-06 3.6e-06 1.6e-06 1.45e-06 2.6e-06 1.45e-06 1.35e-06 1.55e-06
19 9e-07 2.3e-06 1.35e-06 4.5e-07 3.5e-07 1.35e-06 9.5e-07 1.1e-06 1.7e-06 2.1e-06 1.65e-06 2.8e-06 9e-07 1.9e-06 2.05e-06 1.3e-06 6e-07 1.1e-06 1.5e-06 5e-07 5e-07 1e-06 2.95e-06 1.35e-06 2.2e-06 4e-07 5.5e-07 4e-07 1.75e-06 9e-07 1.75e-06 7.5e-07 2.45e-06 2.5e-07 2.05e-06 1.25e-06 4.5e-07 8.5e-07 1.05e-06 2.55e-06 8e-07 5e-07 1.15e-06 1.05e-06 1.35e-06 1.15e-06 4e-07 1.2e-06 2.8e-06 1.3e-06 1.25e-06 3.5e-07 2.4e-06 4e-07 2.9e-06 1.3e-06 9.5e-07 3.4e-06 3.5e-07 8e-07 2e-06 8e-07 1e-06 1.15e-06
20 8.5e-07 2.25e-06 1.4e-06 3e-07 4e-07 1.4e-06 1e-06 1.1e-06 1.65e-06 2.25e-06 1.6e-06 2.65e-06 1.15e-06 1.85e-06 2.1e-06 1.45e-06 6e-07 1.25e-06 1.65e-06 5e-07 6e-07 1.05e-06 2.9e-06 1.5e-06 1.95e-06 5.5e-07 7e-07 5.5e-07 1.7e-06 1.05e-06 1.8e-06 8e-07 2.3e-06 5e-07 2e-06 1.2e-06 5e-07 9e-07 1.3e-06 2.5e-06 9.5e-07 8.5e-07 1.3e-06 1.2e-06 1.4e-06 1.2e-06 5.5e-07 1.15e-06 2.75e-06 1.35e-06 1.5e-06 4e-07 2.55e-06 5.5e-07 2.85e-06 1.35e-06 1e-06 3.25e-06 6e-07 9.5e-07 2.15e-06 7.5e-07 1.05e-06 1.4e-06
21 8.5e-07 1.8e-06 1.4e-06 9.5e-07 9.5e-07 1.35e-06 1e-06 1.15e-06 1.15e-06 1.8e-06 1.1e-06 2.55e-06 6.5e-07 2.15e-06 1.65e-06 1.4e-06 1.05e-06 7e-07 1.15e-06 1e-06 1.05e-06 1.1e-06 2.6e-06 1.45e-06 1.8e-06 1e-06 8e-07 9e-07 1.2e-06 1e-06 1.1e-06 7e-07 2.05e-06 1e-06 2.3e-06 1.35e-06 9.5e-07 9.5e-07 7.5e-07 2.15e-06 9.5e-07 8.5e-07 9e-07 1e-06 1.45e-06 1.25e-06 9e-07 1.3e-06 2.55e-06 1.4e-06 1.45e-06 9.5e-07 2.25e-06 1e-06 2.55e-06 1.35e-06 1.05e-06 3.3e-06 1.1e-06 1e-06 2.25e-06 7.5e-07 1e-06 1.35e-06
22 2.85e-06 2.8e-06 2.9e-06 2.8e-06 3e-06 2.75e-06 2.55e-06 2.65e-06 2.7e-06 2.85e-06 2.65e-06 2.8e-06 2.7e-06 2.5e-06 2.65e-06 2.7e-06 3.1e-06 2.75e-06 2.6e-06 2.95e-06 2.9e-06 2.6e-06 4.2e-06 2.9e-06 2.45e-06 2.9e-06 2.85e-06 2.85e-06 2.75e-06 2.9e-06 2.2e-06 2.6e-06 2.35e-06 2.95e-06 2.6e-06 3.1e-06 3.05e-06 2.95e-06 2.7e-06 2.3e-06 2.95e-06 2.85e-06 2.75e-06 2.75e-06 2.95e-06 2.7e-06 2.85e-06 2.7e-06 2.45e-06 3.05e-06 2.75e-06 3e-06 2.4e-06 2.9e-06 2.1e-06 2.75e-06 2.8e-06 2.15e-06 3.05e-06 2.75e-06 2.55e-06 2.75e-06 2.6e-06 2.85e-06
23 1.6e-06 1.95e-06 1.35e-06 1.4e-06 1.4e-06 1.7e-06 1.55e-06 1.7e-06 1.4e-06 1.55e-06 1.3e-06 2.9e-06 1.45e-06 2.55e-06 1.15e-06 1.35e-06 1.55e-06 1.65e-06 1.55e-06 1.35e-06 1.5e-06 1.45e-06 2.9e-06 2e-06 2.65e-06 1.35e-06 1.25e-06 1.3e-06 1.4e-06 1.65e-06 1.65e-06 1.35e-06 2.75e-06 1.35e-06 2.7e-06 1.7e-06 1.45e-06 1.7e-06 1.6e-06 2.6e-06 1.6e-06 1.35e-06 1.65e-06 1.4e-06 1.65e-06 1.3e-06 1.3e-06 1.45e-06 2.4e-06 1.65e-06 1.6e-06 1.4e-06 2.25e-06 1.35e-06 2.85e-06 1.6e-06 1.35e-06 3.7e-06 1.45e-06 1.45e-06 2.6e-06 1.5e-06 1.3e-06 1.4e-06
24 1.85e-06 2.8e-06 2.4e-06 1.85e-06 2.05e-06 2.45e-06 1.9e-06 2e-06 2.15e-06 2.95e-06 2.1e-06 2.3e-06 2.15e-06 2e-06 2.75e-06 2.6e-06 2.15e-06 1.95e-06 2.5e-06 2.2e-06 1.95e-06 1.8e-06 2.45e-06 2.65e-06 2.9e-06 2.2e-06 2.1e-06 2.15e-06 2.2e-06 2.15e-06 2.2e-06 1.8e-06 1.8e-06 2.2e-06 2.15e-06 2.35e-06 2.1e-06 1.95e-06 2.15e-06 2e-06 2.2e-06 2.3e-06 2.15e-06 2.2e-06 2.55e-06 2.35e-06 2.15e-06 2.25e-06 2.4e-06 2.5e-06 2.65e-06 2.05e-06 2.5e-06 2.2e-06 2.4e-06 2.45e-06 2.15e-06 1.9e-06 2.3e-06 2.2e-06 2.25e-06 1.75e-06 2.1e-06 2.6e-06
25 8.5e-07 2.25e-06 1.35e-06 4.5e-07 3.5e-07 1.25e-06 9.5e-07 1.1e-06 1.7e-06 2.1e-06 1.65e-06 2.75e-06 9e-07 1.9e-06 2.05e-06 1.2e-06 6e-07 1.1e-06 1.45e-06 4e-07 5.5e-07 1e-06 2.9e-06 1.35e-06 2.2e-06 5e-07 5.5e-07 3e-07 1.75e-06 9e-07 1.65e-06 7.5e-07 2.45e-06 4e-07 2e-06 1.25e-06 4e-07 1e-06 1.05e-06 2.55e-06 8e-07 6.5e-07 1.15e-06 1e-06 1.35e-06 1.15e-06 3e-07 1.2e-06 2.8e-06 1.3e-06 1.35e-06 3.5e-07 2.4e-06 3e-07 2.85e-06 1.2e-06 9.5e-07 3.35e-06 4.5e-07 7e-07 2.1e-06 7.5e-07 9.5e-07 1.05e-06
26 9e-07 2.15e-06 1.35e-06 6e-07 5e-07 1.35e-06 9.5e-07 1.1e-06 1.55e-06 1.9e-06 1.5e-06 2.7e-06 7e-07 1.95e-06 1.9e-06 1.3e-06 7e-07 9.5e-07 1.3e-06 5.5e-07 7e-07 8e-07 2.85e-06 1.25e-06 2.1e-06 5.5e-07 8e-07 5e-07 1.6e-06 9e-07 1.6e-06 7.5e-07 2.35e-06 5.5e-07 2.1e-06 1.25e-06 5.5e-07 1e-06 9e-07 2.45e-06 8e-07 6e-07 1.1e-06 9.5e-07 1.35e-06 1.15e-06 5e-07 1.15e-06 2.7e-06 1.3e-06 1.4e-06 5e-07 2.3e-06 5.5e-07 2.8e-06 1.3e-06 9.5e-07 3.35e-06 6.5e-07 9e-07 2.1e-06 8e-07 1e-06 1.1e-06
27 8e-07 2.15e-06 1.3e-06 4.5e-07 3.5e-07 1.2e-06 9e-07 1.05e-06 1.6e-06 2.05e-06 1.55e-06 2.7e-06 8.5e-07 1.9e-06 1.95e-06 1.15e-06 5.5e-07 1.05e-06 1.35e-06 4e-07 5.5e-07 9e-07 2.85e-06 1.3e-06 2.15e-06 3e-07 5e-07 5e-07 1.65e-06 9e-07 1.55e-06 7e-07 2.4e-06 4e-07 2e-06 1.2e-06 3.5e-07 9.5e-07 1.05e-06 2.5e-06 8e-07 6e-07 1.1e-06 9.5e-07 1.3e-06 1.1e-06 2.5e-07 1.2e-06 2.75e-06 1.25e-06 1.3e-06 3.5e-07 2.35e-06 3e-07 2.8e-06 1.15e-06 9e-07 3.35e-06 4.5e-07 6.5e-07 2.05e-06 7e-07 9e-07 1.05e-06
28 1.4e-06 1.6e-06 1.4e-06 1.6e-06 1.7e-06 1.7e-06 1.55e-06 1.7e-06 1e-06 1.65e-06 9e-07 2.7e-06 1.55e-06 2.7e-06 1.05e-06 1.55e-06 1.75e-06 1.4e-06 1.55e-06 1.75e-06 1.7e-06 1.2e-06 2.75e-06 1.4e-06 2.2e-06 1.75e-06 1.6e-06 1.65e-06 1.8e-06 1.75e-06 1.25e-06 1.25e-06 2.4e-06 1.75e-06 2.85e-06 1.65e-06 1.7e-06 1.5e-06 1.6e-06 2.4e-06 1.75e-06 1.7e-06 1.55e-06 1.55e-06 1.7e-06 1.4e-06 1.65e-06 1.65e-06 2.35e-06 1.7e-06 1.75e-06 1.7e-06 2.3e-06 1.75e-06 2.7e-06 1.65e-06 1.4e-06 3.7e-06 1.85e-06 1.6e-06 2.8e-06 1.3e-06 1.3e-06 1.8e-06
29 1.1e-06 2.3e-06 1.4e-06 9.5e-07 8.5e-07 1.55e-06 1.15e-06 1.3e-06 1.7e-06 2.05e-06 1.65e-06 2.85e-06 7.5e-07 2.15e-06 2.15e-06 1.6e-06 1.1e-06 8.5e-07 1.55e-06 9e-07 1.05e-06 1e-06 2.9e-06 1.65e-06 2.15e-06 9e-07 9e-07 9e-07 1.75e-06 1.3e-06 1.65e-06 9.5e-07 2.4e-06 9e-07 2.3e-06 1.55e-06 9.5e-07 1.2e-06 6.5e-07 2.5e-06 8.5e-07 9.5e-07 1e-06 1.25e-06 1.65e-06 1.45e-06 9e-07 1.35e-06 2.85e-06 1.6e-06 1.65e-06 8.5e-07 2.45e-06 9e-07 2.85e-06 1.55e-06 1.25e-06 3.4e-06 1e-06 1.1e-06 2.35e-06 1e-06 1.2e-06 1.3e-06
30 1.4e-06 1.3e-06 1.7e-06 1.7e-06 1.8e-06 1.35e-06 1.45e-06 1.6e-06 1.2e-06 1.5e-06 1.15e-06 2.65e-06 1.35e-06 2.7e-06 1.35e-06 1.4e-06 1.85e-06 1.2e-06 1.2e-06 1.75e-06 1.8e-06 1.1e-06 2.2e-06 1.65e-06 2.2e-06 1.65e-06 1.6e-06 1.55e-06 1.25e-06 1.65e-06 1e-06 1.15e-06 2.3e-06 1.75e-06 2.85e-06 1.8e-06 1.8e-06 1.5e-06 1.3e-06 2.25e-06 1.65e-06 1.6e-06 1.25e-06 1.25e-06 1.75e-06 1.45e-06 1.55e-06 1.55e-06 2.6e-06 1.75e-06 1.4e-06 1.8e-06 2.25e-06 1.65e-06 2.15e-06 1.4e-06 1.5e-06 3.5e-06 1.85e-06 1.3e-06 2.7e-06 1.3e-06 1.25e-06 1.5e-06
31 7.5e-07 1.85e-06 1.3e-06 7e-07 7e-07 1.25e-06 9e-07 1.05e-06 1.2e-06 1.8e-06 1.15e-06 2.55e-06 8.5e-07 2e-06 1.7e-06 1.3e-06 8.5e-07 8e-07 1.3e-06 7.5e-07 8e-07 7e-07 2.6e-06 1.35e-06 1.8e-06 7.5e-07 7.5e-07 7e-07 1.25e-06 9.5e-07 1.15e-06 1.2e-06 2.05e-06 7.5e-07 2.15e-06 1.25e-06 7.5e-07 8.5e-07 9e-07 2.15e-06 9e-07 8.5e-07 9e-07 9e-07 1.35e-06 1.15e-06 7e-07 1.15e-06 2.55e-06 1.3e-06 1.35e-06 7e-07 2.25e-06 7.5e-07 2.55e-06 1.25e-06 9.5e-07 3.25e-06 8.5e-07 8e-07 2.15e-06 6.5e-07 9e-07 1.2e-06
32 2.2e-06 3e-06 2.6e-06 2.2e-06 2.4e-06 2.65e-06 2.1e-06 2.2e-06 2.35e-06 3e-06 2.3e-06 2.55e-06 2.3e-06 2.05e-06 2.8e-06 2.7e-06 2.5e-06 2.2e-06 2.6e-06 2.45e-06 2.3e-06 2.05e-06 2.35e-06 2.75e-06 1.8e-06 2.45e-06 2.35e-06 2.4e-06 2.4e-06 2.4e-06 2.3e-06 2.05e-06 3.6e-06 2.45e-06 2.2e-06 2.7e-06 2.45e-06 2.3e-06 2.3e-06 1.95e-06 2.45e-06 2.45e-06 2.3e-06 2.35e-06 2.75e-06 2.55e-06 2.4e-06 2.4e-06 2.3e-06 2.75e-06 2.75e-06 2.4e-06 2.45e-06 2.45e-06 2.3e-06 2.65e-06 2.4e-06 1.85e-06 2.55e-06 2.35e-06 2.2e-06 2.1e-06 2.3e-06 2.7e-06
33 9e-07 2.3e-06 1.35e-06 4.5e-07 3.5e-07 1.35e-06 9.5e-07 1.1e-06 1.7e-06 2.1e-06 1.65e-06 2.8e-06 9e-07 1.9e-06 2.05e-06 1.3e-06 6e-07 1.1e-06 1.5e-06 2.5e-07 5e-07 1e-06 2.95e-06 1.35e-06 2.2e-06 4e-07 5.5e-07 4e-07 1.75e-06 9e-07 1.75e-06 7.5e-07 2.45e-06 5e-07 2.05e-06 1.25e-06 4.5e-07 8.5e-07 1.05e-06 2.55e-06 8e-07 5e-07 1.15e-06 1.05e-06 1.35e-06 1.15e-06 4e-07 1.2e-06 2.8e-06 1.3e-06 1.25e-06 3.5e-07 2.4e-06 4e-07 2.9e-06 1.3e-06 9.5e-07 3.4e-06 3.5e-07 8e-07 2e-06 8e-07 1e-06 1.15e-06
34 2.2e-06 3.4e-06 2.6e-06 1.9e-06 2e-06 2.6e-06 2.1e-06 2.2e-06 2.8e-06 3.25e-06 2.75e-06 2.75e-06 2.3e-06 1.9e-06 3.1e-06 2.6e-06 2.2e-06 2.45e-06 2.75e-06 2.05e-06 2e-06 2.3e-06 2.6e-06 2.7e-06 2.15e-06 2e-06 2.1e-06 2e-06 2.85e-06 2.3e-06 2.85e-06 2.15e-06 2.2e-06 2.05e-06 3.8e-06 2.65e-06 2e-06 2.4e-06 2.4e-06 2.3e-06 2.3e-06 2.2e-06 2.5e-06 2.45e-06 2.65e-06 2.5e-06 2e-06 2.4e-06 2.5e-06 2.7e-06 2.75e-06 2e-06 2.5e-06 2e-06 2.55e-06 2.6e-06 2.35e-06 1.95e-06 2.05e-06 2.25e-06 2.1e-06 2.15e-06 2.3e-06 2.55e-06
35 1.3e-06 1.5e-06 1.55e-06 1.1e-06 1.1e-06 1.65e-06 1.5e-06 1.65e-06 1.6e-06 2.05e-06 1.55e-06 2.4e-06 1.55e-06 2.5e-06 1.65e-06 1.5e-06 1.25e-06 1.55e-06 1.7e-06 1.25e-06 1.2e-06 1.35e-06 3.1e-06 1.7e-06 2.35e-06 1.25e-06 1.25e-06 1.2e-06 1.65e-06 1.55e-06 1.8e-06 1.25e-06 2.7e-06 1.25e-06 2.65e-06 2e-06 1.15e-06 1.4e-06 1.7e-06 2.9e-06 1.5e-06 1.45e-06 1.75e-06 1.65e-06 1.2e-06 1.25e-06 1.2e-06 1.7e-06 2.9e-06 1.15e-06 1.75e-06 1.1e-06 2.45e-06 1.25e-06 3.05e-06 1.55e-06 1.15e-06 3.85e-06 1.35e-06 1.55e-06 2.75e-06 1.2e-06 1.45e-06 1.85e-06
36 7e-07 2.25e-06 1.35e-06 4e-07 3e-07 1.2e-06 9.5e-07 1.1e-06 1.65e-06 2.2e-06 1.6e-06 2.8e-06 1e-06 1.95e-06 2.1e-06 1.35e-06 5e-07 1.1e-06 1.55e-06 4.5e-07 5e-07 9.5e-07 3.05e-06 1.45e-06 2.1e-06 4e-07 5.5e-07 3.5e-07 1.7e-06 9.5e-07 1.8e-06 7.5e-07 2.45e-06 4.5e-07 2e-06 1.15e-06 4e-07 9e-07 1.2e-06 2.65e-06 8.5e-07 7.5e-07 1.25e-06 1.15e-06 1.35e-06 1.15e-06 3.5e-07 1.25e-06 2.9e-06 1.3e-06 1.5e-06 3e-07 2.5e-06 4e-07 3e-06 1.25e-06 9.5e-07 3.55e-06 4.5e-07 8.5e-07 2.2e-06 6.5e-07 9.5e-07 1.25e-06
37 9e-07 2.1e-06 1.55e-06 8.5e-07 8.5e-07 1.5e-06 1.15e-06 1.3e-06 1.45e-06 2.15e-06 1.4e-06 2.8e-06 1.2e-06 2.25e-06 2.05e-06 1.65e-06 1e-06 1.05e-06 1.65e-06 8.5e-07 9e-07 9.5e-07 2.95e-06 1.7e-06 1.95e-06 1e-06 1e-06 9.5e-07 1.5e-06 1.2e-06 1.5e-06 8.5e-07 2.3e-06 8.5e-07 2.4e-06 1.4e-06 9e-07 1.5e-06 1.25e-06 2.5e-06 1.15e-06 1.05e-06 1.25e-06 1.25e-06 1.6e-06 1.4e-06 9.5e-07 1.4e-06 2.9e-06 1.55e-06 1.55e-06 8.5e-07 2.6e-06 1e-06 2.9e-06 1.5e-06 1.2e-06 3.6e-06 9.5e-07 1.15e-06 2.4e-06 8e-07 1.15e-06 1.55e-06
38 1.15e-06 2.15e-06 1.6e-06 1.2e-06 1.1e-06 1.5e-06 1.1e-06 1.25e-06 1.55e-06 1.75e-06 1.5e-06 2.85e-06 2.5e-07 2.25e-06 2e-06 1.55e-06 1.35e-06 4.5e-07 1.25e-06 1.05e-06 1.3e-06 7.5e-07 2.7e-06 1.6e-06 2.15e-06 1.05e-06 9e-07 1.05e-06 1.6e-06 6.5e-07 1.3e-06 9e-07 2.3e-06 1.05e-06 2.4e-06 1.7e-06 1.2e-06 1.25e-06 0.0 2.3e-06 6.5e-07 8e-07 6e-07 1.1e-06 1.7e-06 1.5e-06 1.05e-06 1.25e-06 2.75e-06 1.65e-06 1.55e-06 1.1e-06 2.35e-06 1.05e-06 2.65e-06 1.55e-06 1.3e-06 3.35e-06 1.15e-06 1.05e-06 2.35e-06 1.05e-06 1.15e-06 1.1e-06
39 2.4e-06 3.05e-06 2.55e-06 2.4e-06 2.6e-06 2.7e-06 2.2e-06 2.3e-06 2.3e-06 2.9e-06 2.3e-06 2.65e-06 2.3e-06 2.15e-06 2.65e-06 2.65e-06 2.7e-06 2.3e-06 2.55e-06 2.55e-06 2.5e-06 2.15e-06 2.3e-06 2.6e-06 2e-06 2.55e-06 2.45e-06 2.5e-06 2.4e-06 2.5e-06 2.25e-06 2.15e-06 1.95e-06 2.55e-06 2.3e-06 2.9e-06 2.65e-06 2.5e-06 2.3e-06 3.6e-06 2.55e-06 2.45e-06 2.3e-06 2.35e-06 2.85e-06 2.6e-06 2.5e-06 2.45e-06 2.2e-06 2.85e-06 2.7e-06 2.6e-06 2.4e-06 2.55e-06 2.25e-06 2.7e-06 2.5e-06 1.85e-06 2.65e-06 2.35e-06 2.2e-06 2.3e-06 2.35e-06 2.65e-06
40 1.05e-06 2.3e-06 1.55e-06 8.5e-07 7.5e-07 1.4e-06 1.1e-06 1.25e-06 1.7e-06 1.95e-06 1.65e-06 2.9e-06 7e-07 2.15e-06 2.15e-06 1.55e-06 1e-06 8.5e-07 1.5e-06 8e-07 9.5e-07 9.5e-07 2.95e-06 1.6e-06 2.2e-06 8e-07 8e-07 8e-07 1.75e-06 8.5e-07 1.65e-06 9e-07 2.45e-06 8e-07 2.3e-06 1.5e-06 8.5e-07 1.15e-06 6.5e-07 2.55e-06 1.3e-06 8.5e-07 1e-06 1.2e-06 1.6e-06 1.4e-06 8e-07 1.3e-06 2.9e-06 1.55e-06 1.6e-06 7.5e-07 2.5e-06 8e-07 2.9e-06 1.5e-06 1.2e-06 3.5e-06 9e-07 1.05e-06 2.35e-06 9.5e-07 1.15e-06 1.15e-06
41 1.1e-06 2.25e-06 1.45e-06 8e-07 7e-07 1.45e-06 1.05e-06 1.2e-06 1.65e-06 2e-06 1.6e-06 2.8e-06 6e-07 2.05e-06 1.9e-06 1.3e-06 9e-07 1e-06 1.25e-06 5e-07 8.5e-07 8.5e-07 2.85e-06 1.35e-06 2.3e-06 6.5e-07 6e-07 6e-07 1.7e-06 9.5e-07 1.6e-06 8.5e-07 2.45e-06 5e-07 2.2e-06 1.45e-06 7.5e-07 1.05e-06 8e-07 2.45e-06 8.5e-07 8e-07 1.05e-06 1.05e-06 1.45e-06 1.25e-06 6e-07 1.35e-06 2.7e-06 1.4e-06 1.25e-06 7e-07 2.3e-06 6.5e-07 2.8e-06 1.4e-06 1.05e-06 3.35e-06 6e-07 9e-07 2e-06 1e-06 1.1e-06 1.2e-06
42 1.1e-06 2.15e-06 1.65e-06 1.2e-06 1.2e-06 1.55e-06 1.15e-06 1.3e-06 1.45e-06 1.95e-06 1.45e-06 2.9e-06 7.5e-07 2.35e-06 2e-06 1.6e-06 1.35e-06 8e-07 1.45e-06 1.15e-06 1.3e-06 9e-07 2.75e-06 1.65e-06 2.15e-06 1.15e-06 1.1e-06 1.1e-06 1.55e-06 1e-06 1.25e-06 9e-07 2.3e-06 1.15e-06 2.5e-06 1.75e-06 1.25e-06 1.25e-06 6e-07 2.3e-06 1e-06 1.05e-06 1.2e-06 1.1e-06 1.75e-06 1.55e-06 1.1e-06 1.4e-06 2.8e-06 1.7e-06 1.6e-06 1.2e-06 2.5e-06 1.15e-06 2.7e-06 1.6e-06 1.35e-06 3.45e-06 1.25e-06 8.5e-07 2.4e-06 1.05e-06 1.2e-06 1.35e-06
43 1.15e-06 2.1e-06 1.6e-06 1.1e-06 1.1e-06 1.5e-06 1.2e-06 1.35e-06 1.5e-06 1.85e-06 1.45e-06 2.8e-06 1.05e-06 2.3e-06 1.9e-06 1.45e-06 1.25e-06 1.1e-06 1.45e-06 1.05e-06 1.2e-06 1e-06 2.75e-06 1.4e-06 2.2e-06 1e-06 9.5e-07 9.5e-07 1.55e-06 1.25e-06 1.25e-06 9e-07 2.35e-06 1.05e-06 2.45e-06 1.65e-06 1.15e-06 1.25e-06 1.1e-06 2.35e-06 1.2e-06 1.05e-06 1.1e-06 1.6e-06 1.65e-06 1.45e-06 9.5e-07 1.3e-06 2.75e-06 1.6e-06 1.5e-06 1.1e-06 2.45e-06 1e-06 2.7e-06 1.5e-06 1.25e-06 3.4e-06 1.15e-06 9.5e-07 2.35e-06 1.05e-06 1.2e-06 1.2e-06
44 1.5e-06 1.55e-06 1.6e-06 1.3e-06 1.3e-06 1.7e-06 1.55e-06 1.7e-06 1.65e-06 1.95e-06 1.6e-06 2.5e-06 1.55e-06 2.55e-06 1.55e-06 1.45e-06 1.45e-06 1.65e-06 1.65e-06 1.35e-06 1.4e-06 1.45e-06 2.95e-06 1.65e-06 2.55e-06 1.35e-06 1.35e-06 1.3e-06 1.7e-06 1.65e-06 1.75e-06 1.35e-06 2.75e-06 1.35e-06 2.65e-06 1.2e-06 1.35e-06 1.6e-06 1.7e-06 2.85e-06 1.6e-06 1.45e-06 1.75e-06 1.65e-06 2.4e-06 1.3e-06 1.3e-06 1.75e-06 2.8e-06 1.25e-06 1.7e-06 1.3e-06 2.3e-06 1.35e-06 2.9e-06 1.6e-06 1.25e-06 3.8e-06 1.45e-06 1.55e-06 2.7e-06 1.4e-06 1.5e-06 1.8e-06
45 1.3e-06 1.5e-06 1.3e-06 1.1e-06 1.1e-06 1.4e-06 1.35e-06 1.5e-06 1.35e-06 1.55e-06 1.3e-06 2.55e-06 1.35e-06 2.35e-06 1.15e-06 1.15e-06 1.25e-06 1.45e-06 1.35e-06 1.15e-06 1.2e-06 1.25e-06 2.7e-06 1.3e-06 2.35e-06 1.15e-06 1.15e-06 1.1e-06 1.4e-06 1.45e-06 1.45e-06 1.15e-06 2.55e-06 1.15e-06 2.5e-06 1.25e-06 1.15e-06 1.4e-06 1.5e-06 2.6e-06 1.4e-06 1.25e-06 1.55e-06 1.45e-06 1.3e-06 2e-06 1.1e-06 1.45e-06 2.5e-06 1.3e-06 1.4e-06 1.1e-06 2.05e-06 1.15e-06 2.65e-06 1.3e-06 1.05e-06 3.6e-06 1.25e-06 1.35e-06 2.5e-06 1.2e-06 1.2e-06 1.5e-06
46 8e-07 2.15e-06 1.3e-06 4.5e-07 3.5e-07 1.2e-06 9e-07 1.05e-06 1.6e-06 2.05e-06 1.55e-06 2.7e-06 8.5e-07 1.9e-06 1.95e-06 1.15e-06 5.5e-07 1.05e-06 1.35e-06 4e-07 5.5e-07 9e-07 2.85e-06 1.3e-06 2.15e-06 3e-07 5e-07 2.5e-07 1.65e-06 9e-07 1.55e-06 7e-07 2.4e-06 4e-07 2e-06 1.2e-06 3.5e-07 9.5e-07 1.05e-06 2.5e-06 8e-07 6e-07 1.1e-06 9.5e-07 1.3e-06 1.1e-06 5e-07 1.2e-06 2.75e-06 1.25e-06 1.3e-06 3.5e-07 2.35e-06 3e-07 2.8e-06 1.15e-06 9e-07 3.35e-06 4.5e-07 6.5e-07 2.05e-06 7e-07 9e-07 1.05e-06
47 1.3e-06 2.15e-06 1.6e-06 1.05e-06 1.15e-06 1.55e-06 1.35e-06 1.45e-06 1.6e-06 1.7e-06 1.55e-06 2.9e-06 1.3e-06 2.25e-06 1.85e-06 1.6e-06 1.35e-06 1.3e-06 1.65e-06 1.2e-06 1.15e-06 1.3e-06 2.7e-06 1.45e-06 2.25e-06 1.2e-06 1.15e-06 1.2e-06 1.65e-06 1.35e-06 1.55e-06 1.15e-06 2.4e-06 1.2e-06 2.4e-06 1.7e-06 1.25e-06 1.4e-06 1.25e-06 2.45e-06 1.3e-06 1.35e-06 1.4e-06 1.3e-06 1.75e-06 1.45e-06 1.2e-06 2.1e-06 2.65e-06 1.75e-06 1.65e-06 1.15e-06 2.5e-06 1.2e-06 2.65e-06 1.55e-06 1.45e-06 3.4e-06 1.3e-06 1.35e-06 2.45e-06 1.2e-06 1.2e-06 1.25e-06
48 2.8e-06 2.9e-06 2.45e-06 2.65e-06 2.85e-06 2.9e-06 2.5e-06 2.6e-06 2.35e-06 2.75e-06 2.25e-06 2.65e-06 2.65e-06 2.35e-06 2.1e-06 2.55e-06 2.95e-06 2.8e-06 2.65e-06 2.8e-06 2.75e-06 2.55e-06 2.45e-06 2.4e-06 2.4e-06 2.8e-06 2.7e-06 2.75e-06 2.35e-06 2.85e-06 2.6e-06 2.55e-06 2.3e-06 2.8e-06 2.5e-06 2.9e-06 2.9e-06 2.9e-06 2.75e-06 2.2e-06 2.9e-06 2.7e-06 2.8e-06 2.75e-06 2.8e-06 2.5e-06 2.75e-06 2.65e-06 3.9e-06 2.85e-06 2.8e-06 2.85e-06 2.25e-06 2.8e-06 2.4e-06 2.8e-06 2.55e-06 2.05e-06 2.9e-06 2.75e-06 2.4e-06 2.7e-06 2.5e-06 2.85e-06
49 1.45e-06 1.55e-06 1.6e-06 1.25e-06 1.25e-06 1.7e-06 1.55e-06 1.7e-06 1.65e-06 2e-06 1.6e-06 2.45e-06 1.5e-06 2.55e-06 1.6e-06 1.45e-06 1.4e-06 1.6e-06 1.65e-06 1.3e-06 1.35e-06 1.4e-06 3.05e-06 1.65e-06 2.5e-06 1.3e-06 1.3e-06 1.25e-06 1.7e-06 1.6e-06 1.75e-06 1.3e-06 2.75e-06 1.3e-06 2.7e-06 1.15e-06 1.3e-06 1.55e-06 1.65e-06 2.85e-06 1.55e-06 1.4e-06 1.7e-06 1.6e-06 1.25e-06 1.3e-06 1.25e-06 1.75e-06 2.85e-06 2.3e-06 1.7e-06 1.25e-06 2.4e-06 1.3e-06 3e-06 1.6e-06 1.15e-06 3.8e-06 1.4e-06 1.5e-06 2.7e-06 1.35e-06 1.5e-06 1.8e-06
50 1.6e-06 1.9e-06 1.7e-06 1.45e-06 1.45e-06 1.55e-06 1.55e-06 1.7e-06 1.7e-06 1.8e-06 1.65e-06 2.9e-06 1.45e-06 2.6e-06 1.6e-06 1.4e-06 1.6e-06 1.6e-06 1.25e-06 1.25e-06 1.5e-06 1.45e-06 2.75e-06 1.6e-06 2.65e-06 1.35e-06 1.4e-06 1.3e-06 1.75e-06 1.65e-06 1.4e-06 1.35e-06 2.75e-06 1.25e-06 2.75e-06 1.75e-06 1.5e-06 1.55e-06 1.55e-06 2.7e-06 1.6e-06 1.25e-06 1.6e-06 1.5e-06 1.7e-06 1.4e-06 1.3e-06 1.65e-06 2.8e-06 1.7e-06 2.3e-06 1.45e-06 2.35e-06 1.35e-06 2.7e-06 1.3e-06 1.45e-06 3.7e-06 1.35e-06 1.4e-06 2.55e-06 1.5e-06 1.4e-06 1.55e-06
51 7.5e-07 2.25e-06 1.3e-06 3e-07 1e-07 1.3e-06 9e-07 1.05e-06 1.65e-06 2.15e-06 1.6e-06 2.75e-06 9.5e-07 1.85e-06 2.1e-06 1.35e-06 2.5e-07 1.05e-06 1.55e-06 3.5e-07 4e-07 9.5e-07 3e-06 1.4e-06 2.05e-06 3.5e-07 5e-07 3.5e-07 1.7e-06 8.5e-07 1.8e-06 7e-07 2.4e-06 3.5e-07 2e-06 1.1e-06 3e-07 8.5e-07 1.1e-06 2.6e-06 7.5e-07 7e-07 1.2e-06 1.1e-06 1.3e-06 1.1e-06 3.5e-07 1.15e-06 2.85e-06 1.25e-06 1.45e-06 2e-07 2.45e-06 3.5e-07 2.95e-06 1.25e-06 9e-07 3.45e-06 4.5e-07 8.5e-07 2.15e-06 6.5e-07 9.5e-07 1.2e-06
52 2.5e-06 2.4e-06 2.25e-06 2.45e-06 2.45e-06 2.45e-06 2.2e-06 2.35e-06 2.25e-06 2.3e-06 2.2e-06 2.6e-06 2.25e-06 2.4e-06 1.9e-06 2.1e-06 2.6e-06 2.4e-06 2.2e-06 2.4e-06 2.55e-06 2.25e-06 2.4e-06 2.25e-06 2.5e-06 2.4e-06 2.3e-06 2.35e-06 2.3e-06 2.45e-06 2.25e-06 2.25e-06 2.45e-06 2.4e-06 2.5e-06 2.45e-06 2.5e-06 2.6e-06 2.35e-06 2.4e-06 2.5e-06 2.3e-06 2.5e-06 2.45e-06 2.3e-06 2.05e-06 2.35e-06 2.5e-06 2.25e-06 2.4e-06 2.35e-06 2.45e-06 3.5e-06 2.4e-06 2.35e-06 2.35e-06 2.15e-06 2.5e-06 2.5e-06 2.45e-06 2.45e-06 2.4e-06 2.25e-06 2.45e-06
53 8.5e-07 2.25e-06 1.35e-06 4.5e-07 3.5e-07 1.25e-06 9.5e-07 1.1e-06 1.7e-06 2.1e-06 1.65e-06 2.75e-06 9e-07 1.9e-06 2.05e-06 1.2e-06 6e-07 1.1e-06 1.45e-06 4e-07 5.5e-07 1e-06 2.9e-06 1.35e-06 2.2e-06 3e-07 5.5e-07 3e-07 1.75e-06 9e-07 1.65e-06 7.5e-07 2.45e-06 4e-07 2e-06 1.25e-06 4e-07 1e-06 1.05e-06 2.55e-06 8e-07 6.5e-07 1.15e-06 1e-06 1.35e-06 1.15e-06 3e-07 1.2e-06 2.8e-06 1.3e-06 1.35e-06 3.5e-07 2.4e-06 5e-07 2.85e-06 1.2e-06 9.5e-07 3.35e-06 4.5e-07 7e-07 2.1e-06 7.5e-07 9.5e-07 1.05e-06
54 2.8e-06 2.75e-06 2.85e-06 2.75e-06 2.95e-06 2.7e-06 2.5e-06 2.6e-06 2.65e-06 2.8e-06 2.6e-06 2.75e-06 2.65e-06 2.45e-06 2.6e-06 2.65e-06 3.05e-06 2.7e-06 2.55e-06 2.9e-06 2.85e-06 2.55e-06 2.1e-06 2.85e-06 2.4e-06 2.85e-06 2.8e-06 2.8e-06 2.7e-06 2.85e-06 2.15e-06 2.55e-06 2.3e-06 2.9e-06 2.55e-06 3.05e-06 3e-06 2.9e-06 2.65e-06 2.25e-06 2.9e-06 2.8e-06 2.7e-06 2.7e-06 2.9e-06 2.65e-06 2.8e-06 2.65e-06 2.4e-06 3e-06 2.7e-06 2.95e-06 2.35e-06 2.85e-06 4.1e-06 2.7e-06 2.75e-06 2.1e-06 3e-06 2.7e-06 2.5e-06 2.7e-06 2.55e-06 2.8e-06
55 1.35e-06 1.8e-06 1.6e-06 1.25e-06 1.25e-06 1.4e-06 1.45e-06 1.6e-06 1.6e-06 1.8e-06 1.55e-06 2.8e-06 1.45e-06 2.5e-06 1.6e-06 1.35e-06 1.4e-06 1.5e-06 1.25e-06 1.3e-06 1.35e-06 1.35e-06 2.75e-06 1.6e-06 2.45e-06 1.2e-06 1.3e-06 1.15e-06 1.65e-06 1.55e-06 1.4e-06 1.25e-06 2.65e-06 1.3e-06 2.6e-06 1.55e-06 1.25e-06 1.5e-06 1.55e-06 2.7e-06 1.5e-06 1.4e-06 1.6e-06 1.5e-06 1.6e-06 1.3e-06 1.15e-06 1.55e-06 2.8e-06 1.6e-06 1.3e-06 1.25e-06 2.35e-06 1.2e-06 2.7e-06 2.3e-06 1.35e-06 3.7e-06 1.35e-06 1.35e-06 2.65e-06 1.25e-06 1.25e-06 1.5e-06
56 1.1e-06 1.65e-06 1.3e-06 9e-07 9e-07 1.45e-06 1.2e-06 1.35e-06 1.35e-06 1.8e-06 1.3e-06 2.45e-06 1.15e-06 2.2e-06 1.4e-06 1.2e-06 1.05e-06 1.25e-06 1.4e-06 9.5e-07 1e-06 1.05e-06 2.8e-06 1.35e-06 2.15e-06 9.5e-07 9.5e-07 9e-07 1.4e-06 1.25e-06 1.5e-06 9.5e-07 2.4e-06 9.5e-07 2.35e-06 1.15e-06 9.5e-07 1.2e-06 1.3e-06 2.5e-06 1.2e-06 1.05e-06 1.35e-06 1.25e-06 1.25e-06 1.05e-06 9e-07 1.45e-06 2.55e-06 1.15e-06 1.45e-06 9e-07 2.15e-06 9.5e-07 2.75e-06 1.35e-06 1.6e-06 3.45e-06 1.05e-06 1.15e-06 2.35e-06 1e-06 1.2e-06 1.5e-06
57 3.5e-06 4.2e-06 3.6e-06 3.15e-06 3.45e-06 3.75e-06 3e-06 3.05e-06 3.65e-06 4.1e-06 3.6e-06 2.35e-06 3.3e-06 1.8e-06 3.85e-06 3.6e-06 3.6e-06 3.5e-06 3.6e-06 3.4e-06 3.25e-06 3.3e-06 2.15e-06 3.7e-06 1.9e-06 3.35e-06 3.35e-06 3.35e-06 3.7e-06 3.4e-06 3.5e-06 3.25e-06 1.85e-06 3.4e-06 1.95e-06 3.85e-06 3.55e-06 3.6e-06 3.35e-06 1.85e-06 3.5e-06 3.35e-06 3.45e-06 3.4e-06 3.8e-06 3.6e-06 3.35e-06 3.4e-06 2.05e-06 3.8e-06 3.7e-06 3.45e-06 2.5e-06 3.35e-06 2.1e-06 3.7e-06 3.45e-06 5e-07 3.5e-06 3.35e-06 1.9e-06 3.4e-06 3.45e-06 3.65e-06
58 9e-07 2.4e-06 1.45e-06 5.5e-07 4.5e-07 1.35e-06 1.05e-06 1.2e-06 1.8e-06 2.2e-06 1.75e-06 2.9e-06 1e-06 2e-06 2.15e-06 1.35e-06 7e-07 1.2e-06 1.6e-06 3.5e-07 6e-07 1.1e-06 3.05e-06 1.45e-06 2.3e-06 4.5e-07 6.5e-07 4.5e-07 1.85e-06 1e-06 1.85e-06 8.5e-07 2.55e-06 3.5e-07 2.05e-06 1.35e-06 4.5e-07 9.5e-07 1.15e-06 2.65e-06 9e-07 6e-07 1.25e-06 1.15e-06 1.45e-06 1.25e-06 4.5e-07 1.3e-06 2.9e-06 1.4e-06 1.35e-06 4.5e-07 2.5e-06 4.5e-07 3e-06 1.35e-06 1.05e-06 3.5e-06 7e-07 8.5e-07 2.1e-06 8.5e-07 1.05e-06 1.2e-06
59 9.5e-07 2.15e-06 1.5e-06 8.5e-07 8.5e-07 1.35e-06 1.05e-06 1.2e-06 1.5e-06 2.05e-06 1.5e-06 2.8e-06 1e-06 2.15e-06 1.95e-06 1.3e-06 1e-06 1.1e-06 1.45e-06 8e-07 9.5e-07 1e-06 2.75e-06 1.45e-06 2.2e-06 7e-07 9e-07 6.5e-07 1.6e-06 1.1e-06 1.3e-06 8e-07 2.35e-06 8e-07 2.25e-06 1.55e-06 8.5e-07 1.15e-06 1.05e-06 2.35e-06 1.05e-06 9e-07 8.5e-07 9.5e-07 1.55e-06 1.35e-06 6.5e-07 1.35e-06 2.75e-06 1.5e-06 1.4e-06 8.5e-07 2.45e-06 7e-07 2.7e-06 1.35e-06 1.15e-06 3.35e-06 8.5e-07 1.1e-06 2.2e-06 9e-07 1.05e-06 1.2e-06
60 2.4e-06 3.35e-06 2.6e-06 2.05e-06 2.15e-06 2.7e-06 2.1e-06 2.2e-06 2.75e-06 3.15e-06 2.7e-06 2.75e-06 2.2e-06 1.95e-06 2.95e-06 2.55e-06 2.3e-06 2.45e-06 2.6e-06 2e-06 2.15e-06 2.25e-06 2.55e-06 2.6e-06 2.25e-06 2.1e-06 2.1e-06 2.05e-06 2.8e-06 2.35e-06 2.7e-06 2.15e-06 2.2e-06 2e-06 2.1e-06 2.75e-06 2.2e-06 2.4e-06 2.35e-06 2.2e-06 2.35e-06 2e-06 2.4e-06 2.35e-06 2.7e-06 2.5e-06 2.05e-06 2.45e-06 2.4e-06 2.7e-06 2.55e-06 2.15e-06 2.45e-06 2.1e-06 2.5e-06 2.65e-06 2.35e-06 1.9e-06 2.1e-06 2.2e-06 3.7e-06 2.3e-06 2.35e-06 2.55e-06
61 6.5e-07 1.9e-06 1.35e-06 6.5e-07 6.5e-07 1.25e-06 9.5e-07 1.1e-06 1.25e-06 1.95e-06 1.2e-06 2.6e-06 1e-06 2.05e-06 1.85e-06 1.4e-06 8e-07 8.5e-07 1.45e-06 8e-07 7.5e-07 7.5e-07 2.75e-06 1.5e-06 1.75e-06 7.5e-07 8e-07 7e-07 1.3e-06 1e-06 1.3e-06 6.5e-07 2.1e-06 8e-07 2.15e-06 1.2e-06 6.5e-07 8e-07 1.05e-06 2.3e-06 9.5e-07 1e-06 1.05e-06 1.05e-06 1.4e-06 1.2e-06 7e-07 1.2e-06 2.7e-06 1.35e-06 1.5e-06 6.5e-07 2.4e-06 7.5e-07 2.7e-06 1.25e-06 1e-06 3.4e-06 8.5e-07 9e-07 2.3e-06 1.1e-06 9e-07 1.3e-06
62 1e-06 1.85e-06 1.3e-06 9.5e-07 9.5e-07 1.25e-06 1.1e-06 1.25e-06 1.25e-06 1.65e-06 1.2e-06 2.75e-06 1.1e-06 2.2e-06 1.5e-06 1.3e-06 1.1e-06 1.1e-06 1.35e-06 1e-06 1.05e-06 1e-06 2.6e-06 1.3e-06 2.1e-06 9.5e-07 1e-06 9e-07 1.3e-06 1.2e-06 1.25e-06 9e-07 2.3e-06 1e-06 2.3e-06 1.45e-06 9.5e-07 1.15e-06 1.15e-06 2.35e-06 1.15e-06 1.1e-06 1.2e-06 1.2e-06 1.5e-06 1.2e-06 9e-07 1.2e-06 2.5e-06 1.5e-06 1.4e-06 9.5e-07 2.25e-06 9.5e-07 2.55e-06 1.25e-06 1.2e-06 3.45e-06 1.05e-06 1.05e-06 2.35e-06 9e-07 1.7e-06 1.2e-06
63 1.4e-06 2.25e-06 1.65e-06 1.3e-06 1.2e-06 1.4e-06 1.4e-06 1.55e-06 1.75e-06 1.55e-06 1.7e-06 3.1e-06 1.15e-06 2.45e-06 1.9e-06 1.45e-06 1.45e-06 1.25e-06 1.55e-06 1.15e-06 1.4e-06 1.35e-06 2.85e-06 1.4e-06 2.6e-06 1.05e-06 1.1e-06 1.05e-06 1.8e-06 1.3e-06 1.5e-06 1.2e-06 2.7e-06 1.15e-06 2.55e-06 1.85e-06 1.25e-06 1.55e-06 1.1e-06 2.65e-06 1.15e-06 1.2e-06 1.35e-06 1.2e-06 1.8e-06 1.5e-06 1.05e-06 1.25e-06 2.85e-06 1.8e-06 1.55e-06 1.2e-06 2.45e-06 1.05e-06 2.8e-06 1.5e-06 1.5e-06 3.65e-06 1.2e-06 1.2e-06 2.55e-06 1.3e-06 1.2e-06 1.8e-06
