 slim_762269680 slim_762269657 slim_762269646 slim_762269647 slim_762269662 slim_762269640 slim_762269675 slim_762269622 slim_762269649 slim_762269621 slim_762269655 slim_762269651 slim_762269623 slim_762269654 slim_762269666 slim_762269641 slim_762269667 slim_762269678 slim_762269672 slim_762269659 slim_762269677 slim_762269639 slim_762269638 slim_762269628 slim_762269652 slim_762269625 slim_762269645 slim_762269637 slim_762269629 slim_762269679 slim_762269633 slim_762269670 slim_762269656 slim_762269617 slim_762269636 slim_762269626 slim_762269618 slim_762269631 slim_762269661 slim_762269634 slim_762269673 slim_762269630 slim_762269632 slim_762269627 slim_762269620 slim_762269665 slim_762269671 slim_762269635 slim_762269669 slim_762269650 slim_762269658 slim_762269663 slim_762269643 slim_762269653 slim_762269624 slim_762269642 slim_762269668 slim_762269660 slim_762269676 slim_762269644 slim_762269648 slim_762269619 slim_762269674 slim_762269664
0 9e-07 1.75e-06 3.3e-06 1.95e-06 5.5e-07 3.05e-06 3.25e-06 3.65e-06 3.3e-06 1.75e-06 2.8e-06 3e-06 3.75e-06 3.35e-06 2.35e-06 1.65e-06 2.5e-06 3.3e-06 2.5e-06 3e-06 3.3e-06 1.65e-06 3.55e-06 2.8e-06 2.25e-06 3.25e-06 3.7e-06 3.2e-06 2.45e-06 1.6e-06 2.9e-06 3.45e-06 2.1e-06 2e-06 2.45e-06 1.65e-06 2.9e-06 3.15e-06 3.3e-06 1.65e-06 1.95e-06 3.05e-06 3.1e-06 3.25e-06 3.05e-06 2.8e-06 2.95e-06 2.3e-06 2.5e-06 3.85e-06 1.6e-06 2.25e-06 4.5e-07 3.4e-06 3.15e-06 1.6e-06 2.75e-06 3.15e-06 2.05e-06 3e-06 1.55e-06 3.45e-06 2.85e-06 1.45e-06
1 1.75e-06 3e-06 2.55e-06 2.2e-06 1.7e-06 2.95e-06 2.15e-06 2.9e-06 2.85e-06 2.75e-06 1.95e-06 2.4e-06 3.55e-06 3.9e-06 2.05e-06 1.95e-06 2.65e-06 2.55e-06 2.15e-06 2.55e-06 2.95e-06 2.55e-06 3.9e-06 3.55e-06 3.1e-06 3.1e-06 3.4e-06 3.05e-06 2.05e-06 1.7e-06 1.6e-06 3.45e-06 2.25e-06 2.15e-06 2.55e-06 2.15e-06 2.45e-06 2.85e-06 2.75e-06 2.55e-06 2.1e-06 2.5e-06 2.55e-06 2.15e-06 2.65e-06 2.95e-06 2.45e-06 3e-06 2.65e-06 3.15e-06 1.95e-06 2.35e-06 1.5e-06 3.4e-06 2.65e-06 1.7e-06 2.3e-06 3.15e-06 2.35e-06 3.45e-06 1.85e-06 3.45e-06 3.05e-06 1.75e-06
2 3.3e-06 2.55e-06 3.5e-06 2.35e-06 3.25e-06 2.9e-06 2.1e-06 2.65e-06 2.1e-06 3.5e-06 2.25e-06 2.6e-06 3.1e-06 3.4e-06 2.4e-06 3.1e-06 3.2e-06 1.8e-06 2.55e-06 2.65e-06 2.6e-06 3.3e-06 3.15e-06 3.3e-06 3.55e-06 2.9e-06 2.35e-06 2.85e-06 2.1e-06 2.55e-06 1.95e-06 2.9e-06 3.05e-06 2.85e-06 2.95e-06 3.15e-06 2.65e-06 2.65e-06 2.8e-06 3.3e-06 2.8e-06 2.65e-06 2.15e-06 2.1e-06 2.4e-06 3.05e-06 2.55e-06 3.55e-06 3.2e-06 2.7e-06 2.95e-06 2.65e-06 3.25e-06 3.2e-06 2.6e-06 2.75e-06 2.7e-06 2.85e-06 2.5e-06 3.4e-06 2.5e-06 3.2e-06 3.05e-06 2.75e-06
3 1.95e-06 2.2e-06 2.35e-06 2.1e-06 1.9e-06 2.3e-06 3e-06 3.75e-06 2.15e-06 2.7e-06 2.4e-06 3.15e-06 3.65e-06 3.3e-06 1.85e-06 2.4e-06 2.85e-06 2.35e-06 2.45e-06 2.8e-06 2.85e-06 2.5e-06 3.25e-06 3e-06 2.65e-06 3.35e-06 3.05e-06 3.35e-06 1.8e-06 2.05e-06 2.45e-06 3.15e-06 2.9e-06 2.8e-06 2.8e-06 2.35e-06 2.55e-06 2.6e-06 3.15e-06 2.5e-06 2.75e-06 2.8e-06 2.4e-06 3e-06 2.45e-06 2.85e-06 2.7e-06 2.7e-06 2.85e-06 3.8e-06 2.15e-06 2.95e-06 1.95e-06 3.55e-06 3.05e-06 2.3e-06 3.1e-06 3.3e-06 1.2e-06 3.1e-06 1.5e-06 3.55e-06 2.75e-06 2.15e-06
4 5.5e-07 1.7e-06 3.25e-06 1.9e-06 8e-07 3e-06 3.2e-06 3.6e-06 3.25e-06 1.8e-06 2.75e-06 2.95e-06 3.7e-06 3.3e-06 2.3e-06 1.6e-06 2.45e-06 3.25e-06 2.45e-06 2.95e-06 3.25e-06 1.6e-06 3.5e-06 2.75e-06 2.2e-06 3.2e-06 3.65e-06 3.15e-06 2.4e-06 1.55e-06 2.85e-06 3.4e-06 2.05e-06 1.95e-06 2.4e-06 1.7e-06 2.85e-06 3.1e-06 3.25e-06 1.6e-06 1.9e-06 3e-06 3.05e-06 3.2e-06 3e-06 2.75e-06 2.9e-06 2.25e-06 2.45e-06 3.8e-06 1.55e-06 2.3e-06 4e-07 3.35e-06 3.1e-06 1.65e-06 2.7e-06 3.1e-06 2e-06 2.95e-06 1.5e-06 3.4e-06 2.8e-06 1.4e-06
5 3.05e-06 2.95e-06 2.9e-06 2.3e-06 3e-06 3.5e-06 3.25e-06 3.55e-06 2.45e-06 3.5e-06 2.5e-06 3.3e-06 3.35e-06 3.35e-06 2.55e-06 3e-06 3.2e-06 2.9e-06 2.95e-06 3.2e-06 2.85e-06 3.3e-06 3.05e-06 3.6e-06 3.1e-06 3.5e-06 3.3e-06 3.4e-06 2.65e-06 2.95e-06 3e-06 3.1e-06 3.2e-06 3.3e-06 3.1e-06 3e-06 2.4e-06 3.1e-06 2.8e-06 3.3e-06 3.25e-06 3.2e-06 2.9e-06 3.25e-06 3.15e-06 3.2e-06 3.1e-06 3.1e-06 3.2e-06 3.55e-06 2.5e-06 3.5e-06 2.95e-06 3.5e-06 3.2e-06 3.1e-06 3.3e-06 3.6e-06 2.45e-06 3.4e-06 2.5e-06 3.6e-06 2.9e-06 2.9e-06
6 3.25e-06 2.15e-06 2.1e-06 3e-06 3.2e-06 3.25e-06 2.1e-06 1.45e-06 2.55e-06 3.65e-06 1.75e-06 1.65e-06 2.75e-06 3.7e-06 2.55e-06 2.7e-06 2.85e-06 2.1e-06 2e-06 2.25e-06 2.45e-06 3.45e-06 3.55e-06 3.7e-06 3.8e-06 2.2e-06 2.5e-06 2.15e-06 2.15e-06 2.15e-06 1.2e-06 2.85e-06 2.45e-06 2.15e-06 2.45e-06 2.95e-06 2.3e-06 2.8e-06 2.15e-06 3.45e-06 2.1e-06 2.25e-06 1.95e-06 1.1e-06 2.45e-06 2.9e-06 2.15e-06 3.65e-06 2.85e-06 2e-06 2.8e-06 2.5e-06 3.15e-06 2.75e-06 1.8e-06 2.3e-06 1.75e-06 2.4e-06 3.15e-06 3.3e-06 2.9e-06 2.85e-06 3.15e-06 2.25e-06
7 3.65e-06 2.9e-06 2.65e-06 3.75e-06 3.6e-06 3.55e-06 1.45e-06 1.2e-06 2.95e-06 3.75e-06 2.45e-06 1.35e-06 2e-06 3.35e-06 3.3e-06 3.05e-06 2.8e-06 2.65e-06 2.65e-06 2.5e-06 2.7e-06 3.55e-06 3.3e-06 3.55e-06 3.7e-06 1.7e-06 2.25e-06 1.65e-06 2.95e-06 2.7e-06 2.1e-06 2.45e-06 2.05e-06 2.1e-06 2.35e-06 3.45e-06 2.45e-06 3.25e-06 1.7e-06 3.55e-06 2.05e-06 2.55e-06 2.2e-06 1.45e-06 2.95e-06 2.95e-06 2.45e-06 3.55e-06 2.8e-06 1.3e-06 3.15e-06 2.7e-06 3.5e-06 1.95e-06 1.9e-06 2.8e-06 1.75e-06 2.1e-06 3.85e-06 2.75e-06 3.6e-06 2.1e-06 3.25e-06 2.65e-06
8 3.3e-06 2.85e-06 2.1e-06 2.15e-06 3.25e-06 2.45e-06 2.55e-06 2.95e-06 3.1e-06 3.25e-06 2.3e-06 3e-06 2.95e-06 2.85e-06 2.3e-06 3.15e-06 3.05e-06 2.1e-06 2.7e-06 2.8e-06 2.1e-06 3.05e-06 2.55e-06 2.8e-06 3.15e-06 2.9e-06 2e-06 2.85e-06 2.25e-06 2.8e-06 2.5e-06 2.35e-06 3.2e-06 3e-06 2.95e-06 3.05e-06 2.6e-06 2.45e-06 2.7e-06 3.05e-06 2.95e-06 2.8e-06 2.2e-06 2.55e-06 2.35e-06 2.85e-06 2.7e-06 3.25e-06 3.05e-06 2.8e-06 2.7e-06 3.1e-06 3.25e-06 3.1e-06 2.65e-06 3e-06 2.85e-06 2.75e-06 2.3e-06 3.1e-06 2.4e-06 3.1e-06 2.55e-06 3e-06
9 1.75e-06 2.75e-06 3.5e-06 2.7e-06 1.8e-06 3.5e-06 3.65e-06 3.75e-06 3.25e-06 3.2e-06 3.65e-06 3.75e-06 3.5e-06 2.4e-06 3.1e-06 2.7e-06 2.95e-06 3.5e-06 3.6e-06 3.25e-06 3.45e-06 1.65e-06 2.8e-06 1.65e-06 1.85e-06 3.2e-06 3.15e-06 3.15e-06 3.35e-06 2.7e-06 3.75e-06 3.1e-06 2.8e-06 2.55e-06 2.6e-06 2.7e-06 3.55e-06 2.85e-06 3.8e-06 1.65e-06 2.5e-06 3.45e-06 3.35e-06 3.65e-06 2.85e-06 2.7e-06 3.35e-06 2.45e-06 2.95e-06 3.8e-06 2.55e-06 2.75e-06 1.6e-06 2.95e-06 3.6e-06 2.6e-06 3.2e-06 2.55e-06 2.8e-06 2.95e-06 2.4e-06 3e-06 2.65e-06 2.65e-06
10 2.8e-06 1.95e-06 2.25e-06 2.4e-06 2.75e-06 2.5e-06 1.75e-06 2.45e-06 2.3e-06 3.65e-06 2.3e-06 2.05e-06 3.35e-06 4.15e-06 2e-06 2.2e-06 2.8e-06 2.25e-06 1.65e-06 2.5e-06 2.15e-06 3.45e-06 3.95e-06 4.2e-06 3.65e-06 3e-06 3.05e-06 2.95e-06 1.85e-06 2.05e-06 1.35e-06 3.1e-06 2.6e-06 2.5e-06 2.65e-06 2.35e-06 2e-06 2.85e-06 1.9e-06 3.45e-06 2.45e-06 2.5e-06 2.25e-06 1.75e-06 2.65e-06 2.9e-06 2.4e-06 3.45e-06 2.8e-06 2.7e-06 1.9e-06 2.7e-06 2.65e-06 3.4e-06 2.05e-06 2.15e-06 2.1e-06 3.25e-06 2.55e-06 3.7e-06 2.35e-06 3.5e-06 2.8e-06 2e-06
11 3e-06 2.4e-06 2.6e-06 3.15e-06 2.95e-06 3.3e-06 1.65e-06 1.35e-06 3e-06 3.75e-06 2.05e-06 2.4e-06 2.6e-06 4.05e-06 2.75e-06 2.6e-06 2.8e-06 2.6e-06 1.75e-06 2.6e-06 2.5e-06 3.55e-06 3.9e-06 4.05e-06 3.85e-06 2.45e-06 2.85e-06 2.4e-06 2.25e-06 2.05e-06 1.6e-06 3.05e-06 2.1e-06 2.3e-06 2.55e-06 2.75e-06 2.15e-06 3.3e-06 1.8e-06 3.55e-06 2.25e-06 2.6e-06 2.4e-06 1.65e-06 2.95e-06 3.05e-06 2.5e-06 3.6e-06 2.8e-06 1.8e-06 2.7e-06 2.65e-06 3e-06 2.65e-06 1.9e-06 2.3e-06 1.9e-06 2.8e-06 3.25e-06 3.35e-06 3.1e-06 2.7e-06 3.3e-06 2.05e-06
12 3.75e-06 3.55e-06 3.1e-06 3.65e-06 3.7e-06 3.35e-06 2.75e-06 2e-06 2.95e-06 3.5e-06 3.35e-06 2.6e-06 3.9e-06 2.4e-06 3.7e-06 3.65e-06 3.25e-06 3.1e-06 3.5e-06 3.1e-06 3e-06 3.3e-06 1.95e-06 2.9e-06 3.3e-06 2.45e-06 2.3e-06 2.35e-06 3.5e-06 3.3e-06 3.25e-06 2.5e-06 2.8e-06 2.9e-06 2.9e-06 3.8e-06 3.2e-06 3.25e-06 2.65e-06 3.3e-06 2.85e-06 3.15e-06 2.9e-06 2.75e-06 3.2e-06 3.15e-06 3.05e-06 3.35e-06 3.25e-06 2.2e-06 3.5e-06 3.25e-06 3.65e-06 2.4e-06 2.9e-06 3.45e-06 2.9e-06 2.5e-06 3.75e-06 2.8e-06 3.65e-06 2.45e-06 3.2e-06 3.35e-06
13 3.35e-06 3.9e-06 3.4e-06 3.3e-06 3.3e-06 3.35e-06 3.7e-06 3.35e-06 2.85e-06 2.4e-06 4.15e-06 4.05e-06 2.4e-06 1.9e-06 3.9e-06 3.8e-06 3.35e-06 3.4e-06 4.25e-06 3.35e-06 3.2e-06 2.2e-06 9.5e-07 1.1e-06 1.8e-06 2.7e-06 2.15e-06 2.6e-06 3.95e-06 3.7e-06 4.4e-06 2.3e-06 3.5e-06 3.1e-06 2.75e-06 3.85e-06 3.95e-06 2.65e-06 3.8e-06 2.2e-06 3.05e-06 3.55e-06 3.25e-06 3.7e-06 2.85e-06 2.6e-06 3.45e-06 2.6e-06 3.35e-06 3.35e-06 3.5e-06 3.4e-06 3.25e-06 2.35e-06 3.55e-06 3.85e-06 3.55e-06 2e-06 3.4e-06 2.5e-06 3.4e-06 2.5e-06 2.5e-06 3.65e-06
14 2.35e-06 2.05e-06 2.4e-06 1.85e-06 2.3e-06 2.55e-06 2.55e-06 3.3e-06 2.3e-06 3.1e-06 2e-06 2.75e-06 3.7e-06 3.9e-06 3e-06 2.05e-06 2.4e-06 2.4e-06 2e-06 2.85e-06 2.45e-06 2.9e-06 3.8e-06 3.65e-06 3.2e-06 3.25e-06 3.25e-06 3.3e-06 1.85e-06 2.15e-06 2e-06 3.2e-06 2.75e-06 2.65e-06 2.8e-06 2.15e-06 2.35e-06 2.8e-06 2.75e-06 2.9e-06 2.6e-06 2.7e-06 2.4e-06 2.55e-06 2.65e-06 2.8e-06 2.6e-06 3.1e-06 2.4e-06 3.45e-06 2.05e-06 2.85e-06 2.1e-06 3.65e-06 2.55e-06 2.15e-06 2.3e-06 3.4e-06 2e-06 3.35e-06 1.8e-06 3.7e-06 2.9e-06 2.2e-06
15 1.65e-06 1.95e-06 3.1e-06 2.4e-06 1.6e-06 3e-06 2.7e-06 3.05e-06 3.15e-06 2.7e-06 2.2e-06 2.6e-06 3.65e-06 3.8e-06 2.05e-06 2.6e-06 2.15e-06 3.1e-06 2.05e-06 3e-06 2.8e-06 2.5e-06 3.9e-06 3.65e-06 2.8e-06 2.95e-06 3.65e-06 3e-06 2.4e-06 2e-06 2.45e-06 3.25e-06 2.25e-06 2.1e-06 2.4e-06 1.85e-06 2.55e-06 3.25e-06 2.6e-06 2.5e-06 2.05e-06 2.85e-06 2.85e-06 2.7e-06 3.2e-06 2.5e-06 2.75e-06 2.7e-06 2.15e-06 3.5e-06 1.6e-06 2.5e-06 1.3e-06 3.4e-06 2.5e-06 1.9e-06 2.05e-06 3.25e-06 2.5e-06 3.05e-06 2.05e-06 3.55e-06 2.85e-06 1.65e-06
16 2.5e-06 2.65e-06 3.2e-06 2.85e-06 2.45e-06 3.2e-06 2.85e-06 2.8e-06 3.05e-06 2.95e-06 2.8e-06 2.8e-06 3.25e-06 3.35e-06 2.4e-06 2.15e-06 3.2e-06 3.2e-06 2.6e-06 2.75e-06 2.7e-06 2.75e-06 3.4e-06 3.25e-06 2.95e-06 2.15e-06 3.2e-06 2.3e-06 2.95e-06 2.65e-06 2.95e-06 2.25e-06 2.55e-06 2.45e-06 2.65e-06 2.5e-06 2.75e-06 3.25e-06 2.75e-06 2.75e-06 2.4e-06 2.4e-06 2.95e-06 2.85e-06 3.2e-06 2.6e-06 2.3e-06 2.45e-06 1.6e-06 3.15e-06 2.35e-06 2.85e-06 2.2e-06 3.05e-06 2.6e-06 2.6e-06 2.1e-06 2.95e-06 2.95e-06 1.65e-06 2.7e-06 3.2e-06 2.95e-06 2.45e-06
17 3.3e-06 2.55e-06 1.8e-06 2.35e-06 3.25e-06 2.9e-06 2.1e-06 2.65e-06 2.1e-06 3.5e-06 2.25e-06 2.6e-06 3.1e-06 3.4e-06 2.4e-06 3.1e-06 3.2e-06 3.5e-06 2.55e-06 2.65e-06 2.6e-06 3.3e-06 3.15e-06 3.3e-06 3.55e-06 2.9e-06 2.35e-06 2.85e-06 2.1e-06 2.55e-06 1.95e-06 2.9e-06 3.05e-06 2.85e-06 2.95e-06 3.15e-06 2.65e-06 2.65e-06 2.8e-06 3.3e-06 2.8e-06 2.65e-06 2.15e-06 2.1e-06 2.4e-06 3.05e-06 2.55e-06 3.55e-06 3.2e-06 2.7e-06 2.95e-06 2.7e-06 3.25e-06 3.2e-06 2.6e-06 2.75e-06 2.7e-06 2.85e-06 2.5e-06 3.4e-06 2.5e-06 3.2e-06 3.05e-06 2.75e-06
18 2.5e-06 2.15e-06 2.55e-06 2.45e-06 2.45e-06 2.95e-06 2e-06 2.65e-06 2.7e-06 3.6e-06 1.65e-06 1.75e-06 3.5e-06 4.25e-06 2e-06 2.05e-06 2.6e-06 2.55e-06 1.1e-06 2.85e-06 1.6e-06 3.4e-06 3.95e-06 4.1e-06 3.75e-06 3.1e-06 3.25e-06 3.05e-06 1.6e-06 1.7e-06 1.5e-06 3.3e-06 2.75e-06 2.55e-06 2.7e-06 1.7e-06 2.1e-06 3.05e-06 2.3e-06 3.4e-06 2.5e-06 2.75e-06 2.5e-06 2e-06 2.8e-06 2.75e-06 2.65e-06 3.5e-06 2.6e-06 2.9e-06 2.15e-06 2.75e-06 2.65e-06 3.65e-06 1.45e-06 2.1e-06 1.9e-06 3.25e-06 2.55e-06 3.8e-06 2.6e-06 3.65e-06 2.95e-06 1.65e-06
19 3e-06 2.55e-06 2.65e-06 2.8e-06 2.95e-06 3.2e-06 2.25e-06 2.5e-06 2.8e-06 3.25e-06 2.5e-06 2.6e-06 3.1e-06 3.35e-06 2.85e-06 3e-06 2.75e-06 2.65e-06 2.85e-06 4.2e-06 3.05e-06 3.05e-06 3.4e-06 3.15e-06 3.15e-06 2.4e-06 2.95e-06 2.3e-06 2.65e-06 2.55e-06 2.25e-06 2.7e-06 2.75e-06 2.65e-06 2.7e-06 3.15e-06 2.8e-06 2.85e-06 2.8e-06 3.05e-06 2.6e-06 2.35e-06 2.55e-06 2.25e-06 2.6e-06 3.05e-06 2.25e-06 2.8e-06 2.75e-06 2.8e-06 2.9e-06 2.95e-06 2.9e-06 2.9e-06 2.75e-06 2.7e-06 2.7e-06 2.75e-06 2.95e-06 2.45e-06 2.75e-06 3e-06 3.1e-06 2.65e-06
20 3.3e-06 2.95e-06 2.6e-06 2.85e-06 3.25e-06 2.85e-06 2.45e-06 2.7e-06 2.1e-06 3.45e-06 2.15e-06 2.5e-06 3e-06 3.2e-06 2.45e-06 2.8e-06 2.7e-06 2.6e-06 1.6e-06 3.05e-06 2.5e-06 3.25e-06 2.85e-06 3.1e-06 3.45e-06 2.85e-06 2.3e-06 2.8e-06 2.4e-06 2.65e-06 2.45e-06 2.35e-06 3.15e-06 2.9e-06 2.9e-06 2.4e-06 2.45e-06 2.75e-06 2.4e-06 3.25e-06 2.85e-06 2.95e-06 2.6e-06 2.45e-06 2.65e-06 2.65e-06 2.85e-06 3.45e-06 2.7e-06 2.6e-06 2.55e-06 3.05e-06 3.35e-06 3.2e-06 1.8e-06 2.95e-06 2.25e-06 2.75e-06 2.95e-06 3.3e-06 3.05e-06 3.2e-06 2.5e-06 2.7e-06
21 1.65e-06 2.55e-06 3.3e-06 2.5e-06 1.6e-06 3.3e-06 3.45e-06 3.55e-06 3.05e-06 1.65e-06 3.45e-06 3.55e-06 3.3e-06 2.2e-06 2.9e-06 2.5e-06 2.75e-06 3.3e-06 3.4e-06 3.05e-06 3.25e-06 2.8e-06 2.6e-06 1.45e-06 1.65e-06 3e-06 2.95e-06 2.95e-06 3.15e-06 2.5e-06 3.55e-06 2.9e-06 2.6e-06 2.3e-06 2.4e-06 2.6e-06 3.35e-06 2.65e-06 3.6e-06 1.45e-06 2.3e-06 3.25e-06 3.15e-06 3.45e-06 2.65e-06 2.5e-06 3.15e-06 2.25e-06 2.75e-06 3.6e-06 2.35e-06 2.65e-06 1.4e-06 2.75e-06 3.4e-06 2.5e-06 3e-06 2.35e-06 2.6e-06 2.75e-06 2.2e-06 2.8e-06 2.45e-06 2.45e-06
22 3.55e-06 3.9e-06 3.15e-06 3.25e-06 3.5e-06 3.05e-06 3.55e-06 3.3e-06 2.55e-06 2.8e-06 3.95e-06 3.9e-06 1.95e-06 9.5e-07 3.8e-06 3.9e-06 3.4e-06 3.15e-06 3.95e-06 3.4e-06 2.85e-06 2.6e-06 2e-07 1.65e-06 2.5e-06 2.7e-06 1.85e-06 2.55e-06 3.7e-06 3.65e-06 4.15e-06 2.15e-06 3.6e-06 3.2e-06 3e-06 3.8e-06 3.9e-06 2.8e-06 3.7e-06 2.6e-06 3.15e-06 3.45e-06 3.1e-06 3.55e-06 3e-06 2.85e-06 3.35e-06 2.85e-06 3.4e-06 3.15e-06 3.55e-06 3.4e-06 3.5e-06 2.75e-06 3.35e-06 3.85e-06 3.55e-06 2.25e-06 3.35e-06 2.55e-06 3.4e-06 2.75e-06 2.7e-06 3.7e-06
23 2.8e-06 3.55e-06 3.3e-06 3e-06 2.75e-06 3.6e-06 3.7e-06 3.55e-06 2.8e-06 1.65e-06 4.2e-06 4.05e-06 2.9e-06 1.1e-06 3.65e-06 3.65e-06 3.25e-06 3.3e-06 4.1e-06 3.15e-06 3.1e-06 1.45e-06 1.65e-06 1e-07 1.25e-06 2.85e-06 2.2e-06 2.8e-06 3.75e-06 3.3e-06 4.2e-06 2.4e-06 3.35e-06 2.95e-06 2.55e-06 3.55e-06 3.85e-06 2.15e-06 4.05e-06 1.4e-06 2.9e-06 3.5e-06 3.25e-06 3.7e-06 2.25e-06 2.3e-06 3.4e-06 2.4e-06 3.25e-06 3.4e-06 3.4e-06 3.15e-06 2.75e-06 2.2e-06 3.6e-06 3.5e-06 3.5e-06 1.6e-06 3.1e-06 2.6e-06 3.05e-06 2.2e-06 2.1e-06 3.45e-06
24 2.25e-06 3.1e-06 3.55e-06 2.65e-06 2.2e-06 3.1e-06 3.8e-06 3.7e-06 3.15e-06 1.85e-06 3.65e-06 3.85e-06 3.3e-06 1.8e-06 3.2e-06 2.8e-06 2.95e-06 3.55e-06 3.75e-06 3.15e-06 3.45e-06 1.65e-06 2.5e-06 1.25e-06 2e-06 3.1e-06 3.05e-06 3.05e-06 3.5e-06 3.05e-06 4.05e-06 2.9e-06 2.95e-06 2.75e-06 2.2e-06 3e-06 3.45e-06 2.55e-06 3.55e-06 1.65e-06 2.7e-06 3.5e-06 3.35e-06 3.8e-06 2.75e-06 2.3e-06 3.4e-06 2e-06 2.95e-06 3.85e-06 2.55e-06 3.1e-06 2e-06 2.45e-06 3.6e-06 3.05e-06 3.3e-06 2.35e-06 2.75e-06 2.75e-06 2.6e-06 2.65e-06 2.25e-06 2.8e-06
25 3.25e-06 3.1e-06 2.9e-06 3.35e-06 3.2e-06 3.5e-06 2.2e-06 1.7e-06 2.9e-06 3.2e-06 3e-06 2.45e-06 2.45e-06 2.7e-06 3.25e-06 2.95e-06 2.15e-06 2.9e-06 3.1e-06 2.4e-06 2.85e-06 3e-06 2.7e-06 2.85e-06 3.1e-06 2.6e-06 2.35e-06 1.4e-06 3.2e-06 2.95e-06 2.95e-06 1.8e-06 2.55e-06 2.25e-06 2.45e-06 3.35e-06 2.95e-06 3.15e-06 2.55e-06 3e-06 2.2e-06 2.25e-06 2.45e-06 2.15e-06 3e-06 2.7e-06 2.15e-06 2.65e-06 2.15e-06 2.3e-06 3.05e-06 2.85e-06 3.1e-06 2.3e-06 2.35e-06 3.05e-06 2.15e-06 2.05e-06 3.45e-06 1.35e-06 3.3e-06 2.5e-06 3e-06 2.8e-06
26 3.7e-06 3.4e-06 2.35e-06 3.05e-06 3.65e-06 3.3e-06 2.5e-06 2.25e-06 2e-06 3.15e-06 3.05e-06 2.85e-06 2.3e-06 2.15e-06 3.25e-06 3.65e-06 3.2e-06 2.35e-06 3.25e-06 2.95e-06 2.3e-06 2.95e-06 1.85e-06 2.2e-06 3.05e-06 2.35e-06 1.5e-06 2.2e-06 3e-06 3.25e-06 3.1e-06 1.95e-06 3.1e-06 2.8e-06 2.8e-06 3.65e-06 3.15e-06 2.65e-06 2.8e-06 2.95e-06 2.75e-06 3e-06 2.4e-06 2.5e-06 2.45e-06 2.8e-06 2.9e-06 3.25e-06 3.2e-06 1.9e-06 3.3e-06 2.9e-06 3.65e-06 2.45e-06 2.65e-06 3.45e-06 2.75e-06 2.05e-06 3.15e-06 2.8e-06 3.25e-06 2.45e-06 2.65e-06 3.3e-06
27 3.2e-06 3.05e-06 2.85e-06 3.35e-06 3.15e-06 3.4e-06 2.15e-06 1.65e-06 2.85e-06 3.15e-06 2.95e-06 2.4e-06 2.35e-06 2.6e-06 3.3e-06 3e-06 2.3e-06 2.85e-06 3.05e-06 2.3e-06 2.8e-06 2.95e-06 2.55e-06 2.8e-06 3.05e-06 1.4e-06 2.2e-06 2.5e-06 3.15e-06 2.9e-06 2.9e-06 1.85e-06 2.5e-06 2.2e-06 2.4e-06 3.3e-06 2.9e-06 3.1e-06 2.5e-06 2.95e-06 2.15e-06 2.3e-06 2.4e-06 2.15e-06 2.9e-06 2.75e-06 2.2e-06 2.5e-06 2.3e-06 2.15e-06 3e-06 2.8e-06 3.05e-06 2.25e-06 2.3e-06 3e-06 2.2e-06 2.05e-06 3.45e-06 1.5e-06 3.25e-06 2.45e-06 2.95e-06 2.75e-06
28 2.45e-06 2.05e-06 2.1e-06 1.8e-06 2.4e-06 2.65e-06 2.15e-06 2.95e-06 2.25e-06 3.35e-06 1.85e-06 2.25e-06 3.5e-06 3.95e-06 1.85e-06 2.4e-06 2.95e-06 2.1e-06 1.6e-06 2.65e-06 2.4e-06 3.15e-06 3.7e-06 3.75e-06 3.5e-06 3.2e-06 3e-06 3.15e-06 2.6e-06 1.8e-06 1.55e-06 3.35e-06 2.8e-06 2.65e-06 2.8e-06 2.3e-06 2.25e-06 2.75e-06 2.65e-06 3.15e-06 2.6e-06 2.65e-06 2e-06 2.15e-06 2.5e-06 3e-06 2.55e-06 3.35e-06 2.95e-06 3.1e-06 2.3e-06 2.8e-06 2.5e-06 3.6e-06 2.3e-06 2.1e-06 2.5e-06 3.25e-06 1.8e-06 3.65e-06 1.95e-06 3.6e-06 3e-06 1.95e-06
29 1.6e-06 1.7e-06 2.55e-06 2.05e-06 1.55e-06 2.95e-06 2.15e-06 2.7e-06 2.8e-06 2.7e-06 2.05e-06 2.05e-06 3.3e-06 3.7e-06 2.15e-06 2e-06 2.65e-06 2.55e-06 1.7e-06 2.55e-06 2.65e-06 2.5e-06 3.65e-06 3.3e-06 3.05e-06 2.95e-06 3.25e-06 2.9e-06 1.8e-06 2.5e-06 1.5e-06 3.3e-06 2.2e-06 2.15e-06 2.5e-06 2e-06 2.2e-06 2.85e-06 2.65e-06 2.5e-06 2.1e-06 2.55e-06 2.45e-06 2.15e-06 2.6e-06 2.8e-06 2.45e-06 2.95e-06 2.65e-06 2.95e-06 2.05e-06 2.4e-06 1.65e-06 3.2e-06 2.35e-06 1.55e-06 2.3e-06 2.95e-06 2.15e-06 3.3e-06 1.95e-06 3.2e-06 2.95e-06 1.5e-06
30 2.9e-06 1.6e-06 1.95e-06 2.45e-06 2.85e-06 3e-06 1.2e-06 2.1e-06 2.5e-06 3.75e-06 1.35e-06 1.6e-06 3.25e-06 4.4e-06 2e-06 2.45e-06 2.95e-06 1.95e-06 1.5e-06 2.25e-06 2.45e-06 3.55e-06 4.15e-06 4.2e-06 4.05e-06 2.95e-06 3.1e-06 2.9e-06 1.55e-06 1.5e-06 7e-07 3.45e-06 2.5e-06 2.45e-06 2.75e-06 2.55e-06 1.9e-06 2.7e-06 2.25e-06 3.55e-06 2.4e-06 2.15e-06 2.05e-06 1.2e-06 2.35e-06 3.1e-06 2.1e-06 3.8e-06 2.95e-06 2.4e-06 2.55e-06 2.55e-06 2.85e-06 3.35e-06 2e-06 1.7e-06 2e-06 3.1e-06 2.6e-06 3.9e-06 2.4e-06 3.35e-06 3.3e-06 1.95e-06
31 3.45e-06 3.45e-06 2.9e-06 3.15e-06 3.4e-06 3.1e-06 2.85e-06 2.45e-06 2.35e-06 3.1e-06 3.1e-06 3.05e-06 2.5e-06 2.3e-06 3.2e-06 3.25e-06 2.25e-06 2.9e-06 3.3e-06 2.7e-06 2.35e-06 2.9e-06 2.15e-06 2.4e-06 2.9e-06 1.8e-06 1.95e-06 1.85e-06 3.35e-06 3.3e-06 3.45e-06 2.7e-06 3e-06 2.8e-06 2.8e-06 3.4e-06 3e-06 2.9e-06 2.7e-06 2.9e-06 2.75e-06 2.5e-06 2.75e-06 2.85e-06 2.9e-06 2.65e-06 2.4e-06 2.6e-06 2.25e-06 2.5e-06 3e-06 3.1e-06 3.35e-06 2.5e-06 2.7e-06 3.45e-06 2.65e-06 2.3e-06 3.25e-06 1.4e-06 3.3e-06 2.6e-06 2.6e-06 3.25e-06
32 2.1e-06 2.25e-06 3.05e-06 2.9e-06 2.05e-06 3.2e-06 2.45e-06 2.05e-06 3.2e-06 2.8e-06 2.6e-06 2.1e-06 2.8e-06 3.5e-06 2.75e-06 2.25e-06 2.55e-06 3.05e-06 2.75e-06 2.75e-06 3.15e-06 2.6e-06 3.6e-06 3.35e-06 2.95e-06 2.55e-06 3.1e-06 2.5e-06 2.8e-06 2.2e-06 2.5e-06 3e-06 3.6e-06 2.05e-06 2.4e-06 2.6e-06 2.55e-06 3.3e-06 2.3e-06 2.6e-06 2e-06 2.8e-06 2.75e-06 2.45e-06 3.1e-06 2.95e-06 2.7e-06 2.85e-06 2.55e-06 2.45e-06 2.25e-06 2.5e-06 1.8e-06 2.55e-06 2.7e-06 2.15e-06 2.25e-06 2.8e-06 3e-06 2.85e-06 2.5e-06 2.7e-06 3.1e-06 2.1e-06
33 2e-06 2.15e-06 2.85e-06 2.8e-06 1.95e-06 3.3e-06 2.15e-06 2.1e-06 3e-06 2.55e-06 2.5e-06 2.3e-06 2.9e-06 3.1e-06 2.65e-06 2.1e-06 2.45e-06 2.85e-06 2.55e-06 2.65e-06 2.9e-06 2.3e-06 3.2e-06 2.95e-06 2.75e-06 2.25e-06 2.8e-06 2.2e-06 2.65e-06 2.15e-06 2.45e-06 2.8e-06 2.05e-06 3.4e-06 2.15e-06 2.45e-06 2.7e-06 3.05e-06 2.55e-06 2.35e-06 1.7e-06 2.7e-06 2.45e-06 2.15e-06 2.85e-06 2.65e-06 2.6e-06 2.75e-06 2.45e-06 2.65e-06 2.15e-06 2.3e-06 1.7e-06 2.65e-06 2.35e-06 2.1e-06 1.95e-06 2.35e-06 2.9e-06 2.75e-06 2.4e-06 2.8e-06 2.85e-06 1.95e-06
34 2.45e-06 2.55e-06 2.95e-06 2.8e-06 2.4e-06 3.1e-06 2.45e-06 2.35e-06 2.95e-06 2.6e-06 2.65e-06 2.55e-06 2.9e-06 2.75e-06 2.8e-06 2.4e-06 2.65e-06 2.95e-06 2.7e-06 2.7e-06 2.9e-06 2.4e-06 3e-06 2.55e-06 2.2e-06 2.45e-06 2.8e-06 2.4e-06 2.8e-06 2.5e-06 2.75e-06 2.8e-06 2.4e-06 2.15e-06 4e-06 2.7e-06 2.75e-06 2.8e-06 2.6e-06 2.4e-06 2.1e-06 2.9e-06 2.6e-06 2.45e-06 2.75e-06 2.45e-06 2.8e-06 2.55e-06 2.65e-06 2.85e-06 2.35e-06 2.65e-06 2.2e-06 2.5e-06 2.5e-06 2.5e-06 2.25e-06 2.3e-06 2.9e-06 2.85e-06 2.65e-06 2.65e-06 2.6e-06 2.25e-06
35 1.65e-06 2.15e-06 3.15e-06 2.35e-06 1.7e-06 3e-06 2.95e-06 3.45e-06 3.05e-06 2.7e-06 2.35e-06 2.75e-06 3.8e-06 3.85e-06 2.15e-06 1.85e-06 2.5e-06 3.15e-06 1.7e-06 3.15e-06 2.4e-06 2.6e-06 3.8e-06 3.55e-06 3e-06 3.35e-06 3.65e-06 3.3e-06 2.3e-06 2e-06 2.55e-06 3.4e-06 2.6e-06 2.45e-06 2.7e-06 3.2e-06 2.65e-06 3.2e-06 2.9e-06 2.6e-06 2.4e-06 3.1e-06 3e-06 2.95e-06 3.1e-06 2.8e-06 3e-06 2.9e-06 2.5e-06 3.65e-06 1.85e-06 2.65e-06 1.6e-06 3.7e-06 2.4e-06 2e-06 2.4e-06 3.4e-06 2.45e-06 3.45e-06 2.15e-06 3.75e-06 2.9e-06 1.85e-06
36 2.9e-06 2.45e-06 2.65e-06 2.55e-06 2.85e-06 2.4e-06 2.3e-06 2.45e-06 2.6e-06 3.55e-06 2e-06 2.15e-06 3.2e-06 3.95e-06 2.35e-06 2.55e-06 2.75e-06 2.65e-06 2.1e-06 2.8e-06 2.45e-06 3.35e-06 3.9e-06 3.85e-06 3.45e-06 2.95e-06 3.15e-06 2.9e-06 2.25e-06 2.2e-06 1.9e-06 3e-06 2.55e-06 2.7e-06 2.75e-06 2.65e-06 3.4e-06 3.1e-06 2.15e-06 3.35e-06 2.65e-06 2.75e-06 2.55e-06 2.3e-06 2.85e-06 3e-06 2.65e-06 3.3e-06 2.75e-06 2.65e-06 2.35e-06 2.95e-06 2.8e-06 3.1e-06 2.4e-06 2.35e-06 2.35e-06 3.2e-06 2.65e-06 3.35e-06 2.65e-06 3.2e-06 2.95e-06 2.3e-06
37 3.15e-06 2.85e-06 2.65e-06 2.6e-06 3.1e-06 3.1e-06 2.8e-06 3.25e-06 2.45e-06 2.85e-06 2.85e-06 3.3e-06 3.25e-06 2.65e-06 2.8e-06 3.25e-06 3.25e-06 2.65e-06 3.05e-06 2.85e-06 2.75e-06 2.65e-06 2.8e-06 2.15e-06 2.55e-06 3.15e-06 2.65e-06 3.1e-06 2.75e-06 2.85e-06 2.7e-06 2.9e-06 3.3e-06 3.05e-06 2.8e-06 3.2e-06 3.1e-06 4.2e-06 3.3e-06 2.65e-06 3e-06 3e-06 2.7e-06 2.8e-06 2.3e-06 2.65e-06 2.95e-06 3.1e-06 3.25e-06 3.3e-06 3.05e-06 3.15e-06 3.1e-06 2.95e-06 3e-06 3.05e-06 3.05e-06 2.55e-06 2.7e-06 3.35e-06 2.75e-06 2.9e-06 2.65e-06 3.05e-06
38 3.3e-06 2.75e-06 2.8e-06 3.15e-06 3.25e-06 2.8e-06 2.15e-06 1.7e-06 2.7e-06 3.8e-06 1.9e-06 1.8e-06 2.65e-06 3.8e-06 2.75e-06 2.6e-06 2.75e-06 2.8e-06 2.3e-06 2.8e-06 2.4e-06 3.6e-06 3.7e-06 4.05e-06 3.55e-06 2.55e-06 2.8e-06 2.5e-06 2.65e-06 2.65e-06 2.25e-06 2.7e-06 2.3e-06 2.55e-06 2.6e-06 2.9e-06 2.15e-06 3.3e-06 3e-06 3.6e-06 2.5e-06 2.8e-06 2.55e-06 2.15e-06 3.15e-06 2.95e-06 2.7e-06 3.35e-06 2.75e-06 2.05e-06 2.3e-06 2.95e-06 3.1e-06 2.65e-06 2.2e-06 2.7e-06 2.15e-06 3e-06 3.25e-06 3.15e-06 3.1e-06 2.8e-06 2.9e-06 2.45e-06
39 1.65e-06 2.55e-06 3.3e-06 2.5e-06 1.6e-06 3.3e-06 3.45e-06 3.55e-06 3.05e-06 1.65e-06 3.45e-06 3.55e-06 3.3e-06 2.2e-06 2.9e-06 2.5e-06 2.75e-06 3.3e-06 3.4e-06 3.05e-06 3.25e-06 1.45e-06 2.6e-06 1.4e-06 1.65e-06 3e-06 2.95e-06 2.95e-06 3.15e-06 2.5e-06 3.55e-06 2.9e-06 2.6e-06 2.35e-06 2.4e-06 2.6e-06 3.35e-06 2.65e-06 3.6e-06 2.8e-06 2.3e-06 3.25e-06 3.15e-06 3.45e-06 2.65e-06 2.5e-06 3.15e-06 2.25e-06 2.75e-06 3.6e-06 2.35e-06 2.65e-06 1.4e-06 2.75e-06 3.4e-06 2.5e-06 3e-06 2.35e-06 2.6e-06 2.75e-06 2.2e-06 2.8e-06 2.4e-06 2.45e-06
40 1.95e-06 2.1e-06 2.8e-06 2.75e-06 1.9e-06 3.25e-06 2.1e-06 2.05e-06 2.95e-06 2.5e-06 2.45e-06 2.25e-06 2.85e-06 3.05e-06 2.6e-06 2.05e-06 2.4e-06 2.8e-06 2.5e-06 2.6e-06 2.85e-06 2.3e-06 3.15e-06 2.9e-06 2.7e-06 2.2e-06 2.75e-06 2.15e-06 2.6e-06 2.1e-06 2.4e-06 2.75e-06 2e-06 1.7e-06 2.1e-06 2.4e-06 2.65e-06 3e-06 2.5e-06 2.3e-06 3.3e-06 2.65e-06 2.4e-06 2.1e-06 2.8e-06 2.6e-06 2.55e-06 2.7e-06 2.4e-06 2.6e-06 2.1e-06 2.25e-06 1.65e-06 2.6e-06 2.3e-06 2.05e-06 1.9e-06 2.3e-06 2.85e-06 2.7e-06 2.35e-06 2.75e-06 2.8e-06 1.9e-06
41 3.05e-06 2.5e-06 2.65e-06 2.8e-06 3e-06 3.2e-06 2.25e-06 2.55e-06 2.8e-06 3.45e-06 2.5e-06 2.6e-06 3.15e-06 3.55e-06 2.7e-06 2.85e-06 2.4e-06 2.65e-06 2.75e-06 2.35e-06 2.95e-06 3.25e-06 3.45e-06 3.5e-06 3.5e-06 2.25e-06 3e-06 2.3e-06 2.65e-06 2.55e-06 2.15e-06 2.5e-06 2.8e-06 2.7e-06 2.9e-06 3.1e-06 2.75e-06 3e-06 2.8e-06 3.25e-06 2.65e-06 4.1e-06 2.6e-06 2.25e-06 2.85e-06 3.05e-06 2.05e-06 2.95e-06 2.4e-06 2.85e-06 2.9e-06 2.95e-06 2.95e-06 3.1e-06 2.7e-06 2.7e-06 2.55e-06 2.95e-06 2.95e-06 2.05e-06 2.8e-06 3.2e-06 3.25e-06 2.65e-06
42 3.1e-06 2.55e-06 2.15e-06 2.4e-06 3.05e-06 2.9e-06 1.95e-06 2.2e-06 2.2e-06 3.35e-06 2.25e-06 2.4e-06 2.9e-06 3.25e-06 2.4e-06 2.85e-06 2.95e-06 2.15e-06 2.5e-06 2.55e-06 2.6e-06 3.15e-06 3.1e-06 3.25e-06 3.35e-06 2.45e-06 2.4e-06 2.4e-06 2e-06 2.45e-06 2.05e-06 2.75e-06 2.75e-06 2.45e-06 2.6e-06 3e-06 2.55e-06 2.7e-06 2.55e-06 3.15e-06 2.4e-06 2.6e-06 3.6e-06 1.95e-06 2.5e-06 2.9e-06 2.5e-06 3.3e-06 2.95e-06 2.6e-06 2.75e-06 2.85e-06 3e-06 2.9e-06 2.3e-06 2.6e-06 2.35e-06 2.55e-06 2.4e-06 3.05e-06 2.45e-06 3e-06 2.95e-06 2.55e-06
43 3.25e-06 2.15e-06 2.1e-06 3e-06 3.2e-06 3.25e-06 1.1e-06 1.45e-06 2.55e-06 3.65e-06 1.75e-06 1.65e-06 2.75e-06 3.7e-06 2.55e-06 2.7e-06 2.85e-06 2.1e-06 2e-06 2.25e-06 2.45e-06 3.45e-06 3.55e-06 3.7e-06 3.8e-06 2.15e-06 2.5e-06 2.15e-06 2.15e-06 2.15e-06 1.2e-06 2.85e-06 2.45e-06 2.15e-06 2.45e-06 2.95e-06 2.3e-06 2.8e-06 2.15e-06 3.45e-06 2.1e-06 2.25e-06 1.95e-06 2.1e-06 2.45e-06 2.9e-06 2.15e-06 3.65e-06 2.85e-06 2e-06 2.8e-06 2.5e-06 3.15e-06 2.75e-06 1.8e-06 2.3e-06 1.75e-06 2.35e-06 3.15e-06 3.3e-06 2.9e-06 2.85e-06 3.15e-06 2.25e-06
44 3.05e-06 2.65e-06 2.4e-06 2.45e-06 3e-06 3.15e-06 2.45e-06 2.95e-06 2.35e-06 2.85e-06 2.65e-06 2.95e-06 3.2e-06 2.85e-06 2.65e-06 3.2e-06 3.2e-06 2.4e-06 2.8e-06 2.6e-06 2.65e-06 2.65e-06 3e-06 2.25e-06 2.75e-06 3e-06 2.45e-06 2.9e-06 2.5e-06 2.6e-06 2.35e-06 2.9e-06 3.1e-06 2.85e-06 2.75e-06 3.1e-06 2.85e-06 2.3e-06 3.15e-06 2.65e-06 2.8e-06 2.85e-06 2.5e-06 2.45e-06 4e-06 2.8e-06 2.75e-06 3.15e-06 3.2e-06 2.95e-06 3e-06 2.95e-06 3e-06 2.9e-06 2.8e-06 2.8e-06 2.85e-06 2.45e-06 2.6e-06 3.35e-06 2.6e-06 2.9e-06 2.7e-06 2.85e-06
45 2.8e-06 2.95e-06 3.05e-06 2.85e-06 2.75e-06 3.2e-06 2.9e-06 2.95e-06 2.85e-06 2.7e-06 2.9e-06 3.05e-06 3.15e-06 2.6e-06 2.8e-06 2.5e-06 2.6e-06 3.05e-06 2.75e-06 3.05e-06 2.65e-06 2.5e-06 2.85e-06 2.3e-06 2.3e-06 2.7e-06 2.8e-06 2.75e-06 3e-06 2.8e-06 3.1e-06 2.65e-06 2.95e-06 2.65e-06 2.45e-06 2.8e-06 3e-06 2.65e-06 2.95e-06 2.5e-06 2.6e-06 3.05e-06 2.9e-06 2.9e-06 2.8e-06 4.3e-06 2.95e-06 2.75e-06 2.6e-06 3.25e-06 2.6e-06 2.95e-06 2.65e-06 2.75e-06 2.65e-06 2.9e-06 2.5e-06 2.45e-06 2.95e-06 2.8e-06 2.9e-06 2.8e-06 2.5e-06 2.6e-06
46 2.95e-06 2.45e-06 2.55e-06 2.7e-06 2.9e-06 3.1e-06 2.15e-06 2.45e-06 2.7e-06 3.35e-06 2.4e-06 2.5e-06 3.05e-06 3.45e-06 2.6e-06 2.75e-06 2.3e-06 2.55e-06 2.65e-06 2.25e-06 2.85e-06 3.15e-06 3.35e-06 3.4e-06 3.4e-06 2.15e-06 2.9e-06 2.2e-06 2.55e-06 2.45e-06 2.1e-06 2.4e-06 2.7e-06 2.6e-06 2.8e-06 3e-06 2.65e-06 2.95e-06 2.7e-06 3.15e-06 2.55e-06 2.05e-06 2.5e-06 2.15e-06 2.75e-06 2.95e-06 3.9e-06 2.85e-06 2.3e-06 2.75e-06 2.8e-06 2.85e-06 2.85e-06 3e-06 2.6e-06 2.6e-06 2.45e-06 2.85e-06 2.85e-06 2e-06 2.7e-06 3.1e-06 3.15e-06 2.55e-06
47 2.3e-06 3e-06 3.55e-06 2.7e-06 2.25e-06 3.1e-06 3.65e-06 3.55e-06 3.25e-06 2.45e-06 3.45e-06 3.6e-06 3.35e-06 2.6e-06 3.1e-06 2.7e-06 2.45e-06 3.55e-06 3.5e-06 2.8e-06 3.45e-06 2.25e-06 2.85e-06 2.4e-06 2e-06 2.65e-06 3.25e-06 2.5e-06 3.35e-06 2.95e-06 3.8e-06 2.6e-06 2.85e-06 2.75e-06 2.55e-06 2.9e-06 3.3e-06 3.1e-06 3.35e-06 2.25e-06 2.7e-06 2.95e-06 3.3e-06 3.65e-06 3.15e-06 2.75e-06 2.85e-06 3.3e-06 2.45e-06 3.7e-06 2.5e-06 3.15e-06 2.05e-06 2.95e-06 3.45e-06 2.95e-06 3.2e-06 2.9e-06 2.8e-06 1.9e-06 2.6e-06 3.1e-06 2.75e-06 2.7e-06
48 2.5e-06 2.65e-06 3.2e-06 2.85e-06 2.45e-06 3.2e-06 2.85e-06 2.8e-06 3.05e-06 2.95e-06 2.8e-06 2.8e-06 3.25e-06 3.35e-06 2.4e-06 2.15e-06 1.6e-06 3.2e-06 2.6e-06 2.75e-06 2.7e-06 2.75e-06 3.4e-06 3.25e-06 2.95e-06 2.15e-06 3.2e-06 2.3e-06 2.95e-06 2.65e-06 2.95e-06 2.25e-06 2.55e-06 2.45e-06 2.65e-06 2.5e-06 2.75e-06 3.25e-06 2.75e-06 2.75e-06 2.4e-06 2.4e-06 2.95e-06 2.85e-06 3.2e-06 2.6e-06 2.3e-06 2.45e-06 3.2e-06 3.15e-06 2.35e-06 2.85e-06 2.2e-06 3.05e-06 2.6e-06 2.6e-06 2.1e-06 2.95e-06 2.95e-06 1.65e-06 2.7e-06 3.2e-06 2.95e-06 2.45e-06
49 3.85e-06 3.15e-06 2.7e-06 3.8e-06 3.8e-06 3.55e-06 2e-06 1.3e-06 2.8e-06 3.8e-06 2.7e-06 1.8e-06 2.2e-06 3.35e-06 3.45e-06 3.5e-06 3.15e-06 2.7e-06 2.9e-06 2.8e-06 2.6e-06 3.6e-06 3.15e-06 3.4e-06 3.85e-06 2.3e-06 1.9e-06 2.15e-06 3.1e-06 2.95e-06 2.4e-06 2.5e-06 2.45e-06 2.65e-06 2.85e-06 3.65e-06 2.65e-06 3.3e-06 2.05e-06 3.6e-06 2.6e-06 2.85e-06 2.6e-06 2e-06 2.95e-06 3.25e-06 2.75e-06 3.7e-06 3.15e-06 2.3e-06 3.35e-06 2.9e-06 3.75e-06 2.3e-06 2.4e-06 3.1e-06 2.35e-06 2.45e-06 3.9e-06 3.1e-06 3.7e-06 2.35e-06 3.25e-06 3.05e-06
50 1.6e-06 1.95e-06 2.95e-06 2.15e-06 1.55e-06 2.5e-06 2.8e-06 3.15e-06 2.7e-06 2.55e-06 1.9e-06 2.7e-06 3.5e-06 3.5e-06 2.05e-06 1.6e-06 2.35e-06 2.95e-06 2.15e-06 2.9e-06 2.55e-06 2.35e-06 3.55e-06 3.4e-06 2.55e-06 3.05e-06 3.3e-06 3e-06 2.3e-06 2.05e-06 2.55e-06 3e-06 2.25e-06 2.15e-06 2.35e-06 1.85e-06 2.35e-06 3.05e-06 2.3e-06 2.35e-06 2.1e-06 2.9e-06 2.75e-06 2.8e-06 3e-06 2.6e-06 2.8e-06 2.5e-06 2.35e-06 3.35e-06 2.5e-06 2.5e-06 1.25e-06 3.3e-06 2.6e-06 1.95e-06 2.3e-06 3.2e-06 2.25e-06 3.1e-06 1.85e-06 3.45e-06 2.45e-06 1.7e-06
51 2.25e-06 2.35e-06 2.65e-06 2.95e-06 2.3e-06 3.5e-06 2.5e-06 2.7e-06 3.1e-06 2.75e-06 2.7e-06 2.65e-06 3.25e-06 3.4e-06 2.85e-06 2.5e-06 2.85e-06 2.7e-06 2.75e-06 2.95e-06 3.05e-06 2.65e-06 3.4e-06 3.15e-06 3.1e-06 2.85e-06 2.9e-06 2.8e-06 2.8e-06 2.4e-06 2.55e-06 3.1e-06 2.5e-06 2.3e-06 2.65e-06 2.65e-06 2.95e-06 3.15e-06 2.95e-06 2.65e-06 2.25e-06 2.95e-06 2.85e-06 2.5e-06 2.95e-06 2.95e-06 2.85e-06 3.15e-06 2.85e-06 2.9e-06 2.5e-06 4.2e-06 2.1e-06 3.1e-06 2.8e-06 2.3e-06 2.45e-06 2.8e-06 3.05e-06 3.25e-06 2.65e-06 3.15e-06 3.1e-06 2.3e-06
52 4.5e-07 1.5e-06 3.25e-06 1.95e-06 4e-07 2.95e-06 3.15e-06 3.5e-06 3.25e-06 1.6e-06 2.65e-06 3e-06 3.65e-06 3.25e-06 2.1e-06 1.3e-06 2.2e-06 3.25e-06 2.65e-06 2.9e-06 3.35e-06 1.4e-06 3.5e-06 2.75e-06 2e-06 3.1e-06 3.65e-06 3.05e-06 2.5e-06 1.65e-06 2.85e-06 3.35e-06 1.8e-06 1.7e-06 2.2e-06 1.6e-06 2.8e-06 3.1e-06 3.1e-06 1.4e-06 1.65e-06 2.95e-06 3e-06 3.15e-06 3e-06 2.65e-06 2.85e-06 2.05e-06 2.2e-06 3.75e-06 1.25e-06 2.1e-06 0.0 3.25e-06 3.15e-06 1.45e-06 2.45e-06 3.05e-06 2.05e-06 2.85e-06 1.3e-06 3.35e-06 2.7e-06 1.4e-06
53 3.4e-06 3.4e-06 3.2e-06 3.55e-06 3.35e-06 3.5e-06 2.75e-06 1.95e-06 3.1e-06 2.95e-06 3.4e-06 2.65e-06 2.4e-06 2.35e-06 3.65e-06 3.4e-06 3.05e-06 3.2e-06 3.65e-06 2.9e-06 3.2e-06 2.75e-06 2.75e-06 2.2e-06 2.45e-06 2.3e-06 2.45e-06 2.25e-06 3.6e-06 3.2e-06 3.35e-06 2.5e-06 2.55e-06 2.65e-06 2.5e-06 3.7e-06 3.1e-06 2.95e-06 2.65e-06 2.75e-06 2.6e-06 3.1e-06 2.9e-06 2.75e-06 2.9e-06 2.75e-06 3e-06 2.95e-06 3.05e-06 2.3e-06 3.3e-06 3.1e-06 3.25e-06 3.7e-06 2.95e-06 3.3e-06 2.75e-06 2.1e-06 3.65e-06 2.6e-06 3.5e-06 2.1e-06 2.85e-06 3.15e-06
54 3.15e-06 2.65e-06 2.6e-06 3.05e-06 3.1e-06 3.2e-06 1.8e-06 1.9e-06 2.65e-06 3.6e-06 2.05e-06 1.9e-06 2.9e-06 3.55e-06 2.55e-06 2.5e-06 2.6e-06 2.6e-06 1.45e-06 2.75e-06 1.8e-06 3.4e-06 3.35e-06 3.6e-06 3.6e-06 2.35e-06 2.65e-06 2.3e-06 2.3e-06 2.35e-06 2e-06 2.7e-06 2.7e-06 2.35e-06 2.5e-06 2.4e-06 2.4e-06 3e-06 2.2e-06 3.4e-06 2.3e-06 2.7e-06 2.3e-06 1.8e-06 2.8e-06 2.65e-06 2.6e-06 3.45e-06 2.6e-06 2.4e-06 2.6e-06 2.8e-06 3.15e-06 2.95e-06 2.9e-06 2.6e-06 1.75e-06 2.55e-06 3.15e-06 3.2e-06 3.1e-06 3.05e-06 2.9e-06 2.25e-06
55 1.6e-06 1.7e-06 2.75e-06 2.3e-06 1.65e-06 3.1e-06 2.3e-06 2.8e-06 3e-06 2.6e-06 2.15e-06 2.3e-06 3.45e-06 3.85e-06 2.15e-06 1.9e-06 2.6e-06 2.75e-06 2.1e-06 2.7e-06 2.95e-06 2.5e-06 3.85e-06 3.5e-06 3.05e-06 3.05e-06 3.45e-06 3e-06 2.1e-06 1.55e-06 1.7e-06 3.45e-06 2.15e-06 2.1e-06 2.5e-06 2e-06 2.35e-06 3.05e-06 2.7e-06 2.5e-06 2.05e-06 2.7e-06 2.6e-06 2.3e-06 2.8e-06 2.9e-06 2.6e-06 2.95e-06 2.6e-06 3.1e-06 1.95e-06 2.3e-06 1.45e-06 3.3e-06 2.6e-06 2.9e-06 2.25e-06 3.1e-06 2.4e-06 3.4e-06 1.95e-06 3.35e-06 3.05e-06 1.7e-06
56 2.75e-06 2.3e-06 2.7e-06 3.1e-06 2.7e-06 3.3e-06 1.75e-06 1.75e-06 2.85e-06 3.2e-06 2.1e-06 1.9e-06 2.9e-06 3.55e-06 2.3e-06 2.05e-06 2.1e-06 2.7e-06 1.9e-06 2.7e-06 2.25e-06 3e-06 3.55e-06 3.5e-06 3.3e-06 2.15e-06 2.75e-06 2.2e-06 2.5e-06 2.3e-06 2e-06 2.65e-06 2.25e-06 1.95e-06 2.25e-06 2.4e-06 2.35e-06 3.05e-06 2.15e-06 3e-06 1.9e-06 2.55e-06 2.35e-06 1.75e-06 2.85e-06 2.5e-06 2.45e-06 3.2e-06 2.1e-06 2.35e-06 2.3e-06 2.45e-06 2.45e-06 2.75e-06 1.75e-06 2.25e-06 2.7e-06 2.45e-06 3.2e-06 2.9e-06 2.85e-06 2.9e-06 2.9e-06 2.1e-06
57 3.15e-06 3.15e-06 2.85e-06 3.3e-06 3.1e-06 3.6e-06 2.4e-06 2.1e-06 2.75e-06 2.55e-06 3.25e-06 2.8e-06 2.5e-06 2e-06 3.4e-06 3.25e-06 2.95e-06 2.85e-06 3.25e-06 2.75e-06 2.75e-06 2.35e-06 2.25e-06 1.6e-06 2.35e-06 2.05e-06 2.05e-06 2.05e-06 3.25e-06 2.95e-06 3.1e-06 2.3e-06 2.8e-06 2.35e-06 2.3e-06 3.4e-06 3.2e-06 2.55e-06 3e-06 2.35e-06 2.3e-06 2.95e-06 2.55e-06 2.35e-06 2.45e-06 2.45e-06 2.85e-06 2.9e-06 2.95e-06 2.45e-06 3.2e-06 2.8e-06 3.05e-06 2.1e-06 2.55e-06 3.1e-06 2.45e-06 3.1e-06 3.4e-06 2.6e-06 3.25e-06 2.2e-06 2.55e-06 2.95e-06
58 2.05e-06 2.35e-06 2.5e-06 1.2e-06 2e-06 2.45e-06 3.15e-06 3.85e-06 2.3e-06 2.8e-06 2.55e-06 3.25e-06 3.75e-06 3.4e-06 2e-06 2.5e-06 2.95e-06 2.5e-06 2.55e-06 2.95e-06 2.95e-06 2.6e-06 3.35e-06 3.1e-06 2.75e-06 3.45e-06 3.15e-06 3.45e-06 1.8e-06 2.15e-06 2.6e-06 3.25e-06 3e-06 2.9e-06 2.9e-06 2.45e-06 2.65e-06 2.7e-06 3.25e-06 2.6e-06 2.85e-06 2.95e-06 2.4e-06 3.15e-06 2.6e-06 2.95e-06 2.85e-06 2.8e-06 2.95e-06 3.9e-06 2.25e-06 3.05e-06 2.05e-06 3.65e-06 3.15e-06 2.4e-06 3.2e-06 3.4e-06 2.3e-06 3.2e-06 1.65e-06 3.65e-06 2.85e-06 2.25e-06
59 3e-06 3.45e-06 3.4e-06 3.1e-06 2.95e-06 3.4e-06 3.3e-06 2.75e-06 3.1e-06 2.95e-06 3.7e-06 3.35e-06 2.8e-06 2.5e-06 3.35e-06 3.05e-06 1.65e-06 3.4e-06 3.8e-06 2.45e-06 3.3e-06 2.75e-06 2.55e-06 2.6e-06 2.75e-06 1.35e-06 2.8e-06 1.5e-06 3.65e-06 3.3e-06 3.9e-06 1.4e-06 2.85e-06 2.75e-06 2.85e-06 3.45e-06 3.35e-06 3.35e-06 3.15e-06 2.75e-06 2.7e-06 2.05e-06 3.05e-06 3.3e-06 3.35e-06 2.8e-06 2e-06 1.9e-06 1.65e-06 3.1e-06 3.1e-06 3.25e-06 2.85e-06 2.6e-06 3.2e-06 3.4e-06 2.9e-06 2.6e-06 3.2e-06 1e-07 3.15e-06 2.8e-06 3.05e-06 3.15e-06
60 1.55e-06 1.85e-06 2.5e-06 1.5e-06 1.5e-06 2.5e-06 2.9e-06 3.6e-06 2.4e-06 2.4e-06 2.35e-06 3.1e-06 3.65e-06 3.4e-06 1.8e-06 2.05e-06 2.7e-06 2.5e-06 2.6e-06 2.75e-06 3.05e-06 2.2e-06 3.4e-06 3.05e-06 2.6e-06 3.3e-06 3.25e-06 3.25e-06 1.95e-06 1.95e-06 2.4e-06 3.3e-06 2.5e-06 2.4e-06 2.65e-06 2.15e-06 2.65e-06 2.75e-06 3.1e-06 2.2e-06 2.35e-06 2.8e-06 2.45e-06 2.9e-06 2.6e-06 2.9e-06 2.7e-06 2.6e-06 2.7e-06 3.7e-06 1.85e-06 2.65e-06 1.3e-06 3.5e-06 3.1e-06 1.95e-06 2.85e-06 3.25e-06 1.65e-06 3.15e-06 2.6e-06 3.55e-06 2.8e-06 2e-06
61 3.45e-06 3.45e-06 3.2e-06 3.55e-06 3.4e-06 3.6e-06 2.85e-06 2.1e-06 3.1e-06 3e-06 3.5e-06 2.7e-06 2.45e-06 2.5e-06 3.7e-06 3.55e-06 3.2e-06 3.2e-06 3.65e-06 3e-06 3.2e-06 2.8e-06 2.75e-06 2.2e-06 2.65e-06 2.5e-06 2.45e-06 2.45e-06 3.6e-06 3.2e-06 3.35e-06 2.6e-06 2.7e-06 2.8e-06 2.65e-06 3.75e-06 3.2e-06 2.9e-06 2.8e-06 2.8e-06 2.75e-06 3.2e-06 3e-06 2.85e-06 2.9e-06 2.8e-06 3.1e-06 3.1e-06 3.2e-06 2.35e-06 3.45e-06 3.15e-06 3.35e-06 2.1e-06 3.05e-06 3.35e-06 2.9e-06 2.2e-06 3.65e-06 2.8e-06 3.55e-06 4.1e-06 2.95e-06 3.25e-06
62 2.85e-06 3.05e-06 3.05e-06 2.75e-06 2.8e-06 2.9e-06 3.15e-06 3.25e-06 2.55e-06 2.65e-06 2.8e-06 3.3e-06 3.2e-06 2.5e-06 2.9e-06 2.85e-06 2.95e-06 3.05e-06 2.95e-06 3.1e-06 2.5e-06 2.45e-06 2.7e-06 2.1e-06 2.25e-06 3e-06 2.65e-06 2.95e-06 3e-06 2.95e-06 3.3e-06 2.6e-06 3.1e-06 2.85e-06 2.6e-06 2.9e-06 2.95e-06 2.65e-06 2.9e-06 2.4e-06 2.8e-06 3.25e-06 2.95e-06 3.15e-06 2.7e-06 2.5e-06 3.15e-06 2.75e-06 2.95e-06 3.25e-06 2.45e-06 3.1e-06 2.7e-06 2.85e-06 2.9e-06 3.05e-06 2.9e-06 2.55e-06 2.85e-06 3.05e-06 2.8e-06 2.95e-06 4.2e-06 2.8e-06
63 1.45e-06 1.75e-06 2.75e-06 2.15e-06 1.4e-06 2.9e-06 2.25e-06 2.65e-06 3e-06 2.65e-06 2e-06 2.05e-06 3.35e-06 3.65e-06 2.2e-06 1.65e-06 2.45e-06 2.75e-06 1.65e-06 2.65e-06 2.7e-06 2.45e-06 3.7e-06 3.45e-06 2.8e-06 2.8e-06 3.3e-06 2.75e-06 1.95e-06 1.5e-06 1.95e-06 3.25e-06 2.1e-06 1.95e-06 2.25e-06 1.85e-06 2.3e-06 3.05e-06 2.45e-06 2.45e-06 1.9e-06 2.65e-06 2.55e-06 2.25e-06 2.85e-06 2.6e-06 2.55e-06 2.7e-06 2.45e-06 3.05e-06 1.7e-06 2.3e-06 1.4e-06 3.15e-06 2.25e-06 1.7e-06 2.1e-06 2.95e-06 2.25e-06 3.15e-06 2e-06 3.25e-06 2.8e-06 2.4e-06
