 slim_762498571 slim_762498588 slim_762498541 slim_762498536 slim_762498575 slim_762498546 slim_762498561 slim_762498540 slim_762498544 slim_762498578 slim_762498548 slim_762498581 slim_762498539 slim_762498535 slim_762498562 slim_762498580 slim_762498549 slim_762498585 slim_762498566 slim_762498567 slim_762498551 slim_762498570 slim_762498572 slim_762498565 slim_762498547 slim_762498542 slim_762498569 slim_762498568 slim_762498538 slim_762498574 slim_762498557 slim_762498583 slim_762498554 slim_762498553 slim_762498563 slim_762498552 slim_762498586 slim_762498537 slim_762498576 slim_762498584 slim_762498559 slim_762498555 slim_762498556 slim_762498579 slim_762498577 slim_762498545 slim_762498558 slim_762498573 slim_762498587 slim_762498550 slim_762498543 slim_762498564 slim_762498582 slim_762498560
0 1.4e-06 3.25e-06 2.2e-06 2.7e-06 2.45e-06 3.1e-06 2.6e-06 1.8e-06 1.35e-06 2.55e-06 2.8e-06 2.65e-06 1.5e-06 2.6e-06 2.4e-06 2.7e-06 2.75e-06 2.4e-06 1.8e-06 1.95e-06 2.9e-06 2.1e-06 2.85e-06 2e-06 3.25e-06 2.85e-06 2.9e-06 2.2e-06 1.15e-06 3.05e-06 2.55e-06 2.75e-06 1.8e-06 3.3e-06 2.35e-06 1.7e-06 2.9e-06 1.85e-06 3.15e-06 2.95e-06 1.95e-06 2.85e-06 3.45e-06 2.05e-06 2e-06 2.25e-06 2.4e-06 1.9e-06 2.7e-06 3.1e-06 2.25e-06 1.9e-06 3.1e-06 1.65e-06
1 3.25e-06 4.2e-06 2.7e-06 2.45e-06 2.8e-06 2.2e-06 3e-06 3.35e-06 3e-06 3.1e-06 2.4e-06 2.9e-06 3.1e-06 2.85e-06 2.7e-06 2.9e-06 2.95e-06 2.95e-06 3.35e-06 3.3e-06 2.55e-06 3.15e-06 2.25e-06 2.8e-06 2.2e-06 2.3e-06 2.8e-06 2.5e-06 3.5e-06 2.25e-06 2.7e-06 2.65e-06 2.95e-06 2.35e-06 2.55e-06 3.05e-06 2.9e-06 2.95e-06 2.3e-06 3e-06 3e-06 3.1e-06 2.5e-06 3.1e-06 3e-06 2.6e-06 2.75e-06 3.3e-06 2.75e-06 2.2e-06 2.45e-06 2.85e-06 2.3e-06 3.4e-06
2 2.2e-06 2.7e-06 3e-06 1.95e-06 2.05e-06 2.3e-06 2.4e-06 2.6e-06 1.7e-06 2.35e-06 2.1e-06 2.25e-06 1.55e-06 2.2e-06 2.6e-06 2.7e-06 2.75e-06 2.2e-06 2.5e-06 2.5e-06 2.3e-06 2.35e-06 1.95e-06 2.8e-06 2.7e-06 1.8e-06 2.35e-06 2.05e-06 2.35e-06 2.2e-06 2.85e-06 1.95e-06 2.35e-06 2.85e-06 2.2e-06 1.95e-06 2.7e-06 2.35e-06 2.8e-06 3.2e-06 2.2e-06 3.05e-06 3.2e-06 2.3e-06 1.95e-06 2.55e-06 2.65e-06 2.55e-06 2.6e-06 2.3e-06 1.75e-06 2.45e-06 2.55e-06 2.4e-06
3 2.7e-06 2.45e-06 1.95e-06 2e-06 1.8e-06 1.85e-06 2.3e-06 2.7e-06 2.6e-06 2.35e-06 1.35e-06 2.15e-06 2.9e-06 2.1e-06 2.75e-06 2.45e-06 2.5e-06 2.2e-06 3e-06 3e-06 2.2e-06 2.85e-06 1.55e-06 2.75e-06 2.45e-06 1.3e-06 2.05e-06 2.2e-06 2.9e-06 1.9e-06 2.9e-06 1.65e-06 2.45e-06 2.55e-06 2.35e-06 2.6e-06 2.8e-06 1.95e-06 2.2e-06 3.15e-06 2.35e-06 2.85e-06 2.65e-06 2.8e-06 2.55e-06 2.55e-06 2.75e-06 2.9e-06 2.8e-06 1.85e-06 1.05e-06 2.2e-06 1.85e-06 3e-06
4 2.45e-06 2.8e-06 2.05e-06 1.8e-06 3e-06 2.1e-06 2.3e-06 2.6e-06 2.1e-06 2.5e-06 2e-06 2.4e-06 2.1e-06 2.35e-06 2.7e-06 2.3e-06 2.35e-06 2.35e-06 2.55e-06 2.55e-06 2.35e-06 2.2e-06 2.25e-06 2.85e-06 2.75e-06 1.8e-06 2.3e-06 2.25e-06 2.55e-06 2.05e-06 2.95e-06 2.15e-06 2.35e-06 2.85e-06 2.4e-06 1.95e-06 2.7e-06 2.2e-06 2.45e-06 3.05e-06 2.25e-06 2.9e-06 3e-06 2.15e-06 2.15e-06 2.6e-06 2.7e-06 2.55e-06 2.45e-06 2.1e-06 1.95e-06 2.25e-06 2.55e-06 2.7e-06
5 3.1e-06 2.2e-06 2.3e-06 1.85e-06 2.1e-06 2e-06 2.6e-06 3.05e-06 2.6e-06 2.9e-06 1.7e-06 2.5e-06 2.9e-06 2.45e-06 3.05e-06 2.15e-06 2.2e-06 2.75e-06 3.1e-06 3.1e-06 1.8e-06 2.95e-06 1.65e-06 3.2e-06 2.1e-06 1.5e-06 2.25e-06 1.65e-06 3.3e-06 1.2e-06 3.1e-06 2.15e-06 2.8e-06 2.3e-06 1.8e-06 2.8e-06 2.2e-06 2.35e-06 2.1e-06 3.3e-06 2.5e-06 3.5e-06 3.4e-06 2.9e-06 2.7e-06 2.75e-06 3.1e-06 2.9e-06 3e-06 1e-06 2.35e-06 2.15e-06 2.3e-06 3.05e-06
6 2.6e-06 3e-06 2.4e-06 2.3e-06 2.3e-06 2.6e-06 0.0 1.55e-06 2.65e-06 2.35e-06 1.9e-06 2.55e-06 2.5e-06 2.5e-06 2.05e-06 2.2e-06 2.25e-06 2.2e-06 2.15e-06 2.45e-06 1.8e-06 2.4e-06 2.85e-06 2.45e-06 2.8e-06 2.55e-06 3.2e-06 3.2e-06 2.65e-06 3.25e-06 2.65e-06 1.25e-06 2.3e-06 2.9e-06 3.35e-06 2.05e-06 3.2e-06 2.8e-06 1.8e-06 2.4e-06 1.45e-06 2.9e-06 2.45e-06 2.35e-06 1.2e-06 2.4e-06 2.1e-06 2.9e-06 1.85e-06 2.6e-06 1.9e-06 2.3e-06 2.95e-06 3.35e-06
7 1.8e-06 3.35e-06 2.6e-06 2.7e-06 2.6e-06 3.05e-06 1.55e-06 3.1e-06 2.3e-06 2.45e-06 2.5e-06 2.65e-06 2.35e-06 2.6e-06 2.45e-06 2.45e-06 2.5e-06 2.4e-06 2.1e-06 2.3e-06 2.6e-06 2.35e-06 3.05e-06 2.25e-06 3.2e-06 2.95e-06 3.15e-06 2.95e-06 1.9e-06 3.4e-06 2.8e-06 2.25e-06 2.05e-06 3.25e-06 3.1e-06 2.15e-06 3.1e-06 2.35e-06 2.6e-06 2.65e-06 1.95e-06 2.8e-06 3.05e-06 2.3e-06 1.9e-06 2.5e-06 2.45e-06 2.35e-06 2.45e-06 3.05e-06 2.25e-06 2.15e-06 3.25e-06 2.6e-06
8 1.35e-06 3e-06 1.7e-06 2.6e-06 2.1e-06 2.6e-06 2.65e-06 2.3e-06 1.7e-06 2.7e-06 2.7e-06 2.6e-06 9e-07 2.55e-06 2.5e-06 2.65e-06 2.7e-06 2.55e-06 2e-06 2.1e-06 2.6e-06 2.1e-06 2.6e-06 2.5e-06 3e-06 2.4e-06 2.75e-06 1.7e-06 1.55e-06 2.45e-06 2.55e-06 2.6e-06 2e-06 3.1e-06 1.85e-06 1.6e-06 2.7e-06 2.15e-06 3.05e-06 3.15e-06 1.8e-06 3.05e-06 3.6e-06 2.05e-06 1.75e-06 2.15e-06 2.5e-06 1.85e-06 2.6e-06 2.6e-06 2.45e-06 2.15e-06 3e-06 1.5e-06
9 2.55e-06 3.1e-06 2.35e-06 2.35e-06 2.5e-06 2.9e-06 2.35e-06 2.45e-06 2.7e-06 3.5e-06 2.3e-06 2.05e-06 2.55e-06 2e-06 2.8e-06 2.35e-06 2.4e-06 1.8e-06 2.3e-06 2.25e-06 2.7e-06 1.95e-06 2.4e-06 2.8e-06 3.05e-06 2.4e-06 2.25e-06 2.95e-06 2.7e-06 2.9e-06 3.25e-06 2.25e-06 2.05e-06 3.1e-06 3.1e-06 2.25e-06 2.65e-06 2.75e-06 2.9e-06 2.65e-06 2.65e-06 2.5e-06 3.15e-06 1.9e-06 2.4e-06 2.95e-06 2.8e-06 2.4e-06 2.65e-06 2.9e-06 1.8e-06 2.7e-06 3.15e-06 2.85e-06
10 2.8e-06 2.4e-06 2.1e-06 1.35e-06 2e-06 1.7e-06 1.9e-06 2.5e-06 2.7e-06 2.3e-06 2.4e-06 2.1e-06 3e-06 2.05e-06 2.55e-06 2.1e-06 2.1e-06 2.15e-06 2.85e-06 2.85e-06 2.05e-06 2.7e-06 1.7e-06 2.6e-06 2.3e-06 1.55e-06 2.3e-06 2.3e-06 2.95e-06 2.1e-06 2.75e-06 1.55e-06 2.35e-06 2.4e-06 2.45e-06 2.55e-06 2.65e-06 2.2e-06 1.8e-06 2.75e-06 2.2e-06 2.9e-06 2.55e-06 2.65e-06 2.4e-06 2.4e-06 2.55e-06 2.8e-06 2.5e-06 1.7e-06 1.25e-06 2e-06 2.15e-06 3.1e-06
11 2.65e-06 2.9e-06 2.25e-06 2.15e-06 2.4e-06 2.5e-06 2.55e-06 2.65e-06 2.6e-06 2.05e-06 2.1e-06 3.5e-06 2.75e-06 1.8e-06 2.9e-06 2.05e-06 2.2e-06 1.85e-06 2.4e-06 2.35e-06 2.6e-06 1.95e-06 2.2e-06 2.8e-06 2.85e-06 2.05e-06 2.1e-06 2.55e-06 2.8e-06 2.55e-06 3.1e-06 2.15e-06 2.05e-06 2.95e-06 2.7e-06 2.45e-06 2.45e-06 2.55e-06 2.7e-06 2.65e-06 2.55e-06 2.65e-06 3.15e-06 1.9e-06 2.6e-06 2.75e-06 2.9e-06 2.3e-06 2.75e-06 2.5e-06 1.8e-06 2.5e-06 2.95e-06 2.6e-06
12 1.5e-06 3.1e-06 1.55e-06 2.9e-06 2.1e-06 2.9e-06 2.5e-06 2.35e-06 9e-07 2.55e-06 3e-06 2.75e-06 2e-07 2.7e-06 2.45e-06 2.8e-06 2.85e-06 2.4e-06 1.85e-06 1.95e-06 2.6e-06 1.8e-06 2.75e-06 2.65e-06 3.1e-06 2.65e-06 2.7e-06 2.2e-06 1.55e-06 2.55e-06 2.85e-06 2.75e-06 2e-06 3.2e-06 2.35e-06 1.35e-06 2.7e-06 2.5e-06 3.3e-06 3.1e-06 2.15e-06 3e-06 3.65e-06 1.75e-06 1.3e-06 2.6e-06 2.5e-06 2.2e-06 2.35e-06 2.9e-06 2.6e-06 2.5e-06 3.25e-06 1.75e-06
13 2.6e-06 2.85e-06 2.2e-06 2.1e-06 2.35e-06 2.45e-06 2.5e-06 2.6e-06 2.55e-06 2e-06 2.05e-06 1.8e-06 2.7e-06 3.4e-06 2.85e-06 2.1e-06 2.15e-06 1.85e-06 2.35e-06 2.3e-06 2.55e-06 2e-06 2.15e-06 2.75e-06 2.8e-06 2e-06 2.05e-06 2.5e-06 2.75e-06 2.5e-06 3.05e-06 2.1e-06 2e-06 2.9e-06 2.65e-06 2.4e-06 2.4e-06 2.5e-06 2.65e-06 2.6e-06 2.5e-06 2.6e-06 3.1e-06 1.95e-06 2.55e-06 2.7e-06 2.85e-06 2.25e-06 2.7e-06 2.45e-06 1.75e-06 2.45e-06 2.9e-06 2.6e-06
14 2.4e-06 2.7e-06 2.6e-06 2.75e-06 2.7e-06 3.05e-06 2.05e-06 2.45e-06 2.5e-06 2.8e-06 2.55e-06 2.9e-06 2.45e-06 2.85e-06 3.3e-06 2.8e-06 2.85e-06 2.65e-06 2.45e-06 2.35e-06 2.8e-06 2.6e-06 3e-06 2.1e-06 2.6e-06 2.95e-06 3.4e-06 3.05e-06 2.4e-06 3.4e-06 2.15e-06 2.4e-06 2.45e-06 2.7e-06 3.2e-06 1.95e-06 3.35e-06 2.9e-06 2.1e-06 2.4e-06 2.35e-06 2.7e-06 1.95e-06 2.55e-06 2.2e-06 2.1e-06 1.7e-06 2.9e-06 2e-06 3.05e-06 2.3e-06 2.6e-06 2.65e-06 3.05e-06
15 2.7e-06 2.9e-06 2.7e-06 2.45e-06 2.3e-06 2.15e-06 2.2e-06 2.45e-06 2.65e-06 2.35e-06 2.1e-06 2.05e-06 2.8e-06 2.1e-06 2.8e-06 3e-06 1.65e-06 2.15e-06 2.25e-06 2.3e-06 2.5e-06 1.9e-06 2.7e-06 2.65e-06 2.75e-06 2.35e-06 2.4e-06 2.65e-06 2.8e-06 2.5e-06 2.95e-06 2.4e-06 1.95e-06 2.85e-06 2.8e-06 2.55e-06 2.35e-06 2.5e-06 2.1e-06 2.3e-06 2.4e-06 2.65e-06 3.1e-06 1.85e-06 2.45e-06 2.6e-06 2.8e-06 2.2e-06 2.5e-06 2.15e-06 2.4e-06 2.1e-06 3.15e-06 2.65e-06
16 2.75e-06 2.95e-06 2.75e-06 2.5e-06 2.35e-06 2.2e-06 2.25e-06 2.5e-06 2.7e-06 2.4e-06 2.1e-06 2.2e-06 2.85e-06 2.15e-06 2.85e-06 1.65e-06 3.1e-06 2.25e-06 2.3e-06 2.25e-06 2.55e-06 2.05e-06 2.75e-06 2.7e-06 2.8e-06 2.4e-06 2.45e-06 2.7e-06 2.85e-06 2.55e-06 3e-06 2.45e-06 1.9e-06 2.9e-06 2.85e-06 2.6e-06 2.4e-06 2.55e-06 2.15e-06 2.35e-06 2.45e-06 2.7e-06 3.15e-06 2e-06 2.5e-06 2.65e-06 2.85e-06 2.25e-06 2.55e-06 2.2e-06 2.45e-06 2.1e-06 3.2e-06 2.75e-06
17 2.4e-06 2.95e-06 2.2e-06 2.2e-06 2.35e-06 2.75e-06 2.2e-06 2.4e-06 2.55e-06 1.8e-06 2.15e-06 1.85e-06 2.4e-06 1.85e-06 2.65e-06 2.15e-06 2.25e-06 3.2e-06 2.15e-06 2.1e-06 2.55e-06 1.75e-06 2.25e-06 2.65e-06 2.9e-06 2.25e-06 2.1e-06 2.8e-06 2.55e-06 2.75e-06 3.1e-06 2.1e-06 1.9e-06 2.95e-06 2.95e-06 2.1e-06 2.5e-06 2.6e-06 2.75e-06 2.5e-06 2.5e-06 2.5e-06 3e-06 1.7e-06 2.25e-06 2.8e-06 2.65e-06 2.35e-06 2.5e-06 2.75e-06 1.65e-06 2.55e-06 3e-06 2.65e-06
18 1.8e-06 3.35e-06 2.5e-06 3e-06 2.55e-06 3.1e-06 2.15e-06 2.1e-06 2e-06 2.3e-06 2.85e-06 2.4e-06 1.85e-06 2.35e-06 2.45e-06 2.25e-06 2.3e-06 2.15e-06 2.9e-06 1.7e-06 2.75e-06 1.7e-06 3.05e-06 2.45e-06 3.25e-06 2.95e-06 2.65e-06 2.75e-06 1.85e-06 3.1e-06 2.95e-06 2.7e-06 1.75e-06 3.3e-06 2.9e-06 1.75e-06 2.6e-06 2.6e-06 3e-06 2.5e-06 2.2e-06 2.65e-06 3.45e-06 1.65e-06 1.95e-06 2.65e-06 2.45e-06 2e-06 2.45e-06 3.1e-06 2.5e-06 2.35e-06 3.55e-06 2.15e-06
19 1.95e-06 3.3e-06 2.5e-06 3e-06 2.55e-06 3.1e-06 2.45e-06 2.3e-06 2.1e-06 2.25e-06 2.85e-06 2.35e-06 1.95e-06 2.3e-06 2.35e-06 2.3e-06 2.25e-06 2.1e-06 1.7e-06 2.9e-06 2.85e-06 1.65e-06 2.95e-06 2.6e-06 3.25e-06 2.95e-06 2.65e-06 2.75e-06 1.9e-06 3.1e-06 3.05e-06 2.75e-06 1.7e-06 3.3e-06 2.9e-06 1.55e-06 2.6e-06 2.7e-06 3.1e-06 2.6e-06 2.4e-06 2.7e-06 3.45e-06 1.6e-06 2.15e-06 2.75e-06 2.35e-06 2.05e-06 2.6e-06 3.1e-06 2.5e-06 2.5e-06 3.55e-06 2.25e-06
20 2.9e-06 2.55e-06 2.3e-06 2.2e-06 2.35e-06 1.8e-06 1.8e-06 2.6e-06 2.6e-06 2.7e-06 2.05e-06 2.6e-06 2.6e-06 2.55e-06 2.8e-06 2.5e-06 2.55e-06 2.55e-06 2.75e-06 2.85e-06 3.6e-06 2.75e-06 2e-06 3.1e-06 2.45e-06 2e-06 2.55e-06 2.2e-06 3.05e-06 1.95e-06 3.15e-06 1.95e-06 2.7e-06 2.6e-06 2.35e-06 2.45e-06 2.55e-06 2.7e-06 2.45e-06 3.2e-06 2.25e-06 3.4e-06 3.3e-06 2.7e-06 2.15e-06 2.85e-06 2.85e-06 3e-06 2.75e-06 1.8e-06 2.25e-06 2.5e-06 2.65e-06 3.15e-06
21 2.1e-06 3.15e-06 2.35e-06 2.85e-06 2.2e-06 2.95e-06 2.4e-06 2.35e-06 2.1e-06 1.95e-06 2.7e-06 1.95e-06 1.8e-06 2e-06 2.6e-06 1.9e-06 2.05e-06 1.75e-06 1.7e-06 1.65e-06 2.75e-06 2e-06 2.8e-06 2.6e-06 3.1e-06 2.65e-06 2.2e-06 2.75e-06 2.2e-06 2.8e-06 3.05e-06 2.65e-06 1.65e-06 3.15e-06 2.9e-06 1.55e-06 2.3e-06 2.7e-06 2.95e-06 2.3e-06 2.45e-06 2.4e-06 3.25e-06 1e-06 2.05e-06 2.75e-06 2.6e-06 1.9e-06 2.3e-06 2.95e-06 2.35e-06 2.5e-06 3.55e-06 2.2e-06
22 2.85e-06 2.25e-06 1.95e-06 1.55e-06 2.25e-06 1.65e-06 2.85e-06 3.05e-06 2.6e-06 2.4e-06 1.7e-06 2.2e-06 2.75e-06 2.15e-06 3e-06 2.7e-06 2.75e-06 2.25e-06 3.05e-06 2.95e-06 2e-06 2.8e-06 2.3e-06 3.1e-06 2.25e-06 1.45e-06 1.9e-06 1.8e-06 3.05e-06 1.5e-06 3.25e-06 2e-06 2.6e-06 2.35e-06 1.95e-06 2.55e-06 2.3e-06 2.4e-06 2.75e-06 3.4e-06 2.7e-06 3.25e-06 3.25e-06 2.75e-06 2.75e-06 2.9e-06 3e-06 2.95e-06 3.1e-06 1.65e-06 1.45e-06 2.55e-06 2.15e-06 2.95e-06
23 2e-06 2.8e-06 2.8e-06 2.75e-06 2.85e-06 3.2e-06 2.45e-06 2.25e-06 2.5e-06 2.8e-06 2.6e-06 2.8e-06 2.65e-06 2.75e-06 2.1e-06 2.65e-06 2.7e-06 2.65e-06 2.45e-06 2.6e-06 3.1e-06 2.6e-06 3.1e-06 3.3e-06 2.7e-06 3.05e-06 3.25e-06 3.05e-06 2.25e-06 3.5e-06 2.1e-06 2.7e-06 2.15e-06 2.75e-06 3.2e-06 2.55e-06 3.25e-06 2.5e-06 2.15e-06 2.2e-06 2.45e-06 2.45e-06 2e-06 2.55e-06 2.5e-06 2e-06 2.1e-06 2.6e-06 2.15e-06 3.2e-06 2.2e-06 2.2e-06 2.7e-06 2.7e-06
24 3.25e-06 2.2e-06 2.7e-06 2.45e-06 2.75e-06 2.1e-06 2.8e-06 3.2e-06 3e-06 3.05e-06 2.3e-06 2.85e-06 3.1e-06 2.8e-06 2.6e-06 2.75e-06 2.8e-06 2.9e-06 3.25e-06 3.25e-06 2.45e-06 3.1e-06 2.25e-06 2.7e-06 4.2e-06 2.3e-06 2.8e-06 2.5e-06 3.45e-06 2.25e-06 2.6e-06 2.55e-06 2.9e-06 2.25e-06 2.65e-06 3e-06 2.8e-06 2.95e-06 2.1e-06 2.8e-06 2.9e-06 3.05e-06 2.35e-06 3.05e-06 2.9e-06 2.5e-06 2.65e-06 3.25e-06 2.55e-06 2.1e-06 2.45e-06 2.75e-06 2.3e-06 3.4e-06
25 2.85e-06 2.3e-06 1.8e-06 1.3e-06 1.8e-06 1.5e-06 2.55e-06 2.95e-06 2.4e-06 2.4e-06 1.55e-06 2.05e-06 2.65e-06 2e-06 2.95e-06 2.35e-06 2.4e-06 2.25e-06 2.95e-06 2.95e-06 2e-06 2.65e-06 1.45e-06 3.05e-06 2.3e-06 1.9e-06 1.65e-06 1.8e-06 3.1e-06 1.25e-06 2.95e-06 1.75e-06 2.6e-06 2.45e-06 1.95e-06 2.55e-06 2.4e-06 2.1e-06 2.35e-06 3.25e-06 2.4e-06 3e-06 3.05e-06 2.6e-06 2.55e-06 2.65e-06 3e-06 2.75e-06 2.85e-06 1.5e-06 1.5e-06 2.3e-06 2.1e-06 2.85e-06
26 2.9e-06 2.8e-06 2.35e-06 2.05e-06 2.3e-06 2.25e-06 3.2e-06 3.15e-06 2.75e-06 2.25e-06 2.3e-06 2.1e-06 2.7e-06 2.05e-06 3.4e-06 2.4e-06 2.45e-06 2.1e-06 2.65e-06 2.65e-06 2.55e-06 2.2e-06 1.9e-06 3.25e-06 2.8e-06 1.65e-06 2.6e-06 2.35e-06 3.1e-06 1.65e-06 3.55e-06 2.6e-06 2.35e-06 2.85e-06 2.5e-06 2.7e-06 2.2e-06 2.5e-06 3.15e-06 3.1e-06 3.05e-06 2.8e-06 3.6e-06 2.15e-06 2.9e-06 3.25e-06 3.4e-06 2.6e-06 3.15e-06 2.25e-06 1.95e-06 2.75e-06 2.9e-06 2.75e-06
27 2.2e-06 2.5e-06 2.05e-06 2.2e-06 2.25e-06 1.65e-06 3.2e-06 2.95e-06 1.7e-06 2.95e-06 2.3e-06 2.55e-06 2.2e-06 2.5e-06 3.05e-06 2.65e-06 2.7e-06 2.8e-06 2.75e-06 2.75e-06 2.2e-06 2.75e-06 1.8e-06 3.05e-06 2.5e-06 1.8e-06 2.35e-06 2.4e-06 2.5e-06 1.5e-06 2.95e-06 2.55e-06 2.55e-06 2.65e-06 1.35e-06 2.35e-06 2.3e-06 2.2e-06 2.95e-06 3.6e-06 2.25e-06 3.5e-06 3.85e-06 2.7e-06 2.65e-06 2.5e-06 3.05e-06 2.3e-06 3.25e-06 1.65e-06 2.45e-06 2.25e-06 2.55e-06 2.1e-06
28 1.15e-06 3.5e-06 2.35e-06 2.9e-06 2.55e-06 3.3e-06 2.65e-06 1.9e-06 1.55e-06 2.7e-06 2.95e-06 2.8e-06 1.55e-06 2.75e-06 2.4e-06 2.8e-06 2.85e-06 2.55e-06 1.85e-06 1.9e-06 3.05e-06 2.2e-06 3.05e-06 2.25e-06 3.45e-06 3.1e-06 3.1e-06 2.5e-06 1.9e-06 3.3e-06 2.85e-06 2.9e-06 1.9e-06 3.45e-06 2.65e-06 1.6e-06 3.05e-06 2.1e-06 3.3e-06 3.05e-06 2.15e-06 3e-06 3.55e-06 2.15e-06 2.05e-06 2.5e-06 2.35e-06 2.1e-06 2.85e-06 3.3e-06 2.45e-06 2.15e-06 3.35e-06 1.8e-06
29 3.05e-06 2.25e-06 2.2e-06 1.9e-06 2.05e-06 1.2e-06 3.25e-06 3.4e-06 2.45e-06 2.9e-06 2.1e-06 2.55e-06 2.55e-06 2.5e-06 3.4e-06 2.5e-06 2.55e-06 2.75e-06 3.1e-06 3.1e-06 1.95e-06 2.8e-06 1.5e-06 3.5e-06 2.25e-06 1.25e-06 1.65e-06 1.5e-06 3.3e-06 1.3e-06 3.4e-06 2.55e-06 2.85e-06 2.4e-06 1.65e-06 2.75e-06 2.05e-06 2.35e-06 2.8e-06 3.65e-06 2.85e-06 3.45e-06 3.8e-06 2.75e-06 2.85e-06 3.1e-06 3.45e-06 2.9e-06 3.3e-06 1.2e-06 2.4e-06 2.5e-06 2.4e-06 2.85e-06
30 2.55e-06 2.7e-06 2.85e-06 2.9e-06 2.95e-06 3.1e-06 2.65e-06 2.8e-06 2.55e-06 3.25e-06 2.75e-06 3.1e-06 2.85e-06 3.05e-06 2.15e-06 2.95e-06 3e-06 3.1e-06 2.95e-06 3.05e-06 3.15e-06 3.05e-06 3.25e-06 2.1e-06 2.6e-06 2.95e-06 3.55e-06 2.95e-06 2.85e-06 3.4e-06 3.1e-06 2.75e-06 2.7e-06 2.7e-06 3.1e-06 2.8e-06 3.55e-06 2.9e-06 2.05e-06 2.5e-06 2.5e-06 2.75e-06 1.9e-06 3e-06 2.7e-06 1.9e-06 2.2e-06 2.9e-06 2.2e-06 3.1e-06 2.65e-06 2.65e-06 2.6e-06 3e-06
31 2.75e-06 2.65e-06 1.95e-06 1.65e-06 2.15e-06 2.15e-06 1.25e-06 2.25e-06 2.6e-06 2.25e-06 1.55e-06 2.15e-06 2.75e-06 2.1e-06 2.4e-06 2.4e-06 2.45e-06 2.1e-06 2.7e-06 2.75e-06 1.95e-06 2.65e-06 2e-06 2.7e-06 2.55e-06 1.75e-06 2.6e-06 2.55e-06 2.9e-06 2.55e-06 2.75e-06 2.3e-06 2.5e-06 2.7e-06 2.7e-06 2.3e-06 2.95e-06 2.5e-06 2.05e-06 2.85e-06 1.9e-06 3e-06 2.6e-06 2.6e-06 1.95e-06 2.45e-06 2.45e-06 2.9e-06 2.35e-06 2.15e-06 1.4e-06 2.35e-06 2.4e-06 3.2e-06
32 1.8e-06 2.95e-06 2.35e-06 2.45e-06 2.35e-06 2.8e-06 2.3e-06 2.05e-06 2e-06 2.05e-06 2.35e-06 2.05e-06 2e-06 2e-06 2.45e-06 1.95e-06 1.9e-06 1.9e-06 1.75e-06 1.7e-06 2.7e-06 1.65e-06 2.6e-06 2.15e-06 2.9e-06 2.6e-06 2.35e-06 2.55e-06 1.9e-06 2.85e-06 2.7e-06 2.5e-06 2.4e-06 2.9e-06 2.7e-06 2e-06 2.4e-06 2.25e-06 2.6e-06 2.2e-06 2.2e-06 2.25e-06 2.95e-06 1.6e-06 2.1e-06 2.35e-06 2.4e-06 1.8e-06 2.4e-06 2.8e-06 1.9e-06 2.1e-06 3.05e-06 1.95e-06
33 3.3e-06 2.35e-06 2.85e-06 2.55e-06 2.85e-06 2.3e-06 2.9e-06 3.25e-06 3.1e-06 3.1e-06 2.4e-06 2.95e-06 3.2e-06 2.9e-06 2.7e-06 2.85e-06 2.9e-06 2.95e-06 3.3e-06 3.3e-06 2.6e-06 3.15e-06 2.35e-06 2.75e-06 2.25e-06 2.45e-06 2.85e-06 2.65e-06 3.45e-06 2.4e-06 2.7e-06 2.7e-06 2.9e-06 4.4e-06 2.8e-06 3.05e-06 2.9e-06 3.05e-06 2.25e-06 2.85e-06 3e-06 3.1e-06 2.45e-06 3.1e-06 3e-06 2.6e-06 2.7e-06 3.3e-06 2.65e-06 2.3e-06 2.45e-06 2.85e-06 2.45e-06 3.45e-06
34 2.35e-06 2.55e-06 2.2e-06 2.35e-06 2.4e-06 1.8e-06 3.35e-06 3.1e-06 1.85e-06 3.1e-06 2.45e-06 2.7e-06 2.35e-06 2.65e-06 3.2e-06 2.8e-06 2.85e-06 2.95e-06 2.9e-06 2.9e-06 2.35e-06 2.9e-06 1.95e-06 3.2e-06 2.65e-06 1.95e-06 2.5e-06 1.35e-06 2.65e-06 1.65e-06 3.1e-06 2.7e-06 2.7e-06 2.8e-06 2.7e-06 2.5e-06 2.45e-06 2.35e-06 3.1e-06 3.75e-06 2.35e-06 3.65e-06 4e-06 2.85e-06 2.8e-06 2.65e-06 3.2e-06 2.4e-06 3.4e-06 1.8e-06 2.6e-06 2.4e-06 2.7e-06 2.2e-06
35 1.7e-06 3.05e-06 1.95e-06 2.6e-06 1.95e-06 2.8e-06 2.05e-06 2.15e-06 1.6e-06 2.25e-06 2.55e-06 2.45e-06 1.35e-06 2.4e-06 1.95e-06 2.55e-06 2.6e-06 2.1e-06 1.75e-06 1.55e-06 2.45e-06 1.55e-06 2.55e-06 2.55e-06 3e-06 2.55e-06 2.7e-06 2.35e-06 1.6e-06 2.75e-06 2.8e-06 2.3e-06 2e-06 3.05e-06 2.5e-06 1.5e-06 2.7e-06 2.55e-06 2.95e-06 2.85e-06 2e-06 2.9e-06 3.15e-06 1.55e-06 1.65e-06 2.5e-06 1.95e-06 2.2e-06 2.25e-06 2.8e-06 2.15e-06 2.4e-06 3.15e-06 2.25e-06
36 2.9e-06 2.9e-06 2.7e-06 2.8e-06 2.7e-06 2.2e-06 3.2e-06 3.1e-06 2.7e-06 2.65e-06 2.65e-06 2.45e-06 2.7e-06 2.4e-06 3.35e-06 2.35e-06 2.4e-06 2.5e-06 2.6e-06 2.6e-06 2.55e-06 2.3e-06 2.3e-06 3.25e-06 2.8e-06 2.4e-06 2.2e-06 2.3e-06 3.05e-06 2.05e-06 3.55e-06 2.95e-06 2.4e-06 2.9e-06 2.45e-06 2.7e-06 3.8e-06 2.85e-06 3.1e-06 2.85e-06 3e-06 3.2e-06 3.9e-06 2.25e-06 2.9e-06 3.2e-06 3.35e-06 2.55e-06 3.15e-06 2.2e-06 2.75e-06 2.7e-06 3.3e-06 2.7e-06
37 1.85e-06 2.95e-06 2.35e-06 1.95e-06 2.2e-06 2.35e-06 2.8e-06 2.35e-06 2.15e-06 2.75e-06 2.2e-06 2.55e-06 2.5e-06 2.5e-06 2.9e-06 2.5e-06 2.55e-06 2.6e-06 2.6e-06 2.7e-06 2.7e-06 2.7e-06 2.4e-06 2.5e-06 2.95e-06 2.1e-06 2.5e-06 2.2e-06 2.1e-06 2.35e-06 2.9e-06 2.5e-06 2.25e-06 3.05e-06 2.35e-06 2.55e-06 2.85e-06 3.2e-06 2.7e-06 3.2e-06 2.35e-06 2.95e-06 3.3e-06 2.65e-06 2.6e-06 2.55e-06 2.9e-06 2.45e-06 3.05e-06 2.35e-06 2.05e-06 1.95e-06 2.55e-06 2.35e-06
38 3.15e-06 2.3e-06 2.8e-06 2.2e-06 2.45e-06 2.1e-06 1.8e-06 2.6e-06 3.05e-06 2.9e-06 1.8e-06 2.7e-06 3.3e-06 2.65e-06 2.1e-06 2.1e-06 2.15e-06 2.75e-06 3e-06 3.1e-06 2.45e-06 2.95e-06 2.75e-06 2.15e-06 2.1e-06 2.35e-06 3.15e-06 2.95e-06 3.3e-06 2.8e-06 2.05e-06 2.05e-06 2.6e-06 2.25e-06 3.1e-06 2.95e-06 3.1e-06 2.7e-06 2.2e-06 2.1e-06 2.35e-06 2.65e-06 1.6e-06 2.9e-06 2.5e-06 1.95e-06 2.15e-06 3.05e-06 1.9e-06 2.1e-06 2.2e-06 2.2e-06 2.25e-06 3.5e-06
39 2.95e-06 3e-06 3.2e-06 3.15e-06 3.05e-06 3.3e-06 2.4e-06 2.65e-06 3.15e-06 2.65e-06 2.75e-06 2.65e-06 3.1e-06 2.6e-06 2.4e-06 2.3e-06 2.35e-06 2.5e-06 2.5e-06 2.6e-06 3.2e-06 2.3e-06 3.4e-06 2.2e-06 2.8e-06 3.25e-06 3.1e-06 3.6e-06 3.05e-06 3.65e-06 2.5e-06 2.85e-06 2.2e-06 2.85e-06 3.75e-06 2.85e-06 2.85e-06 3.2e-06 2.1e-06 3.2e-06 2.85e-06 2.35e-06 2.1e-06 2.25e-06 2.7e-06 2.4e-06 2.4e-06 2.7e-06 2.05e-06 3.3e-06 2.6e-06 2.75e-06 3.25e-06 3.15e-06
40 1.95e-06 3e-06 2.2e-06 2.35e-06 2.25e-06 2.5e-06 1.45e-06 1.95e-06 1.8e-06 2.65e-06 2.2e-06 2.55e-06 2.15e-06 2.5e-06 2.35e-06 2.4e-06 2.45e-06 2.5e-06 2.2e-06 2.4e-06 2.25e-06 2.45e-06 2.7e-06 2.45e-06 2.9e-06 2.4e-06 3.05e-06 2.25e-06 2.15e-06 2.85e-06 2.5e-06 1.9e-06 2.2e-06 3e-06 2.35e-06 2e-06 3e-06 2.35e-06 2.35e-06 2.85e-06 2.9e-06 3.05e-06 3.05e-06 2.4e-06 1.75e-06 2.1e-06 2.35e-06 2.2e-06 2.4e-06 2.5e-06 2.15e-06 2.1e-06 2.9e-06 2.3e-06
41 2.85e-06 3.1e-06 3.05e-06 2.85e-06 2.9e-06 3.5e-06 2.9e-06 2.8e-06 3.05e-06 2.5e-06 2.9e-06 2.65e-06 3e-06 2.6e-06 2.7e-06 2.65e-06 2.7e-06 2.5e-06 2.65e-06 2.7e-06 3.4e-06 2.4e-06 3.25e-06 2.45e-06 3.05e-06 3e-06 2.8e-06 3.5e-06 3e-06 3.45e-06 2.75e-06 3e-06 2.25e-06 3.1e-06 3.65e-06 2.9e-06 3.2e-06 2.95e-06 2.65e-06 2.35e-06 3.05e-06 4e-06 2.2e-06 2.35e-06 2.9e-06 2.65e-06 2.7e-06 2.65e-06 2.5e-06 3.5e-06 2.4e-06 2.95e-06 3.05e-06 3.05e-06
42 3.45e-06 2.5e-06 3.2e-06 2.65e-06 3e-06 3.4e-06 2.45e-06 3.05e-06 3.6e-06 3.15e-06 2.55e-06 3.15e-06 3.65e-06 3.1e-06 1.95e-06 3.1e-06 3.15e-06 3e-06 3.45e-06 3.45e-06 3.3e-06 3.25e-06 3.25e-06 2e-06 2.35e-06 3.05e-06 3.6e-06 3.85e-06 3.55e-06 3.8e-06 1.9e-06 2.6e-06 2.95e-06 2.45e-06 4e-06 3.15e-06 3.9e-06 3.3e-06 1.6e-06 2.1e-06 3.05e-06 2.2e-06 1.1e-06 3.2e-06 3e-06 2.05e-06 2e-06 3.65e-06 1.85e-06 3.4e-06 2.2e-06 3.1e-06 2.2e-06 4e-06
43 2.05e-06 3.1e-06 2.3e-06 2.8e-06 2.15e-06 2.9e-06 2.35e-06 2.3e-06 2.05e-06 1.9e-06 2.65e-06 1.9e-06 1.75e-06 1.95e-06 2.55e-06 1.85e-06 2e-06 1.7e-06 1.65e-06 1.6e-06 2.7e-06 1e-06 2.75e-06 2.55e-06 3.05e-06 2.6e-06 2.15e-06 2.7e-06 2.15e-06 2.75e-06 3e-06 2.6e-06 1.6e-06 3.1e-06 2.85e-06 1.55e-06 2.25e-06 2.65e-06 2.9e-06 2.25e-06 2.4e-06 2.35e-06 3.2e-06 1.9e-06 2e-06 2.7e-06 2.55e-06 1.85e-06 2.25e-06 2.9e-06 2.3e-06 2.45e-06 3.5e-06 2.15e-06
44 2e-06 3e-06 1.95e-06 2.55e-06 2.15e-06 2.7e-06 1.2e-06 1.9e-06 1.75e-06 2.4e-06 2.4e-06 2.6e-06 1.3e-06 2.55e-06 2.2e-06 2.45e-06 2.5e-06 2.25e-06 1.95e-06 2.15e-06 2.15e-06 2.05e-06 2.75e-06 2.5e-06 2.9e-06 2.55e-06 2.9e-06 2.65e-06 2.05e-06 2.85e-06 2.7e-06 1.95e-06 2.1e-06 3e-06 2.8e-06 1.65e-06 2.9e-06 2.6e-06 2.5e-06 2.7e-06 1.75e-06 2.9e-06 3e-06 2e-06 2.4e-06 2.45e-06 2.25e-06 2.5e-06 2.05e-06 2.7e-06 2.2e-06 2.35e-06 3.05e-06 2.5e-06
45 2.25e-06 2.6e-06 2.55e-06 2.55e-06 2.6e-06 2.75e-06 2.4e-06 2.5e-06 2.15e-06 2.95e-06 2.4e-06 2.75e-06 2.6e-06 2.7e-06 2.1e-06 2.6e-06 2.65e-06 2.8e-06 2.65e-06 2.75e-06 2.85e-06 2.75e-06 2.9e-06 2e-06 2.5e-06 2.65e-06 3.25e-06 2.5e-06 2.5e-06 3.1e-06 1.9e-06 2.45e-06 2.35e-06 2.6e-06 2.65e-06 2.5e-06 3.2e-06 2.55e-06 1.95e-06 2.4e-06 2.1e-06 2.65e-06 2.05e-06 2.7e-06 2.45e-06 3.4e-06 2.1e-06 2.45e-06 2.15e-06 2.75e-06 2.3e-06 2.3e-06 2.5e-06 2.55e-06
46 2.4e-06 2.75e-06 2.65e-06 2.75e-06 2.7e-06 3.1e-06 2.1e-06 2.45e-06 2.5e-06 2.8e-06 2.55e-06 2.9e-06 2.5e-06 2.85e-06 1.7e-06 2.8e-06 2.85e-06 2.65e-06 2.45e-06 2.35e-06 2.85e-06 2.6e-06 3e-06 2.1e-06 2.65e-06 3e-06 3.4e-06 3.05e-06 2.35e-06 3.45e-06 2.2e-06 2.45e-06 2.4e-06 2.7e-06 3.2e-06 1.95e-06 3.35e-06 2.9e-06 2.15e-06 2.4e-06 2.35e-06 2.7e-06 2e-06 2.55e-06 2.25e-06 2.1e-06 3.4e-06 2.85e-06 2.05e-06 3.1e-06 2.25e-06 2.6e-06 2.7e-06 3e-06
47 1.9e-06 3.3e-06 2.55e-06 2.9e-06 2.55e-06 2.9e-06 2.9e-06 2.35e-06 1.85e-06 2.4e-06 2.8e-06 2.3e-06 2.2e-06 2.25e-06 2.9e-06 2.2e-06 2.25e-06 2.35e-06 2e-06 2.05e-06 3e-06 1.9e-06 2.95e-06 2.6e-06 3.25e-06 2.75e-06 2.6e-06 2.3e-06 2.1e-06 2.9e-06 2.9e-06 2.9e-06 1.8e-06 3.3e-06 2.4e-06 2.2e-06 2.55e-06 2.45e-06 3.05e-06 2.7e-06 2.2e-06 2.65e-06 3.65e-06 1.85e-06 2.5e-06 2.45e-06 2.85e-06 3e-06 2.85e-06 2.9e-06 2.6e-06 2.3e-06 3.5e-06 1.8e-06
48 2.7e-06 2.75e-06 2.6e-06 2.8e-06 2.45e-06 3e-06 1.85e-06 2.45e-06 2.6e-06 2.65e-06 2.5e-06 2.75e-06 2.35e-06 2.7e-06 2e-06 2.5e-06 2.55e-06 2.5e-06 2.45e-06 2.6e-06 2.75e-06 2.3e-06 3.1e-06 2.15e-06 2.55e-06 2.85e-06 3.15e-06 3.25e-06 2.85e-06 3.3e-06 2.2e-06 2.35e-06 2.4e-06 2.65e-06 3.4e-06 2.25e-06 3.15e-06 3.05e-06 1.9e-06 2.05e-06 2.4e-06 2.5e-06 1.85e-06 2.25e-06 2.05e-06 2.15e-06 2.05e-06 2.85e-06 2.9e-06 3e-06 2.35e-06 2.65e-06 2.85e-06 3.2e-06
49 3.1e-06 2.2e-06 2.3e-06 1.85e-06 2.1e-06 1e-06 2.6e-06 3.05e-06 2.6e-06 2.9e-06 1.7e-06 2.5e-06 2.9e-06 2.45e-06 3.05e-06 2.15e-06 2.2e-06 2.75e-06 3.1e-06 3.1e-06 1.8e-06 2.95e-06 1.65e-06 3.2e-06 2.1e-06 1.5e-06 2.25e-06 1.65e-06 3.3e-06 1.2e-06 3.1e-06 2.15e-06 2.8e-06 2.3e-06 1.8e-06 2.8e-06 2.2e-06 2.35e-06 2.1e-06 3.3e-06 2.5e-06 3.5e-06 3.4e-06 2.9e-06 2.7e-06 2.75e-06 3.1e-06 2.9e-06 3e-06 2e-06 2.35e-06 2.15e-06 2.3e-06 3.05e-06
50 2.25e-06 2.45e-06 1.75e-06 1.05e-06 1.95e-06 2.35e-06 1.9e-06 2.25e-06 2.45e-06 1.8e-06 1.25e-06 1.8e-06 2.6e-06 1.75e-06 2.3e-06 2.4e-06 2.45e-06 1.65e-06 2.5e-06 2.5e-06 2.25e-06 2.35e-06 1.45e-06 2.2e-06 2.45e-06 1.5e-06 1.95e-06 2.45e-06 2.45e-06 2.4e-06 2.65e-06 1.4e-06 1.9e-06 2.45e-06 2.6e-06 2.15e-06 2.75e-06 2.05e-06 2.2e-06 2.6e-06 2.15e-06 2.4e-06 2.2e-06 2.3e-06 2.2e-06 2.3e-06 2.25e-06 2.6e-06 2.35e-06 2.35e-06 6e-07 2.15e-06 2e-06 2.75e-06
51 1.9e-06 2.85e-06 2.45e-06 2.2e-06 2.25e-06 2.15e-06 2.3e-06 2.15e-06 2.15e-06 2.7e-06 2e-06 2.5e-06 2.5e-06 2.45e-06 2.6e-06 2.1e-06 2.1e-06 2.55e-06 2.35e-06 2.5e-06 2.5e-06 2.5e-06 2.55e-06 2.2e-06 2.75e-06 2.3e-06 2.75e-06 2.25e-06 2.15e-06 2.5e-06 2.65e-06 2.35e-06 2.1e-06 2.85e-06 2.4e-06 2.4e-06 2.7e-06 1.95e-06 2.2e-06 2.75e-06 2.1e-06 2.95e-06 3.1e-06 2.45e-06 2.35e-06 2.3e-06 2.6e-06 2.3e-06 2.65e-06 2.15e-06 2.15e-06 3.2e-06 2.75e-06 2.4e-06
52 3.1e-06 2.3e-06 2.55e-06 1.85e-06 2.55e-06 2.3e-06 2.95e-06 3.25e-06 3e-06 3.15e-06 2.15e-06 2.95e-06 3.25e-06 2.9e-06 2.65e-06 3.15e-06 3.2e-06 3e-06 3.55e-06 3.55e-06 2.65e-06 3.55e-06 2.15e-06 2.7e-06 2.3e-06 2.1e-06 2.9e-06 2.55e-06 3.35e-06 2.4e-06 2.6e-06 2.4e-06 3.05e-06 2.45e-06 2.7e-06 3.15e-06 3.3e-06 2.55e-06 2.25e-06 3.25e-06 2.9e-06 3.05e-06 2.2e-06 3.5e-06 3.05e-06 2.5e-06 2.7e-06 3.5e-06 2.85e-06 2.3e-06 2e-06 2.75e-06 3.5e-06 3.45e-06
53 1.65e-06 3.4e-06 2.4e-06 3e-06 2.7e-06 3.05e-06 3.35e-06 2.6e-06 1.5e-06 2.85e-06 3.1e-06 2.6e-06 1.75e-06 2.6e-06 3.05e-06 2.65e-06 2.75e-06 2.65e-06 2.15e-06 2.25e-06 3.15e-06 2.2e-06 2.95e-06 2.7e-06 3.4e-06 2.85e-06 2.75e-06 2.1e-06 1.8e-06 2.85e-06 3e-06 3.2e-06 1.95e-06 3.45e-06 2.2e-06 2.25e-06 2.7e-06 2.35e-06 3.5e-06 3.15e-06 2.3e-06 3.05e-06 4e-06 2.15e-06 2.5e-06 2.55e-06 3e-06 1.8e-06 3.2e-06 3.05e-06 2.75e-06 2.4e-06 3.45e-06 2.5e-06
