 slim_762411867 slim_762411871 slim_762411856 slim_762411887 slim_762411888 slim_762411839 slim_762411869 slim_762411879 slim_762411835 slim_762411865 slim_762411863 slim_762411860 slim_762411837 slim_762411881 slim_762411875 slim_762411841 slim_762411843 slim_762411846 slim_762411886 slim_762411848 slim_762411891 slim_762411842 slim_762411862 slim_762411851 slim_762411854 slim_762411873 slim_762411882 slim_762411870 slim_762411844 slim_762411890 slim_762411847 slim_762411840 slim_762411849 slim_762411885 slim_762411853 slim_762411855 slim_762411878 slim_762411861 slim_762411864 slim_762411883 slim_762411889 slim_762411884 slim_762411872 slim_762411876 slim_762411859 slim_762411880 slim_762411877 slim_762411874 slim_762411836 slim_762411858 slim_762411857 slim_762411852 slim_762411868 slim_762411845 slim_762411838 slim_762411866 slim_762411892 slim_762411850
0 3.9e-06 3.6e-06 2.7e-06 2.8e-06 2.65e-06 3.15e-06 3.05e-06 4.45e-06 4.35e-06 4.4e-06 4.2e-06 3.8e-06 4.6e-06 4.5e-06 4.85e-06 4.2e-06 4.05e-06 4.1e-06 2.95e-06 4.65e-06 4.25e-06 3.65e-06 3.05e-06 3.6e-06 4.2e-06 2.5e-06 3.5e-06 3.7e-06 3.15e-06 4.35e-06 4.15e-06 3.55e-06 3.75e-06 3.75e-06 3.9e-06 3.1e-06 4.3e-06 3.75e-06 4.7e-06 3.75e-06 3.5e-06 4.85e-06 4.45e-06 4.5e-06 3.15e-06 2.6e-06 3.25e-06 3e-06 5.15e-06 3.15e-06 3.55e-06 4.2e-06 3.2e-06 4.25e-06 3.8e-06 2.5e-06 3.25e-06 4.35e-06
1 3.6e-06 6.1e-06 3.8e-06 4.45e-06 4.4e-06 3.75e-06 4.25e-06 4.2e-06 4.45e-06 4.55e-06 4.2e-06 4.35e-06 3.6e-06 4.6e-06 3.75e-06 4.65e-06 4.4e-06 4.25e-06 3.8e-06 4.6e-06 4.45e-06 4.2e-06 4.15e-06 4.65e-06 4.25e-06 3.65e-06 4.55e-06 4.6e-06 3.75e-06 4.65e-06 4.15e-06 4.75e-06 4.4e-06 4.4e-06 4.5e-06 3.65e-06 4.35e-06 4.4e-06 4.55e-06 4.35e-06 3.85e-06 3.95e-06 4.8e-06 3.8e-06 4.3e-06 3.8e-06 3.65e-06 4e-06 4e-06 4.3e-06 3.1e-06 4.4e-06 3.8e-06 4.3e-06 4.5e-06 3.65e-06 3.85e-06 4.4e-06
2 2.7e-06 3.8e-06 5.1e-06 3e-06 3.1e-06 3.3e-06 3.35e-06 4.35e-06 4.05e-06 4.05e-06 4e-06 3.3e-06 4.4e-06 4.2e-06 4.6e-06 3.85e-06 3.75e-06 3.85e-06 3.1e-06 4.3e-06 4e-06 3.55e-06 3.4e-06 3.4e-06 3.95e-06 2.8e-06 2.9e-06 3.9e-06 3.3e-06 4e-06 3.95e-06 3.35e-06 3.65e-06 3.65e-06 3.35e-06 3.25e-06 4.05e-06 3.65e-06 4.4e-06 3.35e-06 3.65e-06 4.65e-06 4.05e-06 4.25e-06 3.45e-06 2.9e-06 3.1e-06 3.35e-06 4.85e-06 3.45e-06 3.7e-06 3.9e-06 3.3e-06 4e-06 3.65e-06 2.8e-06 3.4e-06 4.1e-06
3 2.8e-06 4.45e-06 3e-06 2e-06 1.3e-06 3.7e-06 1.8e-06 3.05e-06 2.8e-06 2.5e-06 3.15e-06 2.25e-06 3.6e-06 2.95e-06 3.8e-06 2.35e-06 2.5e-06 2.8e-06 3.5e-06 2.75e-06 2.8e-06 2.25e-06 2.05e-06 1.65e-06 2.9e-06 2.95e-06 1.4e-06 2.1e-06 3.7e-06 2.6e-06 3.1e-06 1.7e-06 2.35e-06 2.35e-06 2.1e-06 3.9e-06 3e-06 2.35e-06 3.05e-06 1.85e-06 4.05e-06 3.8e-06 2.25e-06 3.25e-06 1.9e-06 3.05e-06 1.95e-06 2e-06 3.55e-06 1.9e-06 4.4e-06 2.65e-06 3.75e-06 2.95e-06 2.15e-06 2.95e-06 3.8e-06 3.05e-06
4 2.65e-06 4.4e-06 3.1e-06 1.3e-06 1.5e-06 3.7e-06 1.7e-06 2.7e-06 2.85e-06 2.8e-06 2.9e-06 2.25e-06 3.45e-06 3e-06 3.8e-06 2.6e-06 2.55e-06 2.7e-06 3.5e-06 3.05e-06 2.8e-06 1.85e-06 1.8e-06 1.55e-06 2.8e-06 2.8e-06 1.75e-06 2.25e-06 3.7e-06 2.75e-06 2.85e-06 1.65e-06 1.85e-06 1.85e-06 2.25e-06 3.75e-06 2.9e-06 1.85e-06 3.2e-06 1.9e-06 4.05e-06 3.65e-06 2.75e-06 3.25e-06 1.8e-06 2.65e-06 1.85e-06 1.85e-06 3.8e-06 1.8e-06 4.35e-06 2.7e-06 3.75e-06 2.85e-06 1.8e-06 2.8e-06 3.8e-06 2.95e-06
5 3.15e-06 3.75e-06 3.3e-06 3.7e-06 3.7e-06 5.7e-06 3.2e-06 4.45e-06 2.9e-06 4.05e-06 4e-06 3.85e-06 4.2e-06 3.05e-06 4.1e-06 3.6e-06 3e-06 3.55e-06 3e-06 4e-06 3.1e-06 3.9e-06 3.7e-06 4e-06 3.35e-06 3.2e-06 3.85e-06 4.35e-06 2.9e-06 3.55e-06 3.95e-06 3.95e-06 3.95e-06 3.95e-06 3.3e-06 3.45e-06 3.45e-06 3.95e-06 4.55e-06 3.95e-06 3.15e-06 4.45e-06 4.6e-06 3.8e-06 3.15e-06 3.35e-06 3.45e-06 3.7e-06 4.8e-06 3.15e-06 3.7e-06 3e-06 2.9e-06 3.4e-06 3.35e-06 3.2e-06 3e-06 3.55e-06
6 3.05e-06 4.25e-06 3.35e-06 1.8e-06 1.7e-06 3.2e-06 2.8e-06 3e-06 1.75e-06 2.55e-06 3.05e-06 2.5e-06 3.3e-06 1.9e-06 3.25e-06 2.2e-06 1.85e-06 2.5e-06 3.35e-06 2.45e-06 2e-06 2.45e-06 2.2e-06 2.2e-06 2.3e-06 3.2e-06 2.15e-06 2.55e-06 3.25e-06 2.15e-06 3e-06 2.1e-06 2.5e-06 2.5e-06 1.85e-06 3.9e-06 2.4e-06 2.5e-06 3.25e-06 2.15e-06 3.5e-06 3.5e-06 2.95e-06 2.8e-06 1.55e-06 3.3e-06 2.15e-06 2.2e-06 3.55e-06 1.55e-06 4.2e-06 1.5e-06 3.25e-06 2.35e-06 1.8e-06 3.2e-06 3.35e-06 2.5e-06
7 4.45e-06 4.2e-06 4.35e-06 3.05e-06 2.7e-06 4.45e-06 3e-06 4.3e-06 3.05e-06 3e-06 2.4e-06 2.6e-06 2.35e-06 3.2e-06 2.7e-06 3.1e-06 3e-06 2.65e-06 4.5e-06 3.05e-06 3e-06 2.2e-06 2.7e-06 2.65e-06 2.65e-06 4.1e-06 2.75e-06 3.2e-06 4.45e-06 3.1e-06 2.35e-06 2.95e-06 2.35e-06 2.35e-06 2.95e-06 4.15e-06 2.75e-06 2.35e-06 2.8e-06 2.6e-06 4.55e-06 2.2e-06 3e-06 2.75e-06 3.05e-06 4.05e-06 2.45e-06 2.6e-06 2.8e-06 3.05e-06 4.15e-06 3e-06 4.5e-06 2.7e-06 2.65e-06 4.1e-06 4.55e-06 2.8e-06
8 4.35e-06 4.45e-06 4.05e-06 2.8e-06 2.85e-06 2.9e-06 1.75e-06 3.05e-06 2e-07 2.3e-06 2.85e-06 2.6e-06 2.9e-06 2.5e-07 2.45e-06 1.5e-06 5.5e-07 1.85e-06 3.3e-06 1.95e-06 6.5e-07 2.75e-06 2.9e-06 2.7e-06 1.4e-06 3.95e-06 2.6e-06 3.3e-06 2.9e-06 1.3e-06 2.8e-06 2.6e-06 2.75e-06 2.75e-06 1.25e-06 4.3e-06 1.5e-06 2.75e-06 3.15e-06 2.45e-06 3.05e-06 3.1e-06 3.2e-06 2e-06 1.55e-06 4.15e-06 2.4e-06 2.95e-06 3.25e-06 1.55e-06 4.4e-06 5e-07 2.95e-06 1.45e-06 1.35e-06 3.95e-06 3e-06 1.55e-06
9 4.4e-06 4.55e-06 4.05e-06 2.5e-06 2.8e-06 4.05e-06 2.55e-06 3e-06 2.3e-06 3.7e-06 3.2e-06 2.7e-06 3.1e-06 2.45e-06 3.25e-06 2.15e-06 2.35e-06 2.65e-06 4.15e-06 2e-06 2.35e-06 2.85e-06 3.05e-06 2.2e-06 2.65e-06 4.05e-06 2.15e-06 2.45e-06 4.1e-06 2.25e-06 3.15e-06 2.6e-06 2.9e-06 2.9e-06 2.25e-06 4.55e-06 2.75e-06 2.9e-06 2.55e-06 2.15e-06 4.2e-06 3.25e-06 2.05e-06 2.75e-06 2.6e-06 4.2e-06 2.55e-06 3.05e-06 2.5e-06 2.6e-06 4.5e-06 2.25e-06 4.1e-06 2.7e-06 2.4e-06 4.05e-06 4.2e-06 2.85e-06
10 4.2e-06 4.2e-06 4e-06 3.15e-06 2.9e-06 4e-06 3.05e-06 2.4e-06 2.85e-06 3.2e-06 3e-07 1.45e-06 1.6e-06 3e-06 2.4e-06 3e-06 2.55e-06 1.4e-06 3.8e-06 3.55e-06 2.5e-06 1.6e-06 1.75e-06 2.75e-06 1.5e-06 3.8e-06 2.5e-06 3.85e-06 4e-06 3.15e-06 2.5e-07 3e-06 1.3e-06 1.3e-06 2.85e-06 2.75e-06 1.5e-06 1.35e-06 2.2e-06 3.2e-06 4.35e-06 1.25e-06 3.3e-06 2.7e-06 3.05e-06 3.8e-06 2.05e-06 2e-06 3.7e-06 3.05e-06 4.15e-06 2.9e-06 4.05e-06 1.55e-06 2.65e-06 3.8e-06 4.1e-06 1.55e-06
11 3.8e-06 4.35e-06 3.3e-06 2.25e-06 2.25e-06 3.85e-06 2.5e-06 2.6e-06 2.6e-06 2.7e-06 1.45e-06 2.8e-06 2.4e-06 2.75e-06 2.9e-06 2.5e-06 2.3e-06 1.9e-06 3.65e-06 3e-06 2.45e-06 1.8e-06 2e-06 2.1e-06 2e-06 3.45e-06 1.55e-06 3.1e-06 3.85e-06 2.65e-06 1.5e-06 2.15e-06 1.65e-06 1.65e-06 2.05e-06 3.35e-06 2e-06 1.7e-06 2.45e-06 2.2e-06 4.2e-06 2.35e-06 2.65e-06 2.75e-06 2.55e-06 3.5e-06 1.85e-06 2.1e-06 3.5e-06 2.55e-06 4.3e-06 2.55e-06 3.9e-06 2.05e-06 2.25e-06 3.45e-06 3.95e-06 2.05e-06
12 4.6e-06 3.6e-06 4.4e-06 3.6e-06 3.45e-06 4.2e-06 3.3e-06 2.35e-06 2.9e-06 3.1e-06 1.6e-06 2.4e-06 3e-06 3.05e-06 1.95e-06 3.2e-06 2.85e-06 2.2e-06 4.25e-06 3.2e-06 2.8e-06 2.35e-06 2.65e-06 3.25e-06 2.2e-06 4.2e-06 3.1e-06 3.7e-06 4.2e-06 3.2e-06 1.6e-06 3.45e-06 2.35e-06 2.35e-06 3.1e-06 3.6e-06 2.25e-06 2.35e-06 2.55e-06 3.1e-06 4.3e-06 1.55e-06 3.3e-06 2.2e-06 3.3e-06 4.3e-06 2.3e-06 2.65e-06 2.55e-06 3.3e-06 3.55e-06 2.95e-06 4.25e-06 2.25e-06 3e-06 4.2e-06 4.3e-06 2.3e-06
13 4.5e-06 4.6e-06 4.2e-06 2.95e-06 3e-06 3.05e-06 1.9e-06 3.2e-06 2.5e-07 2.45e-06 3e-06 2.75e-06 3.05e-06 5e-07 2.6e-06 1.65e-06 7e-07 2e-06 3.45e-06 2.1e-06 8e-07 2.9e-06 3.05e-06 2.85e-06 1.55e-06 4.1e-06 2.75e-06 3.45e-06 3.05e-06 1.45e-06 2.95e-06 2.75e-06 2.9e-06 2.9e-06 1.4e-06 4.45e-06 1.65e-06 2.9e-06 3.3e-06 2.6e-06 3.2e-06 3.25e-06 3.35e-06 2.15e-06 1.7e-06 4.3e-06 2.55e-06 3.1e-06 3.4e-06 1.7e-06 4.55e-06 6.5e-07 3.1e-06 1.6e-06 1.5e-06 4.1e-06 3.15e-06 1.7e-06
14 4.85e-06 3.75e-06 4.6e-06 3.8e-06 3.8e-06 4.1e-06 3.25e-06 2.7e-06 2.45e-06 3.25e-06 2.4e-06 2.9e-06 1.95e-06 2.6e-06 3.1e-06 3.1e-06 2.6e-06 2.55e-06 4.35e-06 3.05e-06 2.6e-06 2.85e-06 3.15e-06 3.6e-06 2.35e-06 4.5e-06 3.45e-06 3.9e-06 4.1e-06 3e-06 2.35e-06 3.55e-06 3e-06 3e-06 2.95e-06 4.1e-06 2.45e-06 3e-06 3.05e-06 3.15e-06 4.2e-06 2.05e-06 3.65e-06 2.25e-06 3.2e-06 4.65e-06 2.55e-06 3.05e-06 2.65e-06 3.2e-06 3.7e-06 2.55e-06 4.15e-06 2.4e-06 3e-06 4.5e-06 4.2e-06 2.5e-06
15 4.2e-06 4.65e-06 3.85e-06 2.35e-06 2.6e-06 3.6e-06 2.2e-06 3.1e-06 1.5e-06 2.15e-06 3e-06 2.5e-06 3.2e-06 1.65e-06 3.1e-06 2.9e-06 1.65e-06 2.45e-06 3.75e-06 2e-06 1.65e-06 2.65e-06 2.85e-06 1.85e-06 2.2e-06 3.85e-06 1.95e-06 2.65e-06 3.55e-06 1.6e-06 2.95e-06 2.45e-06 2.7e-06 2.7e-06 1.8e-06 4.35e-06 2.3e-06 2.7e-06 2.7e-06 2.3e-06 3.8e-06 3.35e-06 2.2e-06 2.7e-06 2.15e-06 4e-06 2.35e-06 2.85e-06 2.95e-06 2.15e-06 4.6e-06 1.65e-06 3.65e-06 2.25e-06 1.95e-06 3.85e-06 3.65e-06 2.3e-06
16 4.05e-06 4.4e-06 3.75e-06 2.5e-06 2.55e-06 3e-06 1.85e-06 3e-06 5.5e-07 2.35e-06 2.55e-06 2.3e-06 2.85e-06 7e-07 2.6e-06 1.65e-06 1e-06 1.7e-06 3.05e-06 2.3e-06 9e-07 2.45e-06 2.6e-06 2.5e-06 1.5e-06 3.65e-06 2.3e-06 3.25e-06 2.95e-06 1.65e-06 2.5e-06 2.3e-06 2.45e-06 2.45e-06 1.35e-06 4e-06 1.6e-06 2.45e-06 3.1e-06 2.35e-06 3.2e-06 3.05e-06 3.15e-06 2e-06 1.65e-06 3.85e-06 2.1e-06 2.65e-06 3.45e-06 1.65e-06 4.35e-06 9.5e-07 3.05e-06 1.55e-06 1.45e-06 3.65e-06 3.05e-06 1.6e-06
17 4.1e-06 4.25e-06 3.85e-06 2.8e-06 2.7e-06 3.55e-06 2.5e-06 2.65e-06 1.85e-06 2.65e-06 1.4e-06 1.9e-06 2.2e-06 2e-06 2.55e-06 2.45e-06 1.7e-06 2.5e-06 3.45e-06 2.95e-06 1.8e-06 2e-06 2.15e-06 2.65e-06 1.55e-06 3.7e-06 2.4e-06 3.5e-06 3.55e-06 2.4e-06 1.35e-06 2.6e-06 1.9e-06 1.9e-06 2.15e-06 3.35e-06 1.65e-06 1.9e-06 2.65e-06 2.7e-06 3.75e-06 2.1e-06 3.2e-06 2.25e-06 2.4e-06 3.8e-06 2.05e-06 2.3e-06 3.5e-06 2.4e-06 4.2e-06 2.05e-06 3.6e-06 1.6e-06 2.1e-06 3.7e-06 3.65e-06 1.7e-06
18 2.95e-06 3.8e-06 3.1e-06 3.5e-06 3.5e-06 3e-06 3.35e-06 4.5e-06 3.3e-06 4.15e-06 3.8e-06 3.65e-06 4.25e-06 3.45e-06 4.35e-06 3.75e-06 3.05e-06 3.45e-06 5.3e-06 4.4e-06 3.2e-06 3.7e-06 3.5e-06 3.9e-06 3.5e-06 3e-06 3.65e-06 4.4e-06 2.95e-06 3.95e-06 3.75e-06 3.75e-06 3.75e-06 3.75e-06 3.45e-06 3.25e-06 3.6e-06 3.75e-06 4.6e-06 3.95e-06 3.2e-06 4.5e-06 4.65e-06 3.85e-06 3.3e-06 3.15e-06 3.25e-06 3.5e-06 5.1e-06 3.3e-06 3.75e-06 3.4e-06 3.05e-06 3.55e-06 3.5e-06 3e-06 2.95e-06 3.55e-06
19 4.65e-06 4.6e-06 4.3e-06 2.75e-06 3.05e-06 4e-06 2.45e-06 3.05e-06 1.95e-06 2e-06 3.55e-06 3e-06 3.2e-06 2.1e-06 3.05e-06 2e-06 2.3e-06 2.95e-06 4.4e-06 3.2e-06 2.25e-06 3.15e-06 3.35e-06 2.35e-06 2.65e-06 4.35e-06 2.4e-06 2.5e-06 4.05e-06 1.9e-06 3.5e-06 2.8e-06 3.2e-06 3.2e-06 2.2e-06 4.85e-06 2.75e-06 3.2e-06 2.6e-06 2.2e-06 4.05e-06 3.35e-06 2.05e-06 2.8e-06 2.55e-06 4.45e-06 2.8e-06 3.35e-06 2.3e-06 2.55e-06 4.55e-06 1.8e-06 4.05e-06 2.7e-06 2.35e-06 4.35e-06 4.15e-06 2.85e-06
20 4.25e-06 4.45e-06 4e-06 2.8e-06 2.8e-06 3.1e-06 2e-06 3e-06 6.5e-07 2.35e-06 2.5e-06 2.45e-06 2.8e-06 8e-07 2.6e-06 1.65e-06 9e-07 1.8e-06 3.2e-06 2.25e-06 1.3e-06 2.55e-06 2.7e-06 2.55e-06 1.5e-06 3.85e-06 2.45e-06 3.3e-06 3.1e-06 1.65e-06 2.45e-06 2.65e-06 2.55e-06 2.55e-06 1.55e-06 4.05e-06 1.6e-06 2.55e-06 3e-06 2.6e-06 3.25e-06 2.9e-06 3.05e-06 2.15e-06 1.8e-06 4.05e-06 2.3e-06 2.75e-06 3.35e-06 1.8e-06 4.4e-06 1e-06 3.15e-06 1.55e-06 1.6e-06 3.85e-06 3.1e-06 1.6e-06
21 3.65e-06 4.2e-06 3.55e-06 2.25e-06 1.85e-06 3.9e-06 2.45e-06 2.2e-06 2.75e-06 2.85e-06 1.6e-06 1.8e-06 2.35e-06 2.9e-06 2.85e-06 2.65e-06 2.45e-06 2e-06 3.7e-06 3.15e-06 2.55e-06 2.7e-06 1.9e-06 1.95e-06 2.1e-06 3.3e-06 1.95e-06 3.05e-06 3.9e-06 2.8e-06 1.55e-06 2.15e-06 1.5e-06 1.5e-06 2.4e-06 3.35e-06 2.2e-06 1.5e-06 2.65e-06 2.35e-06 4.25e-06 2.2e-06 2.85e-06 2.75e-06 2.5e-06 3.2e-06 1.65e-06 1.8e-06 3.45e-06 2.5e-06 4.15e-06 2.7e-06 3.95e-06 2.15e-06 2.05e-06 3.3e-06 4e-06 2.25e-06
22 3.05e-06 4.15e-06 3.4e-06 2.05e-06 1.8e-06 3.7e-06 2.2e-06 2.7e-06 2.9e-06 3.05e-06 1.75e-06 2e-06 2.65e-06 3.05e-06 3.15e-06 2.85e-06 2.6e-06 2.15e-06 3.5e-06 3.35e-06 2.7e-06 1.9e-06 3.2e-06 2.3e-06 2.25e-06 3.15e-06 2.2e-06 2.9e-06 3.7e-06 3e-06 1.7e-06 2.4e-06 1.85e-06 1.85e-06 2.6e-06 3.15e-06 2.35e-06 1.85e-06 2.85e-06 2.6e-06 4.05e-06 2.55e-06 3.1e-06 3.05e-06 2.25e-06 3.2e-06 2e-06 1.75e-06 3.8e-06 2.25e-06 4.1e-06 2.85e-06 3.75e-06 2.3e-06 2.4e-06 3.15e-06 3.8e-06 2.4e-06
23 3.6e-06 4.65e-06 3.4e-06 1.65e-06 1.55e-06 4e-06 2.2e-06 2.65e-06 2.7e-06 2.2e-06 2.75e-06 2.1e-06 3.25e-06 2.85e-06 3.6e-06 1.85e-06 2.5e-06 2.65e-06 3.9e-06 2.35e-06 2.55e-06 1.95e-06 2.3e-06 2e-06 2.65e-06 3.3e-06 1.35e-06 2.15e-06 4e-06 2.15e-06 2.7e-06 1.8e-06 1.95e-06 1.95e-06 2.1e-06 4.05e-06 2.75e-06 1.95e-06 2.5e-06 1.85e-06 4.35e-06 3.4e-06 1.8e-06 3.15e-06 2.3e-06 3.2e-06 1.9e-06 2.35e-06 3.05e-06 2.3e-06 4.6e-06 2.55e-06 4.05e-06 2.7e-06 1.9e-06 3.3e-06 4.1e-06 2.8e-06
24 4.2e-06 4.25e-06 3.95e-06 2.9e-06 2.8e-06 3.35e-06 2.3e-06 2.65e-06 1.4e-06 2.65e-06 1.5e-06 2e-06 2.2e-06 1.55e-06 2.35e-06 2.2e-06 1.5e-06 1.55e-06 3.5e-06 2.65e-06 1.5e-06 2.1e-06 2.25e-06 2.65e-06 2.7e-06 3.8e-06 2.5e-06 3.5e-06 3.4e-06 2.15e-06 1.45e-06 2.75e-06 2e-06 2e-06 1.95e-06 3.45e-06 1.45e-06 2e-06 2.65e-06 2.75e-06 3.65e-06 2.1e-06 3.2e-06 2.3e-06 2.2e-06 3.9e-06 2.15e-06 2.4e-06 3.4e-06 2.2e-06 4.2e-06 1.6e-06 3.4e-06 1.4e-06 1.9e-06 3.8e-06 3.5e-06 1.55e-06
25 2.5e-06 3.65e-06 2.8e-06 2.95e-06 2.8e-06 3.2e-06 3.2e-06 4.1e-06 3.95e-06 4.05e-06 3.8e-06 3.45e-06 4.2e-06 4.1e-06 4.5e-06 3.85e-06 3.65e-06 3.7e-06 3e-06 4.35e-06 3.85e-06 3.3e-06 3.15e-06 3.3e-06 3.8e-06 4.9e-06 3.2e-06 3.75e-06 3.2e-06 4e-06 3.75e-06 3.25e-06 3.4e-06 3.4e-06 3.55e-06 3.15e-06 3.9e-06 3.4e-06 4.35e-06 3.45e-06 3.55e-06 4.45e-06 4.15e-06 4.1e-06 3.25e-06 2.7e-06 2.9e-06 3.1e-06 4.8e-06 3.25e-06 3.6e-06 3.9e-06 3.25e-06 3.85e-06 3.45e-06 2.5e-06 3.3e-06 3.95e-06
26 3.5e-06 4.55e-06 2.9e-06 1.4e-06 1.75e-06 3.85e-06 2.15e-06 2.75e-06 2.6e-06 2.15e-06 2.5e-06 1.55e-06 3.1e-06 2.75e-06 3.45e-06 1.95e-06 2.3e-06 2.4e-06 3.65e-06 2.4e-06 2.45e-06 1.95e-06 2.2e-06 1.35e-06 2.5e-06 3.2e-06 1.2e-06 2.25e-06 3.85e-06 2.2e-06 2.5e-06 1.55e-06 2e-06 2e-06 1.65e-06 3.85e-06 2.55e-06 2e-06 2.45e-06 1.5e-06 4.2e-06 3.2e-06 1.55e-06 2.95e-06 2.25e-06 3.3e-06 1.75e-06 2.15e-06 3.15e-06 2.25e-06 4.5e-06 2.45e-06 3.9e-06 2.55e-06 2.05e-06 3.2e-06 3.95e-06 2.6e-06
27 3.7e-06 4.6e-06 3.9e-06 2.1e-06 2.25e-06 4.35e-06 2.55e-06 3.2e-06 3.3e-06 2.45e-06 3.85e-06 3.1e-06 3.7e-06 3.45e-06 3.9e-06 2.65e-06 3.25e-06 3.5e-06 4.4e-06 2.5e-06 3.3e-06 3.05e-06 2.9e-06 2.15e-06 3.5e-06 3.75e-06 2.25e-06 3.8e-06 4.35e-06 2.75e-06 3.8e-06 2.7e-06 3.15e-06 3.15e-06 2.85e-06 4.65e-06 3.6e-06 3.15e-06 2.9e-06 2.2e-06 4.45e-06 3.85e-06 2.1e-06 3.5e-06 2.65e-06 3.9e-06 2.8e-06 2.85e-06 2.8e-06 2.65e-06 4.55e-06 3.15e-06 4.4e-06 3.55e-06 2.85e-06 3.75e-06 4.45e-06 3.65e-06
28 3.15e-06 3.75e-06 3.3e-06 3.7e-06 3.7e-06 2.9e-06 3.25e-06 4.45e-06 2.9e-06 4.1e-06 4e-06 3.85e-06 4.2e-06 3.05e-06 4.1e-06 3.55e-06 2.95e-06 3.55e-06 2.95e-06 4.05e-06 3.1e-06 3.9e-06 3.7e-06 4e-06 3.4e-06 3.2e-06 3.85e-06 4.35e-06 5.7e-06 3.55e-06 3.95e-06 3.95e-06 3.95e-06 3.95e-06 3.35e-06 3.45e-06 3.5e-06 3.95e-06 4.55e-06 3.95e-06 3.1e-06 4.45e-06 4.6e-06 3.8e-06 3.2e-06 3.35e-06 3.45e-06 3.7e-06 4.8e-06 3.2e-06 3.7e-06 3.05e-06 2.95e-06 3.45e-06 3.4e-06 3.2e-06 2.95e-06 3.5e-06
29 4.35e-06 4.65e-06 4e-06 2.6e-06 2.75e-06 3.55e-06 2.15e-06 3.1e-06 1.3e-06 2.25e-06 3.15e-06 2.65e-06 3.2e-06 1.45e-06 3e-06 1.6e-06 1.65e-06 2.4e-06 3.95e-06 1.9e-06 1.65e-06 2.8e-06 3e-06 2.15e-06 2.15e-06 4e-06 2.2e-06 2.75e-06 3.55e-06 2.4e-06 3.1e-06 2.6e-06 2.85e-06 2.85e-06 1.75e-06 4.5e-06 2.25e-06 2.85e-06 2.8e-06 2.3e-06 3.7e-06 3.35e-06 2.4e-06 2.6e-06 2.1e-06 4.15e-06 2.5e-06 3e-06 2.9e-06 2.1e-06 4.6e-06 1.4e-06 3.6e-06 2.2e-06 1.9e-06 4e-06 3.65e-06 2.3e-06
30 4.15e-06 4.15e-06 3.95e-06 3.1e-06 2.85e-06 3.95e-06 3e-06 2.35e-06 2.8e-06 3.15e-06 2.5e-07 1.5e-06 1.6e-06 2.95e-06 2.35e-06 2.95e-06 2.5e-06 1.35e-06 3.75e-06 3.5e-06 2.45e-06 1.55e-06 1.7e-06 2.7e-06 1.45e-06 3.75e-06 2.5e-06 3.8e-06 3.95e-06 3.1e-06 2e-07 3e-06 1.35e-06 1.35e-06 2.8e-06 2.65e-06 1.55e-06 1.35e-06 2.25e-06 3.15e-06 4.3e-06 1.2e-06 3.3e-06 2.7e-06 3e-06 3.75e-06 2e-06 1.95e-06 3.65e-06 3e-06 4.1e-06 2.85e-06 4e-06 1.45e-06 2.6e-06 3.75e-06 4.05e-06 1.6e-06
31 3.55e-06 4.75e-06 3.35e-06 1.7e-06 1.65e-06 3.95e-06 2.1e-06 2.95e-06 2.6e-06 2.6e-06 3e-06 2.15e-06 3.45e-06 2.75e-06 3.55e-06 2.45e-06 2.3e-06 2.6e-06 3.75e-06 2.8e-06 2.65e-06 2.15e-06 2.4e-06 1.8e-06 2.75e-06 3.25e-06 1.55e-06 2.7e-06 3.95e-06 2.6e-06 3e-06 8e-07 2.2e-06 2.2e-06 2e-06 4.2e-06 2.8e-06 2.2e-06 3.2e-06 1.45e-06 4.3e-06 3.7e-06 2.65e-06 3.05e-06 2.2e-06 3.35e-06 1.5e-06 2.35e-06 3.75e-06 2.2e-06 4.7e-06 2.45e-06 4e-06 2.8e-06 2e-06 3.25e-06 4.05e-06 2.85e-06
32 3.75e-06 4.4e-06 3.65e-06 2.35e-06 1.85e-06 3.95e-06 2.5e-06 2.35e-06 2.75e-06 2.9e-06 1.3e-06 1.65e-06 2.35e-06 2.9e-06 3e-06 2.7e-06 2.45e-06 1.9e-06 3.75e-06 3.2e-06 2.55e-06 1.5e-06 1.85e-06 1.95e-06 2e-06 3.4e-06 2e-06 3.15e-06 3.95e-06 2.85e-06 1.35e-06 2.2e-06 2.5e-06 1.25e-06 2.45e-06 3.3e-06 2e-06 1.3e-06 2.5e-06 2.45e-06 4.3e-06 2.3e-06 2.9e-06 2.85e-06 2.55e-06 3.2e-06 1.85e-06 2.05e-06 3.65e-06 2.55e-06 4.35e-06 2.7e-06 4e-06 2.05e-06 2e-06 3.4e-06 4.05e-06 2.05e-06
33 3.75e-06 4.4e-06 3.65e-06 2.35e-06 1.85e-06 3.95e-06 2.5e-06 2.35e-06 2.75e-06 2.9e-06 1.3e-06 1.65e-06 2.35e-06 2.9e-06 3e-06 2.7e-06 2.45e-06 1.9e-06 3.75e-06 3.2e-06 2.55e-06 1.5e-06 1.85e-06 1.95e-06 2e-06 3.4e-06 2e-06 3.15e-06 3.95e-06 2.85e-06 1.35e-06 2.2e-06 1.25e-06 2.5e-06 2.45e-06 3.3e-06 2e-06 1.3e-06 2.5e-06 2.45e-06 4.3e-06 2.3e-06 2.9e-06 2.85e-06 2.55e-06 3.2e-06 1.85e-06 2.05e-06 3.65e-06 2.55e-06 4.35e-06 2.7e-06 4e-06 2.05e-06 2e-06 3.4e-06 4.05e-06 2.05e-06
34 3.9e-06 4.5e-06 3.35e-06 2.1e-06 2.25e-06 3.3e-06 1.85e-06 2.95e-06 1.25e-06 2.25e-06 2.85e-06 2.05e-06 3.1e-06 1.4e-06 2.95e-06 1.8e-06 1.35e-06 2.15e-06 3.45e-06 2.2e-06 1.55e-06 2.4e-06 2.6e-06 2.1e-06 1.95e-06 3.55e-06 1.65e-06 2.85e-06 3.35e-06 1.75e-06 2.8e-06 2e-06 2.45e-06 2.45e-06 2.4e-06 4.15e-06 2.05e-06 2.45e-06 3e-06 1.85e-06 3.6e-06 3.3e-06 2.65e-06 2.45e-06 1.8e-06 3.7e-06 2.05e-06 2.6e-06 3.3e-06 1.8e-06 4.45e-06 1.35e-06 3.35e-06 2e-06 1.6e-06 3.55e-06 3.45e-06 2.15e-06
35 3.1e-06 3.65e-06 3.25e-06 3.9e-06 3.75e-06 3.45e-06 3.9e-06 4.15e-06 4.3e-06 4.55e-06 2.75e-06 3.35e-06 3.6e-06 4.45e-06 4.1e-06 4.35e-06 4e-06 3.35e-06 3.25e-06 4.85e-06 4.05e-06 3.35e-06 3.15e-06 4.05e-06 3.45e-06 3.15e-06 3.85e-06 4.65e-06 3.45e-06 4.5e-06 2.65e-06 4.2e-06 3.3e-06 3.3e-06 4.15e-06 5.2e-06 3.55e-06 3.3e-06 4.15e-06 4.35e-06 3.8e-06 3.55e-06 4.7e-06 4.2e-06 3.95e-06 3.2e-06 3.3e-06 3.25e-06 5.05e-06 3.95e-06 3.55e-06 4.25e-06 3.45e-06 3.45e-06 4.05e-06 3.15e-06 3.55e-06 3.6e-06
36 4.3e-06 4.35e-06 4.05e-06 3e-06 2.9e-06 3.45e-06 2.4e-06 2.75e-06 1.5e-06 2.75e-06 1.5e-06 2e-06 2.25e-06 1.65e-06 2.45e-06 2.3e-06 1.6e-06 1.65e-06 3.6e-06 2.75e-06 1.6e-06 2.2e-06 2.35e-06 2.75e-06 1.45e-06 3.9e-06 2.55e-06 3.6e-06 3.5e-06 2.25e-06 1.55e-06 2.8e-06 2e-06 2e-06 2.05e-06 3.55e-06 2.9e-06 2.05e-06 2.65e-06 2.85e-06 3.75e-06 2.2e-06 3.25e-06 2.35e-06 2.3e-06 4e-06 2.25e-06 2.5e-06 3.5e-06 2.3e-06 4.3e-06 1.7e-06 3.5e-06 1.5e-06 2e-06 3.9e-06 3.6e-06 1.55e-06
37 3.75e-06 4.4e-06 3.65e-06 2.35e-06 1.85e-06 3.95e-06 2.5e-06 2.35e-06 2.75e-06 2.9e-06 1.35e-06 1.7e-06 2.35e-06 2.9e-06 3e-06 2.7e-06 2.45e-06 1.9e-06 3.75e-06 3.2e-06 2.55e-06 1.5e-06 1.85e-06 1.95e-06 2e-06 3.4e-06 2e-06 3.15e-06 3.95e-06 2.85e-06 1.35e-06 2.2e-06 1.3e-06 1.3e-06 2.45e-06 3.3e-06 2.05e-06 2.5e-06 2.55e-06 2.45e-06 4.3e-06 2.3e-06 2.9e-06 2.85e-06 2.55e-06 3.2e-06 1.85e-06 2.05e-06 3.65e-06 2.55e-06 4.35e-06 2.7e-06 4e-06 2.05e-06 2e-06 3.4e-06 4.05e-06 2.1e-06
38 4.7e-06 4.55e-06 4.4e-06 3.05e-06 3.2e-06 4.55e-06 3.25e-06 2.8e-06 3.15e-06 2.55e-06 2.2e-06 2.45e-06 2.55e-06 3.3e-06 3.05e-06 2.7e-06 3.1e-06 2.65e-06 4.6e-06 2.6e-06 3e-06 2.65e-06 2.85e-06 2.5e-06 2.65e-06 4.35e-06 2.45e-06 2.9e-06 4.55e-06 2.8e-06 2.25e-06 3.2e-06 2.5e-06 2.5e-06 3e-06 4.15e-06 2.65e-06 2.55e-06 4.3e-06 2.75e-06 4.65e-06 2.45e-06 2.2e-06 3.05e-06 3.3e-06 4.4e-06 2.75e-06 2.95e-06 2.6e-06 3.3e-06 4.5e-06 3.1e-06 4.6e-06 2.7e-06 3e-06 4.35e-06 4.65e-06 2.7e-06
39 3.75e-06 4.35e-06 3.35e-06 1.85e-06 1.9e-06 3.95e-06 2.15e-06 2.6e-06 2.45e-06 2.15e-06 3.2e-06 2.2e-06 3.1e-06 2.6e-06 3.15e-06 2.3e-06 2.35e-06 2.7e-06 3.95e-06 2.2e-06 2.6e-06 2.35e-06 2.6e-06 1.85e-06 2.75e-06 3.45e-06 1.5e-06 2.2e-06 3.95e-06 2.3e-06 3.15e-06 1.45e-06 2.45e-06 2.45e-06 1.85e-06 4.35e-06 2.85e-06 2.45e-06 2.75e-06 2.1e-06 4.05e-06 3.3e-06 2.1e-06 2.75e-06 2.25e-06 3.55e-06 1.85e-06 2.55e-06 2.7e-06 2.25e-06 4.3e-06 2.3e-06 4e-06 2.8e-06 2.05e-06 3.45e-06 4.05e-06 2.9e-06
40 3.5e-06 3.85e-06 3.65e-06 4.05e-06 4.05e-06 3.15e-06 3.5e-06 4.55e-06 3.05e-06 4.2e-06 4.35e-06 4.2e-06 4.3e-06 3.2e-06 4.2e-06 3.8e-06 3.2e-06 3.75e-06 3.2e-06 4.05e-06 3.25e-06 4.25e-06 4.05e-06 4.35e-06 3.65e-06 3.55e-06 4.2e-06 4.45e-06 3.1e-06 3.7e-06 4.3e-06 4.3e-06 4.3e-06 4.3e-06 3.6e-06 3.8e-06 3.75e-06 4.3e-06 4.65e-06 4.05e-06 6e-06 4.55e-06 4.7e-06 3.9e-06 3.45e-06 3.7e-06 3.8e-06 4.05e-06 4.65e-06 3.45e-06 3.8e-06 3.15e-06 3.2e-06 3.7e-06 3.65e-06 3.55e-06 3.1e-06 3.7e-06
41 4.85e-06 3.95e-06 4.65e-06 3.8e-06 3.65e-06 4.45e-06 3.5e-06 2.2e-06 3.1e-06 3.25e-06 1.25e-06 2.35e-06 1.55e-06 3.25e-06 2.05e-06 3.35e-06 3.05e-06 2.1e-06 4.5e-06 3.35e-06 2.9e-06 2.2e-06 2.55e-06 3.4e-06 2.1e-06 4.45e-06 3.2e-06 3.85e-06 4.45e-06 3.35e-06 1.2e-06 3.7e-06 2.3e-06 2.3e-06 3.3e-06 3.55e-06 2.2e-06 2.3e-06 2.45e-06 3.3e-06 4.55e-06 2.2e-06 3.35e-06 2.55e-06 3.5e-06 4.55e-06 2.6e-06 2.5e-06 2.8e-06 3.5e-06 3.9e-06 3.15e-06 4.5e-06 2.15e-06 3.2e-06 4.45e-06 4.55e-06 2.25e-06
42 4.45e-06 4.8e-06 4.05e-06 2.25e-06 2.75e-06 4.6e-06 2.95e-06 3e-06 3.2e-06 2.05e-06 3.3e-06 2.65e-06 3.3e-06 3.35e-06 3.65e-06 2.2e-06 3.15e-06 3.2e-06 4.65e-06 2.05e-06 3.05e-06 2.85e-06 3.1e-06 1.8e-06 3.2e-06 4.15e-06 1.55e-06 2.1e-06 4.6e-06 2.4e-06 3.3e-06 2.65e-06 2.9e-06 2.9e-06 2.65e-06 4.7e-06 3.25e-06 2.9e-06 2.2e-06 2.1e-06 4.7e-06 3.35e-06 2.2e-06 3.3e-06 3.05e-06 4.25e-06 2.7e-06 3.05e-06 2.3e-06 3.05e-06 4.75e-06 3.05e-06 4.65e-06 3.25e-06 2.85e-06 4.15e-06 4.7e-06 3.3e-06
43 4.5e-06 3.8e-06 4.25e-06 3.25e-06 3.25e-06 3.8e-06 2.8e-06 2.75e-06 2e-06 2.75e-06 2.7e-06 2.75e-06 2.2e-06 2.15e-06 2.25e-06 2.7e-06 2e-06 2.25e-06 3.85e-06 2.8e-06 2.15e-06 2.75e-06 3.05e-06 3.15e-06 2.3e-06 4.1e-06 2.95e-06 3.5e-06 3.8e-06 2.6e-06 2.7e-06 3.05e-06 2.85e-06 2.85e-06 2.45e-06 4.2e-06 2.35e-06 2.85e-06 3.05e-06 2.75e-06 3.9e-06 2.55e-06 3.3e-06 3.6e-06 2.7e-06 4.3e-06 2.3e-06 2.95e-06 2.65e-06 2.7e-06 3.75e-06 2.2e-06 3.85e-06 2.35e-06 2.5e-06 4.1e-06 3.9e-06 2.4e-06
44 3.15e-06 4.3e-06 3.45e-06 1.9e-06 1.8e-06 3.15e-06 1.55e-06 3.05e-06 1.55e-06 2.6e-06 3.05e-06 2.55e-06 3.3e-06 1.7e-06 3.2e-06 2.15e-06 1.65e-06 2.4e-06 3.3e-06 2.55e-06 1.8e-06 2.5e-06 2.25e-06 2.3e-06 2.2e-06 3.25e-06 2.25e-06 2.65e-06 3.2e-06 2.1e-06 3e-06 2.2e-06 2.55e-06 2.55e-06 1.8e-06 3.95e-06 2.3e-06 2.55e-06 3.3e-06 2.25e-06 3.45e-06 3.5e-06 3.05e-06 2.7e-06 3e-06 3.4e-06 2.2e-06 2.25e-06 3.6e-06 1.5e-06 4.25e-06 1.65e-06 3.2e-06 2.25e-06 1.75e-06 3.25e-06 3.3e-06 2.4e-06
45 2.6e-06 3.8e-06 2.9e-06 3.05e-06 2.65e-06 3.35e-06 3.3e-06 4.05e-06 4.15e-06 4.2e-06 3.8e-06 3.5e-06 4.3e-06 4.3e-06 4.65e-06 4e-06 3.85e-06 3.8e-06 3.15e-06 4.45e-06 4.05e-06 3.2e-06 3.2e-06 3.2e-06 3.9e-06 2.7e-06 3.3e-06 3.9e-06 3.35e-06 4.15e-06 3.75e-06 3.35e-06 3.2e-06 3.2e-06 3.7e-06 3.2e-06 4e-06 3.2e-06 4.4e-06 3.55e-06 3.7e-06 4.55e-06 4.25e-06 4.3e-06 3.4e-06 5.1e-06 3.05e-06 3.25e-06 4.95e-06 3.4e-06 3.75e-06 4e-06 3.4e-06 3.95e-06 3.35e-06 2.7e-06 3.45e-06 4.05e-06
46 3.25e-06 3.65e-06 3.1e-06 1.95e-06 1.85e-06 3.45e-06 2.15e-06 2.45e-06 2.4e-06 2.55e-06 2.05e-06 1.85e-06 2.3e-06 2.55e-06 2.55e-06 2.35e-06 2.1e-06 2.05e-06 3.25e-06 2.8e-06 2.3e-06 1.65e-06 2e-06 1.9e-06 2.15e-06 2.9e-06 1.75e-06 2.8e-06 3.45e-06 2.5e-06 2e-06 1.5e-06 1.85e-06 1.85e-06 2.05e-06 3.3e-06 2.25e-06 1.85e-06 2.75e-06 1.85e-06 3.8e-06 2.6e-06 2.7e-06 2.3e-06 2.2e-06 3.05e-06 2e-06 1.85e-06 3.05e-06 2.2e-06 3.6e-06 2.35e-06 3.5e-06 2.2e-06 2e-06 2.9e-06 3.55e-06 2.3e-06
47 3e-06 4e-06 3.35e-06 2e-06 1.85e-06 3.7e-06 2.2e-06 2.6e-06 2.95e-06 3.05e-06 2e-06 2.1e-06 2.65e-06 3.1e-06 3.05e-06 2.85e-06 2.65e-06 2.3e-06 3.5e-06 3.35e-06 2.75e-06 1.8e-06 1.75e-06 2.35e-06 2.4e-06 3.1e-06 2.15e-06 2.85e-06 3.7e-06 3e-06 1.95e-06 2.35e-06 2.05e-06 2.05e-06 2.6e-06 3.25e-06 2.5e-06 2.05e-06 2.95e-06 2.55e-06 4.05e-06 2.5e-06 3.05e-06 2.95e-06 2.25e-06 3.25e-06 1.85e-06 3.1e-06 3.65e-06 2.25e-06 3.95e-06 2.9e-06 3.75e-06 2.45e-06 2.5e-06 3.1e-06 3.8e-06 2.55e-06
48 5.15e-06 4e-06 4.85e-06 3.55e-06 3.8e-06 4.8e-06 3.55e-06 2.8e-06 3.25e-06 2.5e-06 3.7e-06 3.5e-06 2.55e-06 3.4e-06 2.65e-06 2.95e-06 3.45e-06 3.5e-06 5.1e-06 2.3e-06 3.35e-06 3.45e-06 3.8e-06 3.05e-06 3.4e-06 4.8e-06 3.15e-06 2.8e-06 4.8e-06 2.9e-06 3.65e-06 3.75e-06 3.65e-06 3.65e-06 3.3e-06 5.05e-06 3.5e-06 3.65e-06 2.6e-06 2.7e-06 4.65e-06 2.8e-06 2.3e-06 2.65e-06 3.6e-06 4.95e-06 3.05e-06 3.65e-06 2.9e-06 3.6e-06 3.95e-06 3.2e-06 4.85e-06 3.45e-06 3.4e-06 4.8e-06 4.9e-06 3.55e-06
49 3.15e-06 4.3e-06 3.45e-06 1.9e-06 1.8e-06 3.15e-06 1.55e-06 3.05e-06 1.55e-06 2.6e-06 3.05e-06 2.55e-06 3.3e-06 1.7e-06 3.2e-06 2.15e-06 1.65e-06 2.4e-06 3.3e-06 2.55e-06 1.8e-06 2.5e-06 2.25e-06 2.3e-06 2.2e-06 3.25e-06 2.25e-06 2.65e-06 3.2e-06 2.1e-06 3e-06 2.2e-06 2.55e-06 2.55e-06 1.8e-06 3.95e-06 2.3e-06 2.55e-06 3.3e-06 2.25e-06 3.45e-06 3.5e-06 3.05e-06 2.7e-06 1.5e-06 3.4e-06 2.2e-06 2.25e-06 3.6e-06 3e-06 4.25e-06 1.65e-06 3.2e-06 2.25e-06 1.75e-06 3.25e-06 3.3e-06 2.4e-06
50 3.55e-06 3.1e-06 3.7e-06 4.4e-06 4.35e-06 3.7e-06 4.2e-06 4.15e-06 4.4e-06 4.5e-06 4.15e-06 4.3e-06 3.55e-06 4.55e-06 3.7e-06 4.6e-06 4.35e-06 4.2e-06 3.75e-06 4.55e-06 4.4e-06 4.15e-06 4.1e-06 4.6e-06 4.2e-06 3.6e-06 4.5e-06 4.55e-06 3.7e-06 4.6e-06 4.1e-06 4.7e-06 4.35e-06 4.35e-06 4.45e-06 3.55e-06 4.3e-06 4.35e-06 4.5e-06 4.3e-06 3.8e-06 3.9e-06 4.75e-06 3.75e-06 4.25e-06 3.75e-06 3.6e-06 3.95e-06 3.95e-06 4.25e-06 6e-06 4.35e-06 3.7e-06 4.25e-06 4.45e-06 3.6e-06 3.8e-06 4.35e-06
51 4.2e-06 4.4e-06 3.9e-06 2.65e-06 2.7e-06 3e-06 1.5e-06 3e-06 5e-07 2.25e-06 2.9e-06 2.55e-06 2.95e-06 6.5e-07 2.55e-06 1.65e-06 9.5e-07 2.05e-06 3.4e-06 1.8e-06 1e-06 2.7e-06 2.85e-06 2.55e-06 1.6e-06 3.9e-06 2.45e-06 3.15e-06 3.05e-06 1.4e-06 2.85e-06 2.45e-06 2.7e-06 2.7e-06 1.35e-06 4.25e-06 1.7e-06 2.7e-06 3.1e-06 2.3e-06 3.15e-06 3.15e-06 3.05e-06 2.2e-06 1.65e-06 4e-06 2.35e-06 2.9e-06 3.2e-06 1.65e-06 4.35e-06 3e-07 3.05e-06 1.65e-06 1.45e-06 3.9e-06 3.1e-06 1.75e-06
52 3.2e-06 3.8e-06 3.3e-06 3.75e-06 3.75e-06 2.9e-06 3.25e-06 4.5e-06 2.95e-06 4.1e-06 4.05e-06 3.9e-06 4.25e-06 3.1e-06 4.15e-06 3.65e-06 3.05e-06 3.6e-06 3.05e-06 4.05e-06 3.15e-06 3.95e-06 3.75e-06 4.05e-06 3.4e-06 3.25e-06 3.9e-06 4.4e-06 2.95e-06 3.6e-06 4e-06 4e-06 4e-06 4e-06 3.35e-06 3.45e-06 3.5e-06 4e-06 4.6e-06 4e-06 3.2e-06 4.5e-06 4.65e-06 3.85e-06 3.2e-06 3.4e-06 3.5e-06 3.75e-06 4.85e-06 3.2e-06 3.7e-06 3.05e-06 5.8e-06 3.45e-06 3.4e-06 3.25e-06 3.05e-06 3.6e-06
53 4.25e-06 4.3e-06 4e-06 2.95e-06 2.85e-06 3.4e-06 2.35e-06 2.7e-06 1.45e-06 2.7e-06 1.55e-06 2.05e-06 2.25e-06 1.6e-06 2.4e-06 2.25e-06 1.55e-06 1.6e-06 3.55e-06 2.7e-06 1.55e-06 2.15e-06 2.3e-06 2.7e-06 1.4e-06 3.85e-06 2.55e-06 3.55e-06 3.45e-06 2.2e-06 1.45e-06 2.8e-06 2.05e-06 2.05e-06 2e-06 3.45e-06 1.5e-06 2.05e-06 2.7e-06 2.8e-06 3.7e-06 2.15e-06 3.25e-06 2.35e-06 2.25e-06 3.95e-06 2.2e-06 2.45e-06 3.45e-06 2.25e-06 4.25e-06 1.65e-06 3.45e-06 2.8e-06 1.95e-06 3.85e-06 3.55e-06 1.6e-06
54 3.8e-06 4.5e-06 3.65e-06 2.15e-06 1.8e-06 3.35e-06 1.8e-06 2.65e-06 1.35e-06 2.4e-06 2.65e-06 2.25e-06 3e-06 1.5e-06 3e-06 1.95e-06 1.45e-06 2.1e-06 3.5e-06 2.35e-06 1.6e-06 2.05e-06 2.4e-06 1.9e-06 1.9e-06 3.45e-06 2.05e-06 2.85e-06 3.4e-06 1.9e-06 2.6e-06 2e-06 2e-06 2e-06 1.6e-06 4.05e-06 2e-06 2e-06 3e-06 2.05e-06 3.65e-06 3.2e-06 2.85e-06 2.5e-06 1.75e-06 3.35e-06 2e-06 2.5e-06 3.4e-06 1.75e-06 4.45e-06 1.45e-06 3.4e-06 1.95e-06 2.6e-06 3.45e-06 3.5e-06 2.1e-06
55 2.5e-06 3.65e-06 2.8e-06 2.95e-06 2.8e-06 3.2e-06 3.2e-06 4.1e-06 3.95e-06 4.05e-06 3.8e-06 3.45e-06 4.2e-06 4.1e-06 4.5e-06 3.85e-06 3.65e-06 3.7e-06 3e-06 4.35e-06 3.85e-06 3.3e-06 3.15e-06 3.3e-06 3.8e-06 2.5e-06 3.2e-06 3.75e-06 3.2e-06 4e-06 3.75e-06 3.25e-06 3.4e-06 3.4e-06 3.55e-06 3.15e-06 3.9e-06 3.4e-06 4.35e-06 3.45e-06 3.55e-06 4.45e-06 4.15e-06 4.1e-06 3.25e-06 2.7e-06 2.9e-06 3.1e-06 4.8e-06 3.25e-06 3.6e-06 3.9e-06 3.25e-06 3.85e-06 3.45e-06 4.9e-06 3.3e-06 3.95e-06
56 3.25e-06 3.85e-06 3.4e-06 3.8e-06 3.8e-06 3e-06 3.35e-06 4.55e-06 3e-06 4.2e-06 4.1e-06 3.95e-06 4.3e-06 3.15e-06 4.2e-06 3.65e-06 3.05e-06 3.65e-06 2.95e-06 4.15e-06 3.1e-06 4e-06 3.8e-06 4.1e-06 3.5e-06 3.3e-06 3.95e-06 4.45e-06 2.95e-06 3.65e-06 4.05e-06 4.05e-06 4.05e-06 4.05e-06 3.45e-06 3.55e-06 3.6e-06 4.05e-06 4.65e-06 4.05e-06 3.1e-06 4.55e-06 4.7e-06 3.9e-06 3.3e-06 3.45e-06 3.55e-06 3.8e-06 4.9e-06 3.3e-06 3.8e-06 3.1e-06 3.05e-06 3.55e-06 3.5e-06 3.3e-06 5.9e-06 3.55e-06
57 4.35e-06 4.4e-06 4.1e-06 3.05e-06 2.95e-06 3.55e-06 2.5e-06 2.8e-06 1.55e-06 2.85e-06 1.55e-06 2.05e-06 2.3e-06 1.7e-06 2.5e-06 2.3e-06 1.6e-06 1.7e-06 3.55e-06 2.85e-06 1.6e-06 2.25e-06 2.4e-06 2.8e-06 1.55e-06 3.95e-06 2.6e-06 3.65e-06 3.5e-06 2.3e-06 1.6e-06 2.85e-06 2.05e-06 2.05e-06 2.15e-06 3.6e-06 1.55e-06 2.1e-06 2.7e-06 2.9e-06 3.7e-06 2.25e-06 3.3e-06 2.4e-06 2.4e-06 4.05e-06 2.3e-06 2.55e-06 3.55e-06 2.4e-06 4.35e-06 1.75e-06 3.6e-06 1.6e-06 2.1e-06 3.95e-06 3.55e-06 3e-06
