 slim_762500546 slim_762500512 slim_762500526 slim_762500498 slim_762500521 slim_762500497 slim_762500539 slim_762500519 slim_762500502 slim_762500504 slim_762500533 slim_762500506 slim_762500536 slim_762500516 slim_762500542 slim_762500501 slim_762500499 slim_762500538 slim_762500523 slim_762500530 slim_762500496 slim_762500513 slim_762500505 slim_762500489 slim_762500509 slim_762500532 slim_762500500 slim_762500525 slim_762500535 slim_762500522 slim_762500514 slim_762500534 slim_762500495 slim_762500491 slim_762500540 slim_762500518 slim_762500528 slim_762500510 slim_762500503 slim_762500543 slim_762500490 slim_762500544 slim_762500547 slim_762500494 slim_762500492 slim_762500529 slim_762500511 slim_762500507 slim_762500517 slim_762500545 slim_762500508 slim_762500520 slim_762500515 slim_762500524 slim_762500493 slim_762500527 slim_762500537 slim_762500541 slim_762500531
0 2.1e-06 1.85e-06 2.05e-06 2.3e-06 2.3e-06 1.55e-06 2e-06 2.25e-06 2.55e-06 2.2e-06 1.65e-06 1.7e-06 1.8e-06 2e-06 2e-06 1.8e-06 2.35e-06 2.35e-06 1.2e-06 2.5e-06 1.95e-06 1.65e-06 2.3e-06 2.2e-06 2.45e-06 1.8e-06 2.15e-06 1.8e-06 2.4e-06 1.95e-06 1.55e-06 2.5e-06 2.15e-06 2.65e-06 2.45e-06 1.9e-06 2.05e-06 2.25e-06 2.1e-06 1.7e-06 2.2e-06 2.1e-06 2e-06 2.9e-06 2.45e-06 2.05e-06 2.35e-06 2.6e-06 1.9e-06 1.8e-06 1.9e-06 1.95e-06 1.85e-06 2.3e-06 1.9e-06 2e-06 2.45e-06 2.25e-06 2.15e-06
1 1.85e-06 1.7e-06 1.65e-06 1.75e-06 1.45e-06 2.05e-06 2.3e-06 2.35e-06 1.2e-06 2.45e-06 2.2e-06 2e-06 3.05e-06 1.15e-06 3.05e-06 2.1e-06 2.85e-06 2.7e-06 1.45e-06 1.1e-06 1.75e-06 1.75e-06 1.9e-06 3.05e-06 2.25e-06 3.1e-06 2.85e-06 1.6e-06 2.85e-06 3.2e-06 1.2e-06 2.15e-06 2.4e-06 2.7e-06 1.8e-06 1.35e-06 3.55e-06 2.05e-06 2.3e-06 9.5e-07 1.9e-06 3.15e-06 1.1e-06 2.2e-06 1.3e-06 3.1e-06 2.3e-06 2.85e-06 2.5e-06 1.5e-06 2.05e-06 2.2e-06 3.15e-06 1.5e-06 2.6e-06 8.5e-07 2.9e-06 2.25e-06 2e-06
2 2.05e-06 1.65e-06 2.8e-06 2.25e-06 2.15e-06 2.3e-06 2.15e-06 2.3e-06 1.9e-06 2.3e-06 2.4e-06 1.9e-06 2.45e-06 1.7e-06 2.1e-06 2.25e-06 1.9e-06 2.6e-06 1.75e-06 1.8e-06 1.85e-06 1.65e-06 1.8e-06 2.45e-06 2.45e-06 2.4e-06 2.25e-06 1.75e-06 2.35e-06 2.6e-06 1.9e-06 2.2e-06 2.25e-06 2.45e-06 1.7e-06 1.9e-06 2.7e-06 2.3e-06 2.2e-06 1.5e-06 2.1e-06 2.5e-06 1.95e-06 2.4e-06 1.85e-06 2.15e-06 2.25e-06 2.25e-06 2.3e-06 1.85e-06 1.8e-06 2.4e-06 2.5e-06 1.7e-06 2.05e-06 1.45e-06 2.65e-06 2.2e-06 2.2e-06
3 2.3e-06 1.75e-06 2.25e-06 2.9e-06 1.85e-06 2e-06 2.5e-06 2.25e-06 1.9e-06 2.35e-06 2.15e-06 2.3e-06 2.65e-06 1.7e-06 3e-06 2.1e-06 2.85e-06 2.3e-06 2.15e-06 1.85e-06 2e-06 2.25e-06 2.35e-06 2.5e-06 2.3e-06 2.7e-06 2.55e-06 2.35e-06 2.5e-06 2.8e-06 1.65e-06 2.45e-06 2.3e-06 2.5e-06 2.2e-06 1.9e-06 3.15e-06 2.15e-06 2.4e-06 1.85e-06 1.95e-06 2.95e-06 1.75e-06 2.2e-06 1.8e-06 3.05e-06 2.3e-06 2.6e-06 2.4e-06 2.05e-06 2.3e-06 1.9e-06 2.75e-06 2.15e-06 2.75e-06 1.8e-06 2.3e-06 2.3e-06 2.1e-06
4 2.3e-06 1.45e-06 2.15e-06 1.85e-06 2.5e-06 2.35e-06 2.7e-06 2.3e-06 1.5e-06 2.6e-06 2.5e-06 2.35e-06 3.35e-06 1.35e-06 3.4e-06 2.4e-06 3.15e-06 2.95e-06 1.85e-06 1.4e-06 2.2e-06 2.15e-06 2.1e-06 3.2e-06 2.35e-06 3.4e-06 3.05e-06 2.05e-06 3e-06 3.4e-06 1.3e-06 2.35e-06 2.55e-06 3e-06 2.2e-06 1.5e-06 3.85e-06 2.1e-06 2.35e-06 1.55e-06 2.2e-06 3.5e-06 1.3e-06 2.35e-06 1.55e-06 3.45e-06 2.55e-06 2.95e-06 2.55e-06 1.9e-06 2.1e-06 2.05e-06 3.45e-06 2e-06 2.9e-06 1.5e-06 2.95e-06 2.55e-06 2.2e-06
5 1.55e-06 2.05e-06 2.3e-06 2e-06 2.35e-06 1.8e-06 2.1e-06 2e-06 2.7e-06 2.2e-06 1.05e-06 1.5e-06 1.35e-06 2.25e-06 2e-06 1.7e-06 2.4e-06 2e-06 1.7e-06 2.65e-06 1.8e-06 1.75e-06 2.35e-06 1.75e-06 2.25e-06 1.4e-06 1.8e-06 2.45e-06 2.05e-06 1.55e-06 1.65e-06 2.35e-06 2.15e-06 2.1e-06 2.45e-06 2.15e-06 1.9e-06 1.9e-06 2.05e-06 2.1e-06 1.95e-06 1.85e-06 2e-06 2.65e-06 2.7e-06 2.05e-06 2.35e-06 2.25e-06 1.9e-06 1.8e-06 2.05e-06 1.6e-06 1.45e-06 2.45e-06 2.15e-06 2.35e-06 1.65e-06 2.3e-06 1.8e-06
6 2e-06 2.3e-06 2.15e-06 2.5e-06 2.7e-06 2.1e-06 3.7e-06 2.35e-06 2.5e-06 2.35e-06 2.2e-06 2.15e-06 1.95e-06 2.4e-06 2e-06 2.25e-06 1.95e-06 2.25e-06 2.05e-06 2.6e-06 2.15e-06 2.1e-06 2.4e-06 2.35e-06 2.7e-06 2e-06 2.35e-06 2.15e-06 2.15e-06 2.05e-06 2.3e-06 2.6e-06 2.35e-06 2.3e-06 2.25e-06 2.4e-06 2e-06 2.45e-06 2.5e-06 2.2e-06 2.4e-06 2.2e-06 2.45e-06 2.7e-06 2.55e-06 2.05e-06 2.35e-06 2.55e-06 2.3e-06 2.35e-06 2.3e-06 2.45e-06 1.95e-06 2.5e-06 2.1e-06 2.2e-06 2.5e-06 2.35e-06 2.35e-06
7 2.25e-06 2.35e-06 2.3e-06 2.25e-06 2.3e-06 2e-06 2.35e-06 3.5e-06 2.8e-06 2.45e-06 2.15e-06 2.15e-06 2.15e-06 2.15e-06 2.3e-06 2.2e-06 2.25e-06 2.5e-06 2.2e-06 2.7e-06 2.2e-06 2.1e-06 2.45e-06 2.2e-06 2.5e-06 2.15e-06 2.2e-06 2.6e-06 2.2e-06 2.15e-06 1.9e-06 2.6e-06 2.45e-06 2.45e-06 2.2e-06 2e-06 2.5e-06 2.3e-06 2.1e-06 2.35e-06 2.3e-06 2.4e-06 2.4e-06 2.8e-06 2.65e-06 2.35e-06 2.55e-06 2.45e-06 2.1e-06 2.35e-06 1.95e-06 1.85e-06 2.2e-06 2.65e-06 2.55e-06 2.3e-06 2.3e-06 2.55e-06 2.4e-06
8 2.55e-06 1.2e-06 1.9e-06 1.9e-06 1.5e-06 2.7e-06 2.5e-06 2.8e-06 1e-06 2.8e-06 2.85e-06 2.7e-06 3.7e-06 1.4e-06 3.75e-06 2.75e-06 3.15e-06 2.8e-06 2.2e-06 6.5e-07 1.95e-06 2.5e-06 1.95e-06 3.7e-06 2.35e-06 3.75e-06 3.55e-06 1.6e-06 3.15e-06 3.85e-06 1.95e-06 2.2e-06 2.75e-06 2.7e-06 1.75e-06 1.9e-06 4.2e-06 2.05e-06 3.05e-06 1.2e-06 2.1e-06 3.85e-06 1.15e-06 1.65e-06 9.5e-07 3.8e-06 2.45e-06 3.05e-06 3.2e-06 1.9e-06 2.8e-06 2.9e-06 3.8e-06 1.4e-06 2.9e-06 9.5e-07 3.05e-06 2.45e-06 2e-06
9 2.2e-06 2.45e-06 2.3e-06 2.35e-06 2.6e-06 2.2e-06 2.35e-06 2.45e-06 2.8e-06 3.9e-06 2.3e-06 2.25e-06 2.05e-06 2.35e-06 2.1e-06 2.35e-06 2.35e-06 2.3e-06 2.15e-06 2.75e-06 2.3e-06 2.2e-06 2.5e-06 2.3e-06 2.75e-06 2.1e-06 2.3e-06 2.45e-06 2.4e-06 2.15e-06 2.2e-06 2.7e-06 2e-06 2.6e-06 2.6e-06 2.55e-06 2.1e-06 2.55e-06 2.4e-06 2.45e-06 2.4e-06 2.3e-06 2.55e-06 2.75e-06 2.4e-06 2.15e-06 2.35e-06 2.4e-06 2.2e-06 2.2e-06 2.2e-06 2.2e-06 2.05e-06 2.4e-06 2e-06 2.6e-06 2.35e-06 2.35e-06 2.45e-06
10 1.65e-06 2.2e-06 2.4e-06 2.15e-06 2.5e-06 1.05e-06 2.2e-06 2.15e-06 2.85e-06 2.3e-06 2.1e-06 1.6e-06 1.45e-06 2.4e-06 2.05e-06 1.8e-06 2.5e-06 2.1e-06 1.8e-06 2.8e-06 1.95e-06 1.85e-06 2.45e-06 1.85e-06 2.4e-06 1.4e-06 1.9e-06 2.55e-06 2.2e-06 1.65e-06 1.8e-06 2.5e-06 2.25e-06 2.25e-06 2.6e-06 2.3e-06 1.95e-06 2.05e-06 2.2e-06 2.25e-06 2.1e-06 1.95e-06 2.15e-06 2.8e-06 2.85e-06 2.1e-06 2.45e-06 2.35e-06 2e-06 1.95e-06 2.15e-06 1.75e-06 1.45e-06 2.6e-06 2.2e-06 2.5e-06 1.8e-06 2.4e-06 1.85e-06
11 1.7e-06 2e-06 1.9e-06 2.3e-06 2.35e-06 1.5e-06 2.15e-06 2.15e-06 2.7e-06 2.25e-06 1.6e-06 2.6e-06 1.85e-06 2.15e-06 1.75e-06 1.95e-06 1.95e-06 2.45e-06 1.5e-06 2.65e-06 2.1e-06 1.4e-06 2.05e-06 1.9e-06 2.55e-06 1.8e-06 1.8e-06 2.2e-06 2.15e-06 2e-06 1.6e-06 2.3e-06 2.2e-06 2.5e-06 2.35e-06 2.05e-06 2.1e-06 2.3e-06 1.9e-06 2e-06 2.25e-06 2.05e-06 2.05e-06 2.95e-06 2.6e-06 1.75e-06 2.4e-06 2.25e-06 1.9e-06 1.85e-06 1.65e-06 1.9e-06 1.9e-06 2.45e-06 2.05e-06 2.25e-06 2.4e-06 2.35e-06 2.2e-06
12 1.8e-06 3.05e-06 2.45e-06 2.65e-06 3.35e-06 1.35e-06 1.95e-06 2.15e-06 3.7e-06 2.05e-06 1.45e-06 1.85e-06 1e-06 3.15e-06 1.05e-06 1.9e-06 1.7e-06 1.7e-06 2.2e-06 3.65e-06 2.05e-06 2e-06 2.6e-06 1.3e-06 2.6e-06 6e-07 1.4e-06 2.85e-06 1.6e-06 7.5e-07 2.65e-06 2.65e-06 1.95e-06 1.9e-06 2.7e-06 3.05e-06 6.5e-07 2.25e-06 2.25e-06 3e-06 2.3e-06 1.15e-06 3.1e-06 3e-06 3.6e-06 1.15e-06 2.25e-06 1.85e-06 1.8e-06 2.45e-06 2.2e-06 1.95e-06 6e-07 3e-06 1.6e-06 3.25e-06 1.35e-06 2.25e-06 2.1e-06
13 2e-06 1.15e-06 1.7e-06 1.7e-06 1.35e-06 2.25e-06 2.4e-06 2.15e-06 1.4e-06 2.35e-06 2.4e-06 2.15e-06 3.15e-06 1.9e-06 3.1e-06 2.15e-06 2.75e-06 2.85e-06 1.6e-06 1.3e-06 1.85e-06 1.9e-06 2.05e-06 3e-06 2.25e-06 3.2e-06 2.85e-06 1.65e-06 2.8e-06 3.2e-06 1.1e-06 2.3e-06 2.3e-06 2.7e-06 1.8e-06 1.15e-06 3.65e-06 2.15e-06 2.05e-06 1.1e-06 1.95e-06 3.2e-06 1.4e-06 2.25e-06 1.2e-06 3.15e-06 2.3e-06 2.85e-06 2.3e-06 1.65e-06 1.8e-06 1.95e-06 3.25e-06 1.55e-06 2.65e-06 1e-06 2.95e-06 2.3e-06 2.2e-06
14 2e-06 3.05e-06 2.1e-06 3e-06 3.4e-06 2e-06 2e-06 2.3e-06 3.75e-06 2.1e-06 2.05e-06 1.75e-06 1.05e-06 3.1e-06 1.5e-06 2.2e-06 1.3e-06 2.15e-06 2.05e-06 3.7e-06 2.4e-06 1.7e-06 2.35e-06 1.5e-06 2.95e-06 1.05e-06 1.45e-06 2.65e-06 1.75e-06 1.2e-06 2.65e-06 2.7e-06 2.05e-06 2.35e-06 2.65e-06 3e-06 8.5e-07 2.7e-06 2.2e-06 2.95e-06 2.65e-06 1.35e-06 3.2e-06 3.35e-06 3.55e-06 9e-07 2.35e-06 1.9e-06 1.85e-06 2.55e-06 1.85e-06 2.3e-06 1.05e-06 3.05e-06 1.5e-06 3.2e-06 2.15e-06 2.35e-06 2.55e-06
15 1.8e-06 2.1e-06 2.25e-06 2.1e-06 2.4e-06 1.7e-06 2.25e-06 2.2e-06 2.75e-06 2.35e-06 1.8e-06 1.95e-06 1.9e-06 2.15e-06 2.2e-06 3.1e-06 2.4e-06 2.35e-06 1.75e-06 2.65e-06 2.05e-06 1.9e-06 2.45e-06 1.95e-06 2.4e-06 1.9e-06 1.95e-06 2.35e-06 2.1e-06 2.05e-06 1.75e-06 2.6e-06 2.3e-06 2.55e-06 2.45e-06 2.05e-06 2.25e-06 2.3e-06 2.2e-06 2.1e-06 2.05e-06 2.1e-06 2.2e-06 2.8e-06 2.65e-06 2.25e-06 2.4e-06 2.45e-06 2.05e-06 2.1e-06 2.05e-06 1.75e-06 1.95e-06 2.55e-06 2.35e-06 2.2e-06 2.2e-06 2.35e-06 2.2e-06
16 2.35e-06 2.85e-06 1.9e-06 2.85e-06 3.15e-06 2.4e-06 1.95e-06 2.25e-06 3.15e-06 2.35e-06 2.5e-06 1.95e-06 1.7e-06 2.75e-06 1.3e-06 2.4e-06 1.5e-06 2.55e-06 2.2e-06 3.3e-06 2.4e-06 1.8e-06 2.25e-06 1.6e-06 2.95e-06 1.7e-06 1.7e-06 2.3e-06 1.5e-06 1.85e-06 2.6e-06 2.55e-06 2.3e-06 2.2e-06 2.05e-06 2.65e-06 1.65e-06 2.8e-06 2.1e-06 2.7e-06 2.65e-06 1.75e-06 3.1e-06 3e-06 2.95e-06 1.35e-06 2.4e-06 2.05e-06 2.1e-06 2.6e-06 1.8e-06 2.45e-06 1.75e-06 2.8e-06 1.95e-06 2.7e-06 2.5e-06 2.45e-06 2.7e-06
17 2.35e-06 2.7e-06 2.6e-06 2.3e-06 2.95e-06 2e-06 2.25e-06 2.5e-06 2.8e-06 2.3e-06 2.1e-06 2.45e-06 1.7e-06 2.85e-06 2.15e-06 2.35e-06 2.55e-06 3.2e-06 2.65e-06 2.75e-06 2.2e-06 2.6e-06 2.65e-06 2.25e-06 2.6e-06 1.75e-06 2.35e-06 2.85e-06 2.3e-06 1.75e-06 2.8e-06 2.7e-06 2.3e-06 2.2e-06 2.6e-06 3.05e-06 1.7e-06 2.3e-06 2.9e-06 2.75e-06 2.3e-06 2.15e-06 2.65e-06 2.55e-06 2.95e-06 2.2e-06 2.3e-06 2.35e-06 2.45e-06 2.65e-06 2.85e-06 2.45e-06 1.7e-06 2.75e-06 2.15e-06 2.75e-06 1.9e-06 2.25e-06 2.2e-06
18 1.2e-06 1.45e-06 1.75e-06 2.15e-06 1.85e-06 1.7e-06 2.05e-06 2.2e-06 2.2e-06 2.15e-06 1.8e-06 1.5e-06 2.2e-06 1.6e-06 2.05e-06 1.75e-06 2.2e-06 2.65e-06 1.5e-06 2.15e-06 2e-06 1.25e-06 1.95e-06 2.3e-06 2.45e-06 2.2e-06 2.1e-06 1.5e-06 2.35e-06 2.35e-06 1.05e-06 2.3e-06 2.1e-06 2.9e-06 2.3e-06 1.5e-06 2.45e-06 2.25e-06 1.85e-06 1.45e-06 2.15e-06 2.3e-06 1.55e-06 2.85e-06 2.05e-06 2.1e-06 2.3e-06 2.55e-06 1.85e-06 1.5e-06 1.5e-06 1.8e-06 2.25e-06 2.1e-06 1.95e-06 1.7e-06 2.75e-06 2.2e-06 2.15e-06
19 2.5e-06 1.1e-06 1.8e-06 1.85e-06 1.4e-06 2.65e-06 2.6e-06 2.7e-06 6.5e-07 2.75e-06 2.8e-06 2.65e-06 3.65e-06 1.3e-06 3.7e-06 2.65e-06 3.3e-06 2.75e-06 2.15e-06 9e-07 1.85e-06 2.45e-06 1.85e-06 3.7e-06 2.25e-06 3.7e-06 3.5e-06 1.75e-06 3.25e-06 3.8e-06 1.9e-06 2.1e-06 2.7e-06 2.8e-06 1.65e-06 1.8e-06 4.15e-06 1.95e-06 3e-06 1.1e-06 2e-06 3.8e-06 1.05e-06 1.75e-06 1.1e-06 3.75e-06 2.4e-06 2.95e-06 3.15e-06 1.85e-06 2.75e-06 2.85e-06 3.75e-06 1.3e-06 2.85e-06 8e-07 2.95e-06 2.35e-06 1.95e-06
20 1.95e-06 1.75e-06 1.85e-06 2e-06 2.2e-06 1.8e-06 2.15e-06 2.2e-06 1.95e-06 2.3e-06 1.95e-06 2.1e-06 2.05e-06 1.85e-06 2.4e-06 2.05e-06 2.4e-06 2.2e-06 2e-06 1.85e-06 3.1e-06 2.05e-06 2.15e-06 2.35e-06 2.2e-06 2.1e-06 2.3e-06 2.05e-06 2.3e-06 2.15e-06 2e-06 2.25e-06 2.25e-06 2.05e-06 1.85e-06 2.05e-06 2.55e-06 1.9e-06 2.35e-06 1.65e-06 1.85e-06 2.35e-06 1.95e-06 2.15e-06 2e-06 2.45e-06 2.25e-06 2.3e-06 2.35e-06 1.85e-06 2.25e-06 2.15e-06 2.15e-06 1.75e-06 2.2e-06 1.6e-06 2e-06 2.2e-06 1.9e-06
21 1.65e-06 1.75e-06 1.65e-06 2.25e-06 2.15e-06 1.75e-06 2.1e-06 2.1e-06 2.5e-06 2.2e-06 1.85e-06 1.4e-06 2e-06 1.9e-06 1.7e-06 1.9e-06 1.8e-06 2.6e-06 1.25e-06 2.45e-06 2.05e-06 2.1e-06 1.85e-06 1.95e-06 2.5e-06 1.95e-06 1.75e-06 1.95e-06 2.1e-06 2.15e-06 1.3e-06 2.25e-06 2.15e-06 2.6e-06 2.2e-06 1.8e-06 2.25e-06 2.3e-06 1.8e-06 1.75e-06 2.2e-06 2.1e-06 1.85e-06 2.9e-06 2.35e-06 1.75e-06 2.35e-06 2.2e-06 1.85e-06 1.7e-06 1.4e-06 1.85e-06 2.05e-06 2.3e-06 2e-06 2e-06 2.55e-06 2.3e-06 2.2e-06
22 2.3e-06 1.9e-06 1.8e-06 2.35e-06 2.1e-06 2.35e-06 2.4e-06 2.45e-06 1.95e-06 2.5e-06 2.45e-06 2.05e-06 2.6e-06 2.05e-06 2.35e-06 2.45e-06 2.25e-06 2.65e-06 1.95e-06 1.85e-06 2.15e-06 1.85e-06 3.5e-06 2.6e-06 2.5e-06 2.55e-06 2.35e-06 2.1e-06 2.5e-06 2.75e-06 2.05e-06 2.2e-06 2.45e-06 2.7e-06 2.05e-06 2.25e-06 2.85e-06 2.2e-06 2.5e-06 1.9e-06 2.3e-06 2.75e-06 1.8e-06 2.45e-06 2.15e-06 2.4e-06 2.45e-06 2.25e-06 2.5e-06 2.05e-06 2.05e-06 2.5e-06 2.65e-06 2.1e-06 2.25e-06 1.9e-06 2.6e-06 2.4e-06 2.15e-06
23 2.2e-06 3.05e-06 2.45e-06 2.5e-06 3.2e-06 1.75e-06 2.35e-06 2.2e-06 3.7e-06 2.3e-06 1.85e-06 1.9e-06 1.3e-06 3e-06 1.5e-06 1.95e-06 1.6e-06 2.25e-06 2.3e-06 3.7e-06 2.35e-06 1.95e-06 2.6e-06 1.9e-06 2.65e-06 1.25e-06 1.2e-06 2.95e-06 1.6e-06 1.45e-06 2.45e-06 2.7e-06 2.25e-06 2.25e-06 2.65e-06 2.9e-06 1.55e-06 2.55e-06 2.1e-06 3.05e-06 2.35e-06 1.5e-06 3.1e-06 3e-06 3.4e-06 1.55e-06 2.55e-06 1.85e-06 1.95e-06 2.5e-06 2e-06 1.8e-06 1.35e-06 3.1e-06 2.05e-06 3.3e-06 1.7e-06 2.55e-06 2.45e-06
24 2.45e-06 2.25e-06 2.45e-06 2.3e-06 2.35e-06 2.25e-06 2.7e-06 2.5e-06 2.35e-06 2.75e-06 2.4e-06 2.55e-06 2.6e-06 2.25e-06 2.95e-06 2.4e-06 2.95e-06 2.6e-06 2.45e-06 2.25e-06 2.2e-06 2.5e-06 2.5e-06 2.65e-06 4.2e-06 2.65e-06 2.6e-06 2.6e-06 2.6e-06 2.65e-06 2.25e-06 2.6e-06 2.7e-06 2.55e-06 2.4e-06 2.45e-06 3.1e-06 2.2e-06 2.7e-06 2.15e-06 2.2e-06 2.75e-06 2.2e-06 2.35e-06 2.45e-06 3e-06 2.7e-06 2.5e-06 2.7e-06 2.3e-06 2.6e-06 2.25e-06 2.7e-06 2.35e-06 2.7e-06 2.25e-06 2.2e-06 2.65e-06 2.3e-06
25 1.8e-06 3.1e-06 2.4e-06 2.7e-06 3.4e-06 1.4e-06 2e-06 2.15e-06 3.75e-06 2.1e-06 1.4e-06 1.8e-06 6e-07 3.2e-06 1.05e-06 1.9e-06 1.7e-06 1.75e-06 2.2e-06 3.7e-06 2.1e-06 1.95e-06 2.55e-06 1.25e-06 2.65e-06 9e-07 1.35e-06 2.85e-06 1.7e-06 8e-07 2.7e-06 2.7e-06 2.05e-06 2e-06 2.7e-06 3.1e-06 7.5e-07 2.3e-06 2.3e-06 3.05e-06 2.35e-06 1.2e-06 3.15e-06 3.05e-06 3.65e-06 1.1e-06 2.35e-06 1.8e-06 1.75e-06 2.5e-06 2.15e-06 2e-06 5.5e-07 3.05e-06 1.6e-06 3.3e-06 1.4e-06 2.3e-06 2.05e-06
26 2.15e-06 2.85e-06 2.25e-06 2.55e-06 3.05e-06 1.8e-06 2.35e-06 2.2e-06 3.55e-06 2.3e-06 1.9e-06 1.8e-06 1.4e-06 2.85e-06 1.45e-06 1.95e-06 1.7e-06 2.35e-06 2.1e-06 3.5e-06 2.3e-06 1.75e-06 2.35e-06 1.2e-06 2.6e-06 1.35e-06 2.3e-06 2.8e-06 1.65e-06 1.55e-06 2.3e-06 2.65e-06 2.25e-06 2.4e-06 2.65e-06 2.75e-06 1.65e-06 2.5e-06 2.1e-06 2.85e-06 2.3e-06 1.6e-06 2.9e-06 3e-06 3.3e-06 1.5e-06 2.55e-06 1.75e-06 1.95e-06 2.35e-06 1.8e-06 1.8e-06 1.45e-06 2.95e-06 2e-06 3.1e-06 1.8e-06 2.5e-06 2.4e-06
27 1.8e-06 1.6e-06 1.75e-06 2.35e-06 2.05e-06 2.45e-06 2.15e-06 2.6e-06 1.6e-06 2.45e-06 2.55e-06 2.2e-06 2.85e-06 1.65e-06 2.65e-06 2.35e-06 2.3e-06 2.85e-06 1.5e-06 1.75e-06 2.05e-06 1.95e-06 2.1e-06 2.95e-06 2.6e-06 2.85e-06 2.8e-06 2.6e-06 2.65e-06 3e-06 1.8e-06 2.45e-06 2.4e-06 2.8e-06 2e-06 1.85e-06 3.1e-06 2.45e-06 2.45e-06 1.45e-06 2.3e-06 2.9e-06 1.85e-06 2.35e-06 1.55e-06 2.7e-06 2.4e-06 2.8e-06 2.5e-06 1.85e-06 2.1e-06 2.55e-06 2.9e-06 1.75e-06 2.2e-06 1.45e-06 3.05e-06 2.35e-06 2.35e-06
28 2.4e-06 2.85e-06 2.35e-06 2.5e-06 3e-06 2.05e-06 2.15e-06 2.2e-06 3.15e-06 2.4e-06 2.2e-06 2.15e-06 1.6e-06 2.8e-06 1.75e-06 2.1e-06 1.5e-06 2.3e-06 2.35e-06 3.25e-06 2.3e-06 2.1e-06 2.5e-06 1.6e-06 2.6e-06 1.7e-06 1.65e-06 2.65e-06 2.8e-06 1.75e-06 2.5e-06 2.65e-06 2.35e-06 2.2e-06 2.4e-06 2.7e-06 1.8e-06 2.5e-06 2.3e-06 2.85e-06 2.3e-06 1.8e-06 2.9e-06 2.7e-06 3.05e-06 1.8e-06 2.45e-06 2e-06 2.2e-06 2.55e-06 2.15e-06 2e-06 1.7e-06 2.9e-06 2.25e-06 2.85e-06 1.9e-06 2.45e-06 2.45e-06
29 1.95e-06 3.2e-06 2.6e-06 2.8e-06 3.4e-06 1.55e-06 2.05e-06 2.15e-06 3.85e-06 2.15e-06 1.65e-06 2e-06 7.5e-07 3.2e-06 1.2e-06 2.05e-06 1.85e-06 1.75e-06 2.35e-06 3.8e-06 2.15e-06 2.15e-06 2.75e-06 1.45e-06 2.65e-06 8e-07 1.55e-06 3e-06 1.75e-06 1.3e-06 2.7e-06 2.8e-06 2.15e-06 1.9e-06 2.85e-06 3.1e-06 7.5e-07 2.25e-06 2.3e-06 3.15e-06 2.45e-06 1.2e-06 3.25e-06 3.15e-06 3.75e-06 1.25e-06 2.45e-06 2e-06 1.85e-06 2.6e-06 2.25e-06 2e-06 7.5e-07 3.15e-06 1.7e-06 3.4e-06 1.55e-06 2.4e-06 2.3e-06
30 1.55e-06 1.2e-06 1.9e-06 1.65e-06 1.3e-06 1.65e-06 2.3e-06 1.9e-06 1.95e-06 2.2e-06 1.8e-06 1.6e-06 2.65e-06 1.1e-06 2.65e-06 1.75e-06 2.6e-06 2.8e-06 1.05e-06 1.9e-06 2e-06 1.3e-06 2.05e-06 2.45e-06 2.25e-06 2.7e-06 2.3e-06 1.8e-06 2.5e-06 2.7e-06 9e-07 2.3e-06 2.15e-06 2.8e-06 2.25e-06 1e-06 3.15e-06 2.1e-06 1.6e-06 1.3e-06 2e-06 2.75e-06 1.25e-06 2.7e-06 1.65e-06 2.7e-06 2.35e-06 2.75e-06 1.8e-06 1.45e-06 1.35e-06 1.35e-06 2.75e-06 2.1e-06 2.55e-06 1.5e-06 2.8e-06 2.35e-06 2.15e-06
31 2.5e-06 2.15e-06 2.2e-06 2.45e-06 2.35e-06 2.35e-06 2.6e-06 2.6e-06 2.2e-06 2.7e-06 2.5e-06 2.3e-06 2.65e-06 2.3e-06 2.7e-06 2.6e-06 2.55e-06 2.7e-06 2.3e-06 2.1e-06 2.25e-06 2.25e-06 2.2e-06 2.7e-06 2.6e-06 2.7e-06 2.65e-06 2.45e-06 2.65e-06 2.8e-06 2.3e-06 4e-06 2.65e-06 2.65e-06 2.2e-06 2.35e-06 3e-06 2.3e-06 2.35e-06 2.15e-06 2.4e-06 2.8e-06 2.05e-06 2.55e-06 2.4e-06 2.7e-06 2.65e-06 2.55e-06 2.75e-06 2.25e-06 2.5e-06 2.6e-06 2.75e-06 2.3e-06 2.55e-06 2.15e-06 2.55e-06 2.6e-06 2.3e-06
32 2.15e-06 2.4e-06 2.25e-06 2.3e-06 2.55e-06 2.15e-06 2.35e-06 2.45e-06 2.75e-06 2e-06 2.25e-06 2.2e-06 1.95e-06 2.3e-06 2.05e-06 2.3e-06 2.3e-06 2.3e-06 2.1e-06 2.7e-06 2.25e-06 2.15e-06 2.45e-06 2.25e-06 2.7e-06 2.05e-06 2.25e-06 2.4e-06 2.35e-06 2.15e-06 2.15e-06 2.65e-06 3.8e-06 2.55e-06 2.55e-06 2.5e-06 2.05e-06 2.5e-06 2.35e-06 2.4e-06 2.35e-06 2.3e-06 2.5e-06 2.7e-06 2.35e-06 2.15e-06 2.25e-06 2.35e-06 2.15e-06 2.15e-06 2.15e-06 2.15e-06 2.05e-06 2.35e-06 2e-06 2.55e-06 2.3e-06 2.3e-06 2.4e-06
33 2.65e-06 2.7e-06 2.45e-06 2.5e-06 3e-06 2.1e-06 2.3e-06 2.45e-06 2.7e-06 2.6e-06 2.25e-06 2.5e-06 1.9e-06 2.7e-06 2.35e-06 2.55e-06 2.2e-06 2.2e-06 2.9e-06 2.8e-06 2.05e-06 2.6e-06 2.7e-06 2.25e-06 2.55e-06 2e-06 2.4e-06 2.8e-06 2.2e-06 1.9e-06 2.8e-06 2.65e-06 2.55e-06 3.1e-06 2.25e-06 2.9e-06 2.25e-06 2.25e-06 2.65e-06 2.6e-06 2.35e-06 2.25e-06 2.85e-06 2.45e-06 2.75e-06 2.4e-06 2.55e-06 2.4e-06 2.6e-06 2.55e-06 2.7e-06 2.5e-06 2e-06 2.5e-06 2.5e-06 2.6e-06 2e-06 2.55e-06 2.35e-06
34 2.45e-06 1.8e-06 1.7e-06 2.2e-06 2.2e-06 2.45e-06 2.25e-06 2.2e-06 1.75e-06 2.6e-06 2.6e-06 2.35e-06 2.7e-06 1.8e-06 2.65e-06 2.45e-06 2.05e-06 2.6e-06 2.3e-06 1.65e-06 1.85e-06 2.2e-06 2.05e-06 2.65e-06 2.4e-06 2.7e-06 2.65e-06 2e-06 2.4e-06 2.85e-06 2.25e-06 2.2e-06 2.55e-06 2.25e-06 2.6e-06 2e-06 3.1e-06 2.25e-06 2.45e-06 1.65e-06 2.1e-06 2.75e-06 2.05e-06 2.15e-06 1.85e-06 2.7e-06 2.35e-06 2.45e-06 2.65e-06 2.15e-06 2.3e-06 2.6e-06 2.8e-06 1.75e-06 2.55e-06 1.35e-06 2.55e-06 2.35e-06 2.25e-06
35 1.9e-06 1.35e-06 1.9e-06 1.9e-06 1.5e-06 2.15e-06 2.4e-06 2e-06 1.9e-06 2.55e-06 2.3e-06 2.05e-06 3.05e-06 1.15e-06 3e-06 2.05e-06 2.65e-06 3.05e-06 1.5e-06 1.8e-06 2.05e-06 1.8e-06 2.25e-06 2.9e-06 2.45e-06 3.1e-06 2.75e-06 1.85e-06 2.7e-06 3.1e-06 1e-06 2.35e-06 2.5e-06 2.9e-06 2e-06 1.7e-06 3.55e-06 2.35e-06 1.75e-06 1.3e-06 2.15e-06 3.1e-06 1.6e-06 2.75e-06 1.7e-06 3.05e-06 2.5e-06 3.05e-06 2.2e-06 1.85e-06 1.65e-06 1.8e-06 3.15e-06 2.05e-06 2.85e-06 1.2e-06 3.15e-06 2.5e-06 2.4e-06
36 2.05e-06 3.55e-06 2.7e-06 3.15e-06 3.85e-06 1.9e-06 2e-06 2.5e-06 4.2e-06 2.1e-06 1.95e-06 2.1e-06 6.5e-07 3.65e-06 8.5e-07 2.25e-06 1.65e-06 1.7e-06 2.45e-06 4.15e-06 2.55e-06 2.25e-06 2.85e-06 1.55e-06 3.1e-06 7.5e-07 1.65e-06 3.1e-06 1.8e-06 7.5e-07 3.15e-06 3e-06 2.05e-06 2.25e-06 3.1e-06 3.55e-06 4e-07 2.75e-06 2.6e-06 3.5e-06 2.8e-06 1.15e-06 3.6e-06 3.5e-06 4.1e-06 9.5e-07 2.35e-06 2.1e-06 1.95e-06 2.95e-06 2.45e-06 2.45e-06 6.5e-07 3.5e-06 1.5e-06 3.75e-06 1.9e-06 2.35e-06 2.6e-06
37 2.25e-06 2.05e-06 2.3e-06 2.15e-06 2.1e-06 1.9e-06 2.45e-06 2.3e-06 2.05e-06 2.55e-06 2.05e-06 2.3e-06 2.25e-06 2.15e-06 2.7e-06 2.3e-06 2.8e-06 2.3e-06 2.25e-06 1.95e-06 1.9e-06 2.3e-06 2.2e-06 2.55e-06 2.2e-06 2.3e-06 2.5e-06 2.45e-06 2.5e-06 2.25e-06 2.1e-06 2.3e-06 2.5e-06 2.25e-06 2.25e-06 2.35e-06 2.75e-06 3.5e-06 2.6e-06 2.1e-06 2.1e-06 2.65e-06 1.85e-06 2.25e-06 2.35e-06 2.75e-06 2.5e-06 2.4e-06 2.5e-06 2.1e-06 2.5e-06 2.2e-06 2.35e-06 2.2e-06 2.45e-06 2.1e-06 2e-06 2.45e-06 1.9e-06
38 2.1e-06 2.3e-06 2.2e-06 2.4e-06 2.35e-06 2.05e-06 2.5e-06 2.1e-06 3.05e-06 2.4e-06 2.2e-06 1.9e-06 2.25e-06 2.05e-06 2.2e-06 2.2e-06 2.1e-06 2.9e-06 1.85e-06 3e-06 2.35e-06 1.8e-06 2.5e-06 2.1e-06 2.7e-06 2.3e-06 2.1e-06 2.45e-06 2.3e-06 2.3e-06 1.6e-06 2.35e-06 2.35e-06 2.65e-06 2.45e-06 1.75e-06 2.6e-06 2.6e-06 2.8e-06 2.25e-06 2.45e-06 2.3e-06 2.5e-06 3.15e-06 2.6e-06 2.2e-06 2.65e-06 2.55e-06 2e-06 2.15e-06 1.6e-06 1.75e-06 2.35e-06 2.65e-06 2.45e-06 2.45e-06 2.65e-06 2.65e-06 2.65e-06
39 1.7e-06 9.5e-07 1.5e-06 1.85e-06 1.55e-06 2.1e-06 2.2e-06 2.35e-06 1.2e-06 2.45e-06 2.25e-06 2e-06 3e-06 1.1e-06 2.95e-06 2.1e-06 2.7e-06 2.75e-06 1.45e-06 1.1e-06 1.65e-06 1.75e-06 1.9e-06 3.05e-06 2.15e-06 3.05e-06 2.85e-06 1.45e-06 2.85e-06 3.15e-06 1.3e-06 2.15e-06 2.4e-06 2.6e-06 1.65e-06 1.3e-06 3.5e-06 2.1e-06 2.25e-06 1.4e-06 1.9e-06 3e-06 1.25e-06 2.2e-06 1.25e-06 3e-06 2.3e-06 2.85e-06 2.5e-06 1.5e-06 2e-06 2.3e-06 3.1e-06 1.35e-06 2.5e-06 7.5e-07 2.95e-06 2.25e-06 2.05e-06
40 2.2e-06 1.9e-06 2.1e-06 1.95e-06 2.2e-06 1.95e-06 2.4e-06 2.3e-06 2.1e-06 2.4e-06 2.1e-06 2.25e-06 2.3e-06 1.95e-06 2.65e-06 2.05e-06 2.65e-06 2.3e-06 2.15e-06 2e-06 1.85e-06 2.2e-06 2.3e-06 2.35e-06 2.2e-06 2.35e-06 2.3e-06 2.3e-06 2.3e-06 2.45e-06 2e-06 2.4e-06 2.35e-06 2.35e-06 2.1e-06 2.15e-06 2.8e-06 2.1e-06 2.45e-06 1.9e-06 3.6e-06 2.5e-06 2e-06 2.15e-06 2.1e-06 2.7e-06 2.35e-06 2.3e-06 2.45e-06 2e-06 2.35e-06 2e-06 2.4e-06 2e-06 2.45e-06 1.85e-06 2e-06 2.3e-06 2.05e-06
41 2.1e-06 3.15e-06 2.5e-06 2.95e-06 3.5e-06 1.85e-06 2.2e-06 2.4e-06 3.85e-06 2.3e-06 1.95e-06 2.05e-06 1.15e-06 3.2e-06 1.35e-06 2.1e-06 1.75e-06 2.15e-06 2.3e-06 3.8e-06 2.35e-06 2.1e-06 2.75e-06 1.5e-06 2.75e-06 1.2e-06 1.6e-06 2.9e-06 1.8e-06 1.2e-06 2.75e-06 2.8e-06 2.3e-06 2.25e-06 2.75e-06 3.1e-06 1.15e-06 2.65e-06 2.3e-06 3e-06 2.5e-06 2.1e-06 3.3e-06 3.2e-06 3.65e-06 1.4e-06 2.6e-06 2.05e-06 2.1e-06 2.6e-06 2.25e-06 2.15e-06 1.15e-06 3.1e-06 1.85e-06 3.3e-06 1.85e-06 2.55e-06 2.55e-06
42 2e-06 1.1e-06 1.95e-06 1.75e-06 1.3e-06 2e-06 2.45e-06 2.4e-06 1.15e-06 2.55e-06 2.15e-06 2.05e-06 3.1e-06 1.4e-06 3.2e-06 2.2e-06 3.1e-06 2.65e-06 1.55e-06 1.05e-06 1.95e-06 1.85e-06 1.8e-06 3.1e-06 2.2e-06 3.15e-06 2.9e-06 1.85e-06 2.9e-06 3.25e-06 1.25e-06 2.05e-06 2.5e-06 2.85e-06 2.05e-06 1.6e-06 3.6e-06 1.85e-06 2.5e-06 1.25e-06 2e-06 3.3e-06 1.6e-06 2.15e-06 1.5e-06 3.25e-06 2.4e-06 2.8e-06 2.6e-06 1.6e-06 2.25e-06 2.2e-06 3.2e-06 1.8e-06 2.7e-06 1.25e-06 2.75e-06 2.35e-06 1.85e-06
43 2.9e-06 2.2e-06 2.4e-06 2.2e-06 2.35e-06 2.65e-06 2.7e-06 2.8e-06 1.65e-06 2.75e-06 2.8e-06 2.95e-06 3e-06 2.25e-06 3.35e-06 2.8e-06 3e-06 2.55e-06 2.85e-06 1.75e-06 2.15e-06 2.9e-06 2.45e-06 3e-06 2.35e-06 3.05e-06 3e-06 2.35e-06 2.7e-06 3.15e-06 2.7e-06 2.55e-06 2.7e-06 2.45e-06 2.15e-06 2.75e-06 3.5e-06 2.25e-06 3.15e-06 2.2e-06 2.15e-06 3.2e-06 2.15e-06 3.2e-06 1.8e-06 3.4e-06 2.6e-06 2.4e-06 3.15e-06 2.35e-06 3.05e-06 2.7e-06 3.1e-06 1.95e-06 2.75e-06 2.05e-06 2.1e-06 2.6e-06 2.25e-06
44 2.45e-06 1.3e-06 1.85e-06 1.8e-06 1.55e-06 2.7e-06 2.55e-06 2.65e-06 9.5e-07 2.4e-06 2.85e-06 2.6e-06 3.6e-06 1.2e-06 3.55e-06 2.65e-06 2.95e-06 2.95e-06 2.05e-06 1.1e-06 2e-06 2.35e-06 2.15e-06 3.4e-06 2.45e-06 3.65e-06 3.3e-06 1.55e-06 3.05e-06 3.75e-06 1.65e-06 2.4e-06 2.35e-06 2.75e-06 1.85e-06 1.7e-06 4.1e-06 2.35e-06 2.6e-06 1.25e-06 2.1e-06 3.65e-06 1.5e-06 1.8e-06 1.4e-06 3.6e-06 2.4e-06 2.95e-06 2.85e-06 1.7e-06 2.35e-06 2.5e-06 3.7e-06 1.3e-06 2.75e-06 1.15e-06 3.05e-06 2.45e-06 2.3e-06
45 2.05e-06 3.1e-06 2.15e-06 3.05e-06 3.45e-06 2.05e-06 2.05e-06 2.35e-06 3.8e-06 2.15e-06 2.1e-06 1.75e-06 1.15e-06 3.15e-06 9e-07 2.25e-06 1.35e-06 2.2e-06 2.1e-06 3.75e-06 2.45e-06 1.75e-06 2.4e-06 1.55e-06 3e-06 1.1e-06 1.5e-06 2.7e-06 1.8e-06 1.25e-06 2.7e-06 2.7e-06 2.15e-06 2.4e-06 2.7e-06 3.05e-06 9.5e-07 2.75e-06 2.2e-06 3e-06 2.7e-06 1.4e-06 3.25e-06 3.4e-06 3.6e-06 1.6e-06 2.45e-06 1.95e-06 1.9e-06 2.6e-06 1.9e-06 2.35e-06 1.1e-06 3.1e-06 1.55e-06 3.25e-06 2.2e-06 2.4e-06 2.6e-06
46 2.35e-06 2.3e-06 2.25e-06 2.3e-06 2.55e-06 2.35e-06 2.35e-06 2.55e-06 2.45e-06 2.35e-06 2.45e-06 2.4e-06 2.25e-06 2.3e-06 2.35e-06 2.4e-06 2.4e-06 2.3e-06 2.3e-06 2.4e-06 2.25e-06 2.35e-06 2.45e-06 2.55e-06 2.7e-06 2.35e-06 2.55e-06 2.4e-06 2.45e-06 2.45e-06 2.35e-06 2.65e-06 2.25e-06 2.55e-06 2.35e-06 2.5e-06 2.35e-06 2.5e-06 2.65e-06 2.3e-06 2.35e-06 2.6e-06 2.4e-06 2.6e-06 2.4e-06 2.45e-06 4.4e-06 2.55e-06 2.45e-06 2.4e-06 2.45e-06 2.45e-06 2.35e-06 2.4e-06 2.3e-06 2.25e-06 2.5e-06 2.3e-06 2.4e-06
47 2.6e-06 2.85e-06 2.25e-06 2.6e-06 2.95e-06 2.25e-06 2.55e-06 2.45e-06 3.05e-06 2.4e-06 2.35e-06 2.25e-06 1.85e-06 2.85e-06 1.9e-06 2.45e-06 2.05e-06 2.35e-06 2.55e-06 2.95e-06 2.3e-06 2.2e-06 2.25e-06 1.85e-06 2.5e-06 1.8e-06 1.75e-06 2.8e-06 2e-06 2e-06 2.75e-06 2.55e-06 2.35e-06 2.4e-06 2.45e-06 3.05e-06 2.1e-06 2.4e-06 2.55e-06 2.85e-06 2.3e-06 2.05e-06 2.8e-06 2.4e-06 2.95e-06 1.95e-06 2.55e-06 3.2e-06 2.4e-06 2.45e-06 2.25e-06 2.25e-06 1.9e-06 2.6e-06 2.05e-06 2.95e-06 1.65e-06 2.5e-06 2.35e-06
48 1.9e-06 2.5e-06 2.3e-06 2.4e-06 2.55e-06 1.9e-06 2.3e-06 2.1e-06 3.2e-06 2.2e-06 2e-06 1.9e-06 1.8e-06 2.3e-06 1.85e-06 2.05e-06 2.1e-06 2.45e-06 1.85e-06 3.15e-06 2.35e-06 1.85e-06 2.5e-06 1.95e-06 2.7e-06 1.75e-06 1.95e-06 2.5e-06 2.2e-06 1.85e-06 1.8e-06 2.75e-06 2.15e-06 2.6e-06 2.65e-06 2.2e-06 1.95e-06 2.5e-06 2e-06 2.5e-06 2.45e-06 2.1e-06 2.6e-06 3.15e-06 2.85e-06 1.9e-06 2.45e-06 2.4e-06 3.3e-06 2.3e-06 1.75e-06 1.8e-06 1.85e-06 2.85e-06 2.15e-06 2.7e-06 2.4e-06 2.45e-06 2.5e-06
49 1.8e-06 1.5e-06 1.85e-06 2.05e-06 1.9e-06 1.8e-06 2.35e-06 2.35e-06 1.9e-06 2.2e-06 1.95e-06 1.85e-06 2.45e-06 1.65e-06 2.55e-06 2.1e-06 2.6e-06 2.65e-06 1.5e-06 1.85e-06 1.85e-06 1.7e-06 2.05e-06 2.5e-06 2.3e-06 2.5e-06 2.35e-06 1.85e-06 2.55e-06 2.6e-06 1.45e-06 2.25e-06 2.15e-06 2.55e-06 2.15e-06 1.85e-06 2.95e-06 2.1e-06 2.15e-06 1.5e-06 2e-06 2.6e-06 1.6e-06 2.35e-06 1.7e-06 2.6e-06 2.4e-06 2.45e-06 2.3e-06 2.3e-06 1.95e-06 2e-06 2.55e-06 1.4e-06 2.2e-06 1.7e-06 2.4e-06 2.35e-06 2.05e-06
50 1.9e-06 2.05e-06 1.8e-06 2.3e-06 2.1e-06 2.05e-06 2.3e-06 1.95e-06 2.8e-06 2.2e-06 2.15e-06 1.65e-06 2.2e-06 1.8e-06 1.85e-06 2.05e-06 1.8e-06 2.85e-06 1.5e-06 2.75e-06 2.25e-06 1.4e-06 2.05e-06 2e-06 2.6e-06 2.15e-06 1.8e-06 2.1e-06 2.15e-06 2.25e-06 1.35e-06 2.5e-06 2.15e-06 2.7e-06 2.3e-06 1.65e-06 2.45e-06 2.5e-06 1.6e-06 2e-06 2.35e-06 2.25e-06 2.25e-06 3.05e-06 2.35e-06 1.9e-06 2.45e-06 2.25e-06 1.75e-06 1.95e-06 2.3e-06 1.65e-06 2.25e-06 2.45e-06 2.15e-06 2.2e-06 2.7e-06 2.45e-06 2.5e-06
51 1.95e-06 2.2e-06 2.4e-06 1.9e-06 2.05e-06 1.6e-06 2.45e-06 1.85e-06 2.9e-06 2.2e-06 1.75e-06 1.9e-06 1.95e-06 1.95e-06 2.3e-06 1.75e-06 2.45e-06 2.45e-06 1.8e-06 2.85e-06 2.15e-06 1.85e-06 2.5e-06 1.8e-06 2.25e-06 2e-06 1.8e-06 2.55e-06 2e-06 2e-06 1.35e-06 2.6e-06 2.15e-06 2.5e-06 2.6e-06 1.8e-06 2.45e-06 2.2e-06 1.75e-06 2.3e-06 2e-06 2.15e-06 2.2e-06 2.7e-06 2.5e-06 2.35e-06 2.45e-06 2.25e-06 1.8e-06 2e-06 1.65e-06 2.3e-06 2.05e-06 2.65e-06 2.45e-06 2.5e-06 1.95e-06 2.45e-06 2.25e-06
52 1.85e-06 3.15e-06 2.5e-06 2.75e-06 3.45e-06 1.45e-06 1.95e-06 2.2e-06 3.8e-06 2.05e-06 1.45e-06 1.9e-06 6e-07 3.25e-06 1.05e-06 1.95e-06 1.75e-06 1.7e-06 2.25e-06 3.75e-06 2.15e-06 2.05e-06 2.65e-06 1.35e-06 2.7e-06 5.5e-07 1.45e-06 2.9e-06 1.7e-06 7.5e-07 2.75e-06 2.75e-06 2.05e-06 2e-06 2.8e-06 3.15e-06 6.5e-07 2.35e-06 2.35e-06 3.1e-06 2.4e-06 1.15e-06 3.2e-06 3.1e-06 3.7e-06 1.1e-06 2.35e-06 1.9e-06 1.85e-06 2.55e-06 2.25e-06 2.05e-06 1e-06 3.1e-06 1.55e-06 3.35e-06 1.45e-06 2.3e-06 2.1e-06
53 2.3e-06 1.5e-06 1.7e-06 2.15e-06 2e-06 2.45e-06 2.5e-06 2.65e-06 1.4e-06 2.4e-06 2.6e-06 2.45e-06 3e-06 1.55e-06 3.05e-06 2.55e-06 2.8e-06 2.75e-06 2.1e-06 1.3e-06 1.75e-06 2.3e-06 2.1e-06 3.1e-06 2.35e-06 3.05e-06 2.95e-06 1.75e-06 2.9e-06 3.15e-06 2.1e-06 2.3e-06 2.35e-06 2.5e-06 1.75e-06 2.05e-06 3.5e-06 2.2e-06 2.65e-06 1.35e-06 2e-06 3.1e-06 1.8e-06 1.95e-06 1.3e-06 3.1e-06 2.4e-06 2.6e-06 2.85e-06 1.4e-06 2.45e-06 2.65e-06 3.1e-06 1.8e-06 2.35e-06 1.25e-06 2.6e-06 2.35e-06 2.15e-06
54 1.9e-06 2.6e-06 2.05e-06 2.75e-06 2.9e-06 2.15e-06 2.1e-06 2.55e-06 2.9e-06 2e-06 2.2e-06 2.05e-06 1.6e-06 2.65e-06 1.5e-06 2.35e-06 1.95e-06 2.15e-06 1.95e-06 2.85e-06 2.2e-06 2e-06 2.25e-06 2.05e-06 2.7e-06 1.6e-06 2e-06 2.2e-06 2.25e-06 1.7e-06 2.55e-06 2.55e-06 2e-06 2.5e-06 2.55e-06 2.85e-06 1.5e-06 2.45e-06 2.45e-06 2.5e-06 2.45e-06 1.85e-06 2.7e-06 2.75e-06 2.75e-06 1.55e-06 2.3e-06 2.05e-06 2.15e-06 2.2e-06 2.15e-06 2.45e-06 1.55e-06 2.35e-06 2.5e-06 2.7e-06 2.15e-06 2.25e-06 2.3e-06
55 2e-06 8.5e-07 1.45e-06 1.8e-06 1.5e-06 2.35e-06 2.2e-06 2.3e-06 9.5e-07 2.6e-06 2.5e-06 2.25e-06 3.25e-06 1e-06 3.2e-06 2.2e-06 2.7e-06 2.75e-06 1.7e-06 8e-07 1.6e-06 2e-06 1.9e-06 3.3e-06 2.25e-06 3.3e-06 3.1e-06 1.45e-06 2.85e-06 3.4e-06 1.5e-06 2.15e-06 2.55e-06 2.6e-06 1.35e-06 1.2e-06 3.75e-06 2.1e-06 2.45e-06 7.5e-07 1.85e-06 3.3e-06 1.25e-06 2.05e-06 1.15e-06 3.25e-06 2.25e-06 2.95e-06 2.7e-06 1.7e-06 2.2e-06 2.5e-06 3.35e-06 1.25e-06 2.7e-06 7e-07 3.05e-06 2.2e-06 2.05e-06
56 2.45e-06 2.9e-06 2.65e-06 2.3e-06 2.95e-06 1.65e-06 2.5e-06 2.3e-06 3.05e-06 2.35e-06 1.8e-06 2.4e-06 1.35e-06 2.95e-06 2.15e-06 2.2e-06 2.5e-06 1.9e-06 2.75e-06 2.95e-06 2e-06 2.55e-06 2.6e-06 1.7e-06 2.2e-06 1.4e-06 1.8e-06 3.05e-06 1.9e-06 1.55e-06 2.8e-06 2.55e-06 2.3e-06 2e-06 2.55e-06 3.15e-06 1.9e-06 2e-06 2.65e-06 2.95e-06 2e-06 1.85e-06 2.75e-06 2.1e-06 3.05e-06 2.2e-06 2.5e-06 1.65e-06 2.4e-06 2.4e-06 2.7e-06 1.95e-06 1.45e-06 2.6e-06 2.15e-06 3.05e-06 1.8e-06 2.45e-06 1.95e-06
57 2.25e-06 2.25e-06 2.2e-06 2.3e-06 2.55e-06 2.3e-06 2.35e-06 2.55e-06 2.45e-06 2.35e-06 2.4e-06 2.35e-06 2.25e-06 2.3e-06 2.35e-06 2.35e-06 2.45e-06 2.25e-06 2.2e-06 2.35e-06 2.2e-06 2.3e-06 2.4e-06 2.55e-06 2.65e-06 2.3e-06 2.5e-06 2.35e-06 2.45e-06 2.4e-06 2.35e-06 2.6e-06 2.3e-06 2.55e-06 2.35e-06 2.5e-06 2.35e-06 2.45e-06 2.65e-06 2.25e-06 2.3e-06 2.55e-06 2.35e-06 2.6e-06 2.45e-06 2.4e-06 2.3e-06 2.5e-06 2.45e-06 2.35e-06 2.45e-06 2.45e-06 2.3e-06 2.35e-06 2.25e-06 2.2e-06 2.45e-06 4.3e-06 2.35e-06
58 2.15e-06 2e-06 2.2e-06 2.1e-06 2.2e-06 1.8e-06 2.35e-06 2.4e-06 2e-06 2.45e-06 1.85e-06 2.2e-06 2.1e-06 2.2e-06 2.55e-06 2.2e-06 2.7e-06 2.2e-06 2.15e-06 1.95e-06 1.9e-06 2.2e-06 2.15e-06 2.45e-06 2.3e-06 2.05e-06 2.4e-06 2.35e-06 2.45e-06 2.3e-06 2.15e-06 2.3e-06 2.4e-06 2.35e-06 2.25e-06 2.4e-06 2.6e-06 1.9e-06 2.65e-06 2.05e-06 2.05e-06 2.55e-06 1.85e-06 2.25e-06 2.3e-06 2.6e-06 2.4e-06 2.35e-06 2.5e-06 2.05e-06 2.5e-06 2.25e-06 2.1e-06 2.15e-06 2.3e-06 2.05e-06 1.95e-06 2.35e-06 3.4e-06
