 slim_762042086 slim_762042057 slim_762042087 slim_762042088 slim_762042064 slim_762042061 slim_762042073 slim_762042068 slim_762042081 slim_762042091 slim_762042059 slim_762042055 slim_762042083 slim_762042051 slim_762042071 slim_762042049 slim_762042048 slim_762042082 slim_762042062 slim_762042085 slim_762042090 slim_762042076 slim_762042050 slim_762042077 slim_762042072 slim_762042084 slim_762042060 slim_762042053 slim_762042074 slim_762042058 slim_762042065 slim_762042066 slim_762042080 slim_762042047 slim_762042054 slim_762042052 slim_762042079 slim_762042056 slim_762042067 slim_762042075 slim_762042078 slim_762042070 slim_762042089 slim_762042069 slim_762042063 slim_762042046
0 2.3e-06 1.75e-06 2.9e-06 3.35e-06 1.8e-06 2.05e-06 2.4e-06 2.55e-06 1.35e-06 3.45e-06 2.25e-06 2.7e-06 1.75e-06 2.65e-06 1.9e-06 2.1e-06 2e-06 1.2e-06 2.85e-06 2.35e-06 3.5e-06 3.4e-06 3.1e-06 3.05e-06 1.85e-06 2.05e-06 2.4e-06 2.5e-06 2.85e-06 3.55e-06 2.2e-06 4.25e-06 3.5e-06 2.85e-06 3.25e-06 2.05e-06 2.65e-06 3e-06 4.25e-06 3.4e-06 1.25e-06 2.6e-06 2.6e-06 2.5e-06 1.95e-06 2.75e-06
1 1.75e-06 2e-06 3.1e-06 3.35e-06 1.7e-06 2.25e-06 2.45e-06 2.65e-06 1.6e-06 3.2e-06 1.75e-06 2.95e-06 1.3e-06 2.95e-06 2.1e-06 2.4e-06 1.95e-06 1.1e-06 2.7e-06 2.45e-06 3.45e-06 3.35e-06 3.25e-06 2.7e-06 1.95e-06 2.2e-06 1.85e-06 2.6e-06 2.75e-06 3.45e-06 2.05e-06 4.2e-06 3.35e-06 3.05e-06 3.15e-06 2.25e-06 2.6e-06 3.3e-06 4.2e-06 3.4e-06 2.1e-06 2.55e-06 2.45e-06 2.55e-06 1.85e-06 2.65e-06
2 2.9e-06 3.1e-06 4.1e-06 2.65e-06 3.05e-06 2.45e-06 2.65e-06 2.95e-06 2.5e-06 3.45e-06 3.35e-06 3.2e-06 3.05e-06 2.95e-06 3.2e-06 3.15e-06 2.95e-06 3.15e-06 3.3e-06 2.5e-06 2.8e-06 2.6e-06 3.25e-06 2.95e-06 2.65e-06 2.65e-06 2.8e-06 2.9e-06 2.7e-06 2.55e-06 3.25e-06 2.1e-06 2.8e-06 3.2e-06 3.15e-06 2.45e-06 3.15e-06 2.4e-06 2.05e-06 2.55e-06 2.35e-06 2.95e-06 3.2e-06 2.95e-06 3.1e-06 2.6e-06
3 3.35e-06 3.35e-06 2.65e-06 3.5e-06 2.85e-06 3.45e-06 2.85e-06 2.7e-06 3.35e-06 3.4e-06 3.75e-06 2.75e-06 3.55e-06 2e-06 2.8e-06 3.2e-06 3.4e-06 3.35e-06 3.2e-06 2.7e-06 2.75e-06 2.15e-06 2.2e-06 3.6e-06 3.35e-06 2.5e-06 3.45e-06 2.65e-06 2.65e-06 1.9e-06 2.85e-06 1.8e-06 3e-06 2.55e-06 2.7e-06 3.45e-06 1.9e-06 2.65e-06 1.75e-06 2.15e-06 3.35e-06 3.8e-06 3.25e-06 2.7e-06 3.65e-06 2.55e-06
4 1.8e-06 1.7e-06 3.05e-06 2.85e-06 2.5e-06 2.55e-06 2.1e-06 2.5e-06 1.8e-06 3.3e-06 2.2e-06 2.15e-06 1.7e-06 2.1e-06 1.7e-06 2.2e-06 2.3e-06 1.35e-06 2.6e-06 2.25e-06 3.15e-06 2.65e-06 2.5e-06 3.4e-06 2.2e-06 1.9e-06 2.55e-06 2.45e-06 2.7e-06 3e-06 1.9e-06 3.85e-06 3.4e-06 2.5e-06 2.85e-06 2.55e-06 2e-06 3.05e-06 3.85e-06 2.9e-06 2.15e-06 2.95e-06 2.15e-06 2.3e-06 2.15e-06 2.6e-06
5 2.05e-06 2.25e-06 2.45e-06 3.45e-06 2.55e-06 1.7e-06 1.85e-06 2.3e-06 1.65e-06 3.05e-06 2.4e-06 3.1e-06 2.1e-06 3.3e-06 2.75e-06 2.65e-06 2.3e-06 2.25e-06 2.9e-06 2.2e-06 2.75e-06 3.2e-06 3.3e-06 1.8e-06 1.45e-06 2.55e-06 1.65e-06 2.25e-06 2.95e-06 3.3e-06 2.85e-06 3.45e-06 3e-06 3.2e-06 3e-06 9e-07 3.3e-06 2.65e-06 3.45e-06 3.45e-06 1.55e-06 1.75e-06 2.7e-06 2.55e-06 2.2e-06 2.85e-06
6 2.4e-06 2.45e-06 2.65e-06 2.85e-06 2.1e-06 1.85e-06 3.2e-06 2.25e-06 2.25e-06 2.95e-06 2.55e-06 2.2e-06 2.3e-06 2.5e-06 2.55e-06 2.6e-06 2.75e-06 2.6e-06 2.7e-06 2.3e-06 2.45e-06 2.4e-06 2.5e-06 2.4e-06 2.05e-06 2.4e-06 2.05e-06 2.2e-06 2.95e-06 2.7e-06 2.6e-06 3.1e-06 3.05e-06 2.5e-06 2.5e-06 1.85e-06 2.45e-06 2.65e-06 3.1e-06 3.05e-06 2.1e-06 2.35e-06 2.3e-06 2.4e-06 2.65e-06 2.85e-06
7 2.55e-06 2.65e-06 2.95e-06 2.7e-06 2.5e-06 2.3e-06 2.25e-06 4.1e-06 2.45e-06 3.2e-06 2.95e-06 2.85e-06 2.75e-06 2.5e-06 2.45e-06 2.85e-06 2.8e-06 2.55e-06 3e-06 2.55e-06 2.9e-06 2.95e-06 2.4e-06 2.6e-06 2.3e-06 2.55e-06 2.5e-06 2.15e-06 3.05e-06 2.85e-06 2.6e-06 3.35e-06 3.4e-06 2.75e-06 2.75e-06 2.3e-06 2.2e-06 2.95e-06 3.35e-06 3.2e-06 2.45e-06 2.75e-06 2.95e-06 2.45e-06 2.9e-06 2.95e-06
8 1.35e-06 1.6e-06 2.5e-06 3.35e-06 1.8e-06 1.65e-06 2.25e-06 2.45e-06 1.4e-06 3.3e-06 2.15e-06 2.95e-06 1.35e-06 2.8e-06 1.7e-06 2.05e-06 1.95e-06 1.2e-06 2.7e-06 1.95e-06 3.35e-06 3.35e-06 3.2e-06 2.75e-06 1.4e-06 1.85e-06 2.1e-06 2.4e-06 2.75e-06 3.5e-06 2.2e-06 4.1e-06 3.25e-06 3.1e-06 3.25e-06 1.65e-06 2.75e-06 2.75e-06 4.1e-06 3.15e-06 1.1e-06 2.25e-06 2.45e-06 2.25e-06 1.5e-06 2.65e-06
9 3.45e-06 3.2e-06 3.45e-06 3.4e-06 3.3e-06 3.05e-06 2.95e-06 3.2e-06 3.3e-06 3.7e-06 3.2e-06 2.65e-06 3.25e-06 3.1e-06 3.35e-06 2.9e-06 3.65e-06 3.65e-06 2.4e-06 3.2e-06 2.75e-06 3.35e-06 2.9e-06 2.7e-06 3.25e-06 3.25e-06 2.95e-06 3.15e-06 3.75e-06 3.25e-06 3.25e-06 3.65e-06 2.8e-06 2.55e-06 2.65e-06 3.05e-06 3e-06 3.35e-06 3.65e-06 3.75e-06 3.15e-06 2.5e-06 2.45e-06 3e-06 2.65e-06 3.65e-06
10 2.25e-06 1.75e-06 3.35e-06 3.75e-06 2.2e-06 2.4e-06 2.55e-06 2.95e-06 2.15e-06 3.2e-06 3.1e-06 3.2e-06 1.8e-06 3.55e-06 2.65e-06 2.7e-06 2.25e-06 1.6e-06 3.25e-06 2.6e-06 3e-06 3.55e-06 3.5e-06 2.35e-06 2.1e-06 2.8e-06 2.15e-06 2.9e-06 3e-06 3.85e-06 2.75e-06 4.15e-06 3.5e-06 3.5e-06 3.25e-06 2.4e-06 3.45e-06 3.5e-06 4.15e-06 3.65e-06 2.65e-06 2.6e-06 2.85e-06 2.75e-06 2.3e-06 2.9e-06
11 2.7e-06 2.95e-06 3.2e-06 2.75e-06 2.15e-06 3.1e-06 2.2e-06 2.85e-06 2.95e-06 2.65e-06 3.2e-06 2.1e-06 2.8e-06 1.9e-06 2.6e-06 2.1e-06 3.6e-06 3.25e-06 2.4e-06 2.85e-06 2.65e-06 2.3e-06 2.2e-06 3.6e-06 3.25e-06 2.4e-06 3.1e-06 2.8e-06 3.45e-06 2.6e-06 2.65e-06 3.45e-06 3.2e-06 1.4e-06 2.2e-06 3.1e-06 1.9e-06 3e-06 3.45e-06 3.1e-06 2.45e-06 3.2e-06 1.95e-06 2.7e-06 2.95e-06 3.35e-06
12 1.75e-06 1.3e-06 3.05e-06 3.55e-06 1.7e-06 2.1e-06 2.3e-06 2.75e-06 1.35e-06 3.25e-06 1.8e-06 2.8e-06 2e-06 3e-06 1.95e-06 2.15e-06 2.2e-06 1.3e-06 2.75e-06 2.25e-06 3.35e-06 3.3e-06 3.4e-06 2.8e-06 1.75e-06 2.1e-06 1.95e-06 2.7e-06 2.9e-06 3.65e-06 2.3e-06 4.3e-06 3.35e-06 3.15e-06 3.25e-06 2.1e-06 2.9e-06 3.25e-06 4.3e-06 3.35e-06 1.9e-06 2.45e-06 2.3e-06 2.5e-06 1.65e-06 2.8e-06
13 2.65e-06 2.95e-06 2.95e-06 2e-06 2.1e-06 3.3e-06 2.5e-06 2.5e-06 2.8e-06 3.1e-06 3.55e-06 1.9e-06 3e-06 2e-06 1.9e-06 2.55e-06 3.35e-06 2.8e-06 2.3e-06 2.8e-06 3.1e-06 2.25e-06 1.65e-06 4e-06 3.2e-06 1.85e-06 3.45e-06 2.45e-06 2.95e-06 2.15e-06 2.1e-06 2.95e-06 3.15e-06 1.85e-06 2.45e-06 3.3e-06 1.25e-06 2.8e-06 2.9e-06 2.65e-06 2.65e-06 3.5e-06 2.35e-06 2.5e-06 2.95e-06 2.85e-06
14 1.9e-06 2.1e-06 3.2e-06 2.8e-06 1.7e-06 2.75e-06 2.55e-06 2.45e-06 1.7e-06 3.35e-06 2.65e-06 2.6e-06 1.95e-06 1.9e-06 2.4e-06 2.2e-06 2.6e-06 1.5e-06 2.55e-06 2.25e-06 3.4e-06 3.1e-06 2.25e-06 3.65e-06 2.2e-06 1.9e-06 3e-06 2.4e-06 2.9e-06 3.2e-06 1.9e-06 4.1e-06 3.5e-06 2.7e-06 3.05e-06 2.75e-06 1.9e-06 3.2e-06 4.1e-06 2.95e-06 2.2e-06 3.05e-06 2.45e-06 2.25e-06 2e-06 2.8e-06
15 2.1e-06 2.4e-06 3.15e-06 3.2e-06 2.2e-06 2.65e-06 2.6e-06 2.85e-06 2.05e-06 2.9e-06 2.7e-06 2.1e-06 2.15e-06 2.55e-06 2.2e-06 3.6e-06 2.8e-06 2.2e-06 2.7e-06 2.45e-06 3.05e-06 3.15e-06 2.85e-06 3.2e-06 2.4e-06 2.2e-06 2.85e-06 2.8e-06 3.15e-06 3.25e-06 2.55e-06 3.9e-06 3.3e-06 2.2e-06 2.8e-06 2.65e-06 2.55e-06 3.15e-06 3.9e-06 3.15e-06 2.1e-06 2.85e-06 2.5e-06 2.5e-06 2.2e-06 3.05e-06
16 2e-06 1.95e-06 2.95e-06 3.4e-06 2.3e-06 2.3e-06 2.75e-06 2.8e-06 1.95e-06 3.65e-06 2.25e-06 3.6e-06 2.2e-06 3.35e-06 2.6e-06 2.8e-06 2.7e-06 1.4e-06 3.45e-06 2.5e-06 3.45e-06 3.55e-06 3.5e-06 2.65e-06 2e-06 2.55e-06 2.4e-06 2.75e-06 2.55e-06 3.6e-06 2.65e-06 3.65e-06 3.45e-06 3.65e-06 3.6e-06 2.3e-06 3.35e-06 3.15e-06 3.65e-06 3.35e-06 2.3e-06 2.75e-06 3.3e-06 2.7e-06 2.45e-06 2.5e-06
17 1.2e-06 1.1e-06 3.15e-06 3.35e-06 1.35e-06 2.25e-06 2.6e-06 2.55e-06 1.2e-06 3.65e-06 1.6e-06 3.25e-06 1.3e-06 2.8e-06 1.5e-06 2.2e-06 1.4e-06 2e-07 3e-06 2.1e-06 3.65e-06 3.6e-06 3.2e-06 3.05e-06 1.6e-06 1.95e-06 2.35e-06 2.5e-06 2.35e-06 3.75e-06 1.8e-06 4.4e-06 3.6e-06 3.4e-06 3.55e-06 2.25e-06 2.7e-06 3.35e-06 4.4e-06 3.15e-06 2e-06 2.7e-06 2.75e-06 2.35e-06 1.65e-06 2.3e-06
18 2.85e-06 2.7e-06 3.3e-06 3.2e-06 2.6e-06 2.9e-06 2.7e-06 3e-06 2.7e-06 2.4e-06 3.25e-06 2.4e-06 2.75e-06 2.3e-06 2.55e-06 2.7e-06 3.45e-06 3e-06 3.2e-06 3e-06 3.2e-06 3.1e-06 2.55e-06 3.4e-06 3.05e-06 2.6e-06 2.95e-06 2.95e-06 3.55e-06 2.9e-06 2.3e-06 3.9e-06 2.8e-06 2.2e-06 2.6e-06 2.9e-06 2.2e-06 3.2e-06 3.9e-06 3.55e-06 2.6e-06 2.5e-06 1.95e-06 2.95e-06 2.2e-06 3.45e-06
19 2.35e-06 2.45e-06 2.5e-06 2.7e-06 2.25e-06 2.2e-06 2.3e-06 2.55e-06 1.95e-06 3.2e-06 2.6e-06 2.85e-06 2.25e-06 2.8e-06 2.25e-06 2.45e-06 2.5e-06 2.1e-06 3e-06 3.4e-06 2.35e-06 2.65e-06 2.8e-06 2.75e-06 1.95e-06 2.3e-06 2.55e-06 2.5e-06 2.5e-06 2.75e-06 2.6e-06 2.7e-06 2.9e-06 2.95e-06 2.85e-06 2.2e-06 2.75e-06 2.65e-06 2.7e-06 2.3e-06 2.35e-06 2.65e-06 2.8e-06 2.3e-06 2.35e-06 2.4e-06
20 3.5e-06 3.45e-06 2.8e-06 2.75e-06 3.15e-06 2.75e-06 2.45e-06 2.9e-06 3.35e-06 2.75e-06 3e-06 2.65e-06 3.35e-06 3.1e-06 3.4e-06 3.05e-06 3.45e-06 3.65e-06 3.2e-06 2.35e-06 2.5e-06 2.5e-06 2.7e-06 2.45e-06 2.9e-06 3.2e-06 2.85e-06 2.85e-06 3.05e-06 2.55e-06 3.4e-06 2.25e-06 2.85e-06 2.7e-06 2.05e-06 2.75e-06 3.05e-06 2.75e-06 2.25e-06 2.65e-06 3.25e-06 2.9e-06 3.05e-06 2.8e-06 3.4e-06 2.95e-06
21 3.4e-06 3.35e-06 2.6e-06 2.15e-06 2.65e-06 3.2e-06 2.4e-06 2.95e-06 3.35e-06 3.35e-06 3.55e-06 2.3e-06 3.3e-06 2.25e-06 3.1e-06 3.15e-06 3.55e-06 3.6e-06 3.1e-06 2.65e-06 2.5e-06 3.4e-06 2.5e-06 3.55e-06 3.3e-06 2.6e-06 3.2e-06 2.9e-06 2.8e-06 2e-06 3.05e-06 1.75e-06 2.8e-06 2.5e-06 2.65e-06 3.2e-06 2.35e-06 2.5e-06 1.8e-06 2.2e-06 3.2e-06 3.55e-06 2.8e-06 2.85e-06 3.6e-06 2.7e-06
22 3.1e-06 3.25e-06 3.25e-06 2.2e-06 2.5e-06 3.3e-06 2.5e-06 2.4e-06 3.2e-06 2.9e-06 3.5e-06 2.2e-06 3.4e-06 1.65e-06 2.25e-06 2.85e-06 3.5e-06 3.2e-06 2.55e-06 2.8e-06 2.7e-06 2.5e-06 2.6e-06 3.4e-06 3.2e-06 2.55e-06 3.4e-06 2.35e-06 3.25e-06 2.25e-06 2.3e-06 3.1e-06 3.4e-06 1.95e-06 2.2e-06 3.3e-06 1.35e-06 3.05e-06 3.1e-06 2.95e-06 3.1e-06 3.5e-06 2.75e-06 2.3e-06 3.35e-06 3.15e-06
23 3.05e-06 2.7e-06 2.95e-06 3.6e-06 3.4e-06 1.8e-06 2.4e-06 2.6e-06 2.75e-06 2.7e-06 2.35e-06 3.6e-06 2.8e-06 4e-06 3.65e-06 3.2e-06 2.65e-06 3.05e-06 3.4e-06 2.75e-06 2.45e-06 3.55e-06 3.4e-06 2.1e-06 2.05e-06 3.35e-06 1.8e-06 2.6e-06 3.25e-06 3.4e-06 3.45e-06 3.25e-06 3.15e-06 3.45e-06 2.85e-06 1.8e-06 3.75e-06 3.1e-06 3.25e-06 3.8e-06 2.75e-06 2.05e-06 3.4e-06 2.7e-06 2.95e-06 3.15e-06
24 1.85e-06 1.95e-06 2.65e-06 3.35e-06 2.2e-06 1.45e-06 2.05e-06 2.3e-06 1.4e-06 3.25e-06 2.1e-06 3.25e-06 1.75e-06 3.2e-06 2.2e-06 2.4e-06 2e-06 1.6e-06 3.05e-06 1.95e-06 2.9e-06 3.3e-06 3.2e-06 2.05e-06 2.4e-06 2.25e-06 1.85e-06 2.25e-06 2.7e-06 3.4e-06 2.55e-06 3.6e-06 3.2e-06 3.35e-06 3.15e-06 1.45e-06 3.15e-06 2.85e-06 3.6e-06 3.15e-06 1.8e-06 2.05e-06 2.85e-06 2.25e-06 1.95e-06 2.6e-06
25 2.05e-06 2.2e-06 2.65e-06 2.5e-06 1.9e-06 2.55e-06 2.4e-06 2.55e-06 1.85e-06 3.25e-06 2.8e-06 2.4e-06 2.1e-06 1.85e-06 1.9e-06 2.2e-06 2.55e-06 1.95e-06 2.6e-06 2.3e-06 3.2e-06 2.6e-06 2.55e-06 3.35e-06 2.25e-06 3.1e-06 2.75e-06 2.5e-06 2.6e-06 2.55e-06 2.15e-06 3.1e-06 3.1e-06 2.4e-06 2.8e-06 2.55e-06 2e-06 2.7e-06 3.05e-06 2.6e-06 2.1e-06 3e-06 2.5e-06 2.25e-06 2.25e-06 2.5e-06
26 2.4e-06 1.85e-06 2.8e-06 3.45e-06 2.55e-06 1.65e-06 2.05e-06 2.5e-06 2.1e-06 2.95e-06 2.15e-06 3.1e-06 1.95e-06 3.45e-06 3e-06 2.85e-06 2.4e-06 2.35e-06 2.95e-06 2.55e-06 2.85e-06 3.2e-06 3.4e-06 1.8e-06 1.85e-06 2.75e-06 2.7e-06 2.45e-06 3.05e-06 3.3e-06 2.85e-06 3.55e-06 3.1e-06 3.2e-06 2.95e-06 1.65e-06 3.2e-06 3e-06 3.55e-06 3.6e-06 2.15e-06 2.05e-06 2.7e-06 2.7e-06 2.4e-06 2.95e-06
27 2.5e-06 2.6e-06 2.9e-06 2.65e-06 2.45e-06 2.25e-06 2.2e-06 2.15e-06 2.4e-06 3.15e-06 2.9e-06 2.8e-06 2.7e-06 2.45e-06 2.4e-06 2.8e-06 2.75e-06 2.5e-06 2.95e-06 2.5e-06 2.85e-06 2.9e-06 2.35e-06 2.6e-06 2.25e-06 2.5e-06 2.45e-06 4e-06 3e-06 2.8e-06 2.55e-06 3.3e-06 3.35e-06 2.7e-06 2.7e-06 2.2e-06 2.15e-06 2.9e-06 3.3e-06 3.15e-06 2.4e-06 2.75e-06 2.9e-06 2.4e-06 2.85e-06 2.9e-06
28 2.85e-06 2.75e-06 2.7e-06 2.65e-06 2.7e-06 2.95e-06 2.95e-06 3.05e-06 2.75e-06 3.75e-06 3e-06 3.45e-06 2.9e-06 2.95e-06 2.9e-06 3.15e-06 2.55e-06 2.35e-06 3.55e-06 2.5e-06 3.05e-06 2.8e-06 3.25e-06 3.25e-06 2.7e-06 2.6e-06 3.05e-06 3e-06 4.6e-06 2.75e-06 2.95e-06 2.35e-06 3.1e-06 3.45e-06 3.4e-06 2.95e-06 3.1e-06 2.9e-06 2.3e-06 2.45e-06 3.1e-06 3.35e-06 3.45e-06 2.9e-06 3.1e-06 2.3e-06
29 3.55e-06 3.45e-06 2.55e-06 1.9e-06 3e-06 3.3e-06 2.7e-06 2.85e-06 3.5e-06 3.25e-06 3.85e-06 2.6e-06 3.65e-06 2.15e-06 3.2e-06 3.25e-06 3.6e-06 3.75e-06 2.9e-06 2.75e-06 2.55e-06 2e-06 2.25e-06 3.4e-06 3.4e-06 2.55e-06 3.3e-06 2.8e-06 2.75e-06 3.1e-06 2.8e-06 1.6e-06 2.85e-06 2.2e-06 2.35e-06 3.3e-06 1.9e-06 2.55e-06 1.55e-06 2.2e-06 3.35e-06 3.65e-06 3.15e-06 2.75e-06 3.75e-06 2.65e-06
30 2.2e-06 2.05e-06 3.25e-06 2.85e-06 1.9e-06 2.85e-06 2.6e-06 2.6e-06 2.2e-06 3.25e-06 2.75e-06 2.65e-06 2.3e-06 2.1e-06 1.9e-06 2.55e-06 2.65e-06 1.8e-06 2.3e-06 2.6e-06 3.4e-06 3.05e-06 2.3e-06 3.45e-06 2.55e-06 2.15e-06 2.85e-06 2.55e-06 2.95e-06 2.8e-06 3.4e-06 3.9e-06 3.45e-06 2.4e-06 2.75e-06 2.85e-06 1.75e-06 3.25e-06 3.9e-06 3.15e-06 2.5e-06 3.1e-06 2.55e-06 2.45e-06 2.4e-06 2.85e-06
31 4.25e-06 4.2e-06 2.1e-06 1.8e-06 3.85e-06 3.45e-06 3.1e-06 3.35e-06 4.1e-06 3.65e-06 4.15e-06 3.45e-06 4.3e-06 2.95e-06 4.1e-06 3.9e-06 3.65e-06 4.4e-06 3.9e-06 2.7e-06 2.25e-06 1.75e-06 3.1e-06 3.25e-06 3.6e-06 3.1e-06 3.55e-06 3.3e-06 2.35e-06 1.6e-06 3.9e-06 2e-07 2.35e-06 3.3e-06 3.05e-06 3.45e-06 3.3e-06 2.2e-06 1e-07 1.6e-06 4e-06 3.8e-06 3.95e-06 3.25e-06 4.35e-06 2.25e-06
32 3.5e-06 3.35e-06 2.8e-06 3e-06 3.4e-06 3e-06 3.05e-06 3.4e-06 3.25e-06 2.8e-06 3.5e-06 3.2e-06 3.35e-06 3.15e-06 3.5e-06 3.3e-06 3.45e-06 3.6e-06 2.8e-06 2.9e-06 2.85e-06 2.8e-06 3.4e-06 3.15e-06 3.2e-06 3.1e-06 3.1e-06 3.35e-06 3.1e-06 2.85e-06 3.45e-06 2.35e-06 4.6e-06 3.2e-06 3.2e-06 3e-06 3.45e-06 2.8e-06 2.4e-06 2.9e-06 3.2e-06 2.7e-06 2.8e-06 3.35e-06 2.85e-06 3e-06
33 2.85e-06 3.05e-06 3.2e-06 2.55e-06 2.5e-06 3.2e-06 2.5e-06 2.75e-06 3.1e-06 2.55e-06 3.5e-06 1.4e-06 3.15e-06 1.85e-06 2.7e-06 2.2e-06 3.65e-06 3.4e-06 2.2e-06 2.95e-06 2.7e-06 2.5e-06 1.95e-06 3.45e-06 3.35e-06 2.4e-06 3.2e-06 2.7e-06 3.45e-06 2.2e-06 2.4e-06 3.3e-06 3.2e-06 2.2e-06 1.9e-06 3.2e-06 1.45e-06 3e-06 3.3e-06 3.1e-06 2.6e-06 3.3e-06 2.35e-06 2.6e-06 3.1e-06 3.35e-06
34 3.25e-06 3.15e-06 3.15e-06 2.7e-06 2.85e-06 3e-06 2.5e-06 2.75e-06 3.25e-06 2.65e-06 3.25e-06 2.2e-06 3.25e-06 2.45e-06 3.05e-06 2.8e-06 3.6e-06 3.55e-06 2.6e-06 2.85e-06 2.05e-06 2.65e-06 2.2e-06 2.85e-06 3.15e-06 2.8e-06 2.95e-06 2.7e-06 3.4e-06 2.35e-06 2.75e-06 3.05e-06 3.2e-06 1.9e-06 3.3e-06 3e-06 2e-06 2.95e-06 3.05e-06 3.2e-06 3e-06 3.15e-06 2.75e-06 2.65e-06 3.3e-06 3.3e-06
35 2.05e-06 2.25e-06 2.45e-06 3.45e-06 2.55e-06 9e-07 1.85e-06 2.3e-06 1.65e-06 3.05e-06 2.4e-06 3.1e-06 2.1e-06 3.3e-06 2.75e-06 2.65e-06 2.3e-06 2.25e-06 2.9e-06 2.2e-06 2.75e-06 3.2e-06 3.3e-06 1.8e-06 1.45e-06 2.55e-06 1.65e-06 2.2e-06 2.95e-06 3.3e-06 2.85e-06 3.45e-06 3e-06 3.2e-06 3e-06 1.7e-06 3.3e-06 2.65e-06 3.45e-06 3.45e-06 1.55e-06 1.75e-06 2.7e-06 2.55e-06 2.2e-06 2.85e-06
36 2.65e-06 2.6e-06 3.15e-06 1.9e-06 2e-06 3.3e-06 2.45e-06 2.2e-06 2.75e-06 3e-06 3.45e-06 1.9e-06 2.9e-06 1.25e-06 1.9e-06 2.55e-06 3.35e-06 2.7e-06 2.2e-06 2.75e-06 3.05e-06 2.35e-06 1.35e-06 3.75e-06 3.15e-06 2e-06 3.2e-06 2.15e-06 3.1e-06 1.9e-06 1.75e-06 3.3e-06 3.45e-06 1.45e-06 2e-06 3.3e-06 1e-06 2.95e-06 3.3e-06 2.8e-06 2.7e-06 3.65e-06 2.45e-06 2.2e-06 3.05e-06 3e-06
37 3e-06 3.3e-06 2.4e-06 2.65e-06 3.05e-06 2.65e-06 2.65e-06 2.95e-06 2.75e-06 3.35e-06 3.5e-06 3e-06 3.25e-06 2.8e-06 3.2e-06 3.15e-06 3.15e-06 3.35e-06 3.2e-06 2.65e-06 2.75e-06 2.5e-06 3.05e-06 3.1e-06 2.85e-06 2.7e-06 3e-06 2.9e-06 2.9e-06 2.55e-06 3.25e-06 2.2e-06 2.8e-06 3e-06 2.95e-06 2.65e-06 2.95e-06 4.3e-06 2.25e-06 2.7e-06 2.5e-06 3.05e-06 3.1e-06 2.95e-06 3.2e-06 2.8e-06
38 4.25e-06 4.2e-06 2.05e-06 1.75e-06 3.85e-06 3.45e-06 3.1e-06 3.35e-06 4.1e-06 3.65e-06 4.15e-06 3.45e-06 4.3e-06 2.9e-06 4.1e-06 3.9e-06 3.65e-06 4.4e-06 3.9e-06 2.7e-06 2.25e-06 1.8e-06 3.1e-06 3.25e-06 3.6e-06 3.05e-06 3.55e-06 3.3e-06 2.3e-06 1.55e-06 3.9e-06 1e-07 2.4e-06 3.3e-06 3.05e-06 3.45e-06 3.3e-06 2.25e-06 0.0 1.55e-06 4e-06 3.8e-06 3.95e-06 3.25e-06 4.35e-06 2.2e-06
39 3.4e-06 3.4e-06 2.55e-06 2.15e-06 2.9e-06 3.45e-06 3.05e-06 3.2e-06 3.15e-06 3.75e-06 3.65e-06 3.1e-06 3.35e-06 2.65e-06 2.95e-06 3.15e-06 3.35e-06 3.15e-06 3.55e-06 2.3e-06 2.65e-06 2.2e-06 2.95e-06 3.8e-06 3.15e-06 2.6e-06 3.6e-06 3.15e-06 2.45e-06 2.2e-06 3.15e-06 1.6e-06 2.9e-06 3.1e-06 3.2e-06 3.45e-06 2.8e-06 2.7e-06 1.55e-06 3.1e-06 3.5e-06 3.8e-06 3.45e-06 2.9e-06 3.45e-06 2.35e-06
40 1.25e-06 2.1e-06 2.35e-06 3.35e-06 2.15e-06 1.55e-06 2.1e-06 2.45e-06 1.1e-06 3.15e-06 2.65e-06 2.45e-06 1.9e-06 2.65e-06 2.2e-06 2.1e-06 2.3e-06 2e-06 2.6e-06 2.35e-06 3.25e-06 3.2e-06 3.1e-06 2.75e-06 1.8e-06 2.1e-06 2.15e-06 2.4e-06 3.1e-06 3.35e-06 2.5e-06 4e-06 3.2e-06 2.6e-06 3e-06 1.55e-06 2.7e-06 2.5e-06 4e-06 3.5e-06 1e-06 2.2e-06 2.35e-06 2.55e-06 1.95e-06 3e-06
41 2.6e-06 2.55e-06 2.95e-06 3.8e-06 2.95e-06 1.75e-06 2.35e-06 2.75e-06 2.25e-06 2.5e-06 2.6e-06 3.2e-06 2.45e-06 3.5e-06 3.05e-06 2.85e-06 2.75e-06 2.7e-06 2.5e-06 2.65e-06 2.9e-06 3.55e-06 3.5e-06 2.05e-06 2.05e-06 3e-06 2.05e-06 2.75e-06 3.35e-06 3.65e-06 3.1e-06 3.8e-06 2.7e-06 3.3e-06 3.15e-06 1.75e-06 3.65e-06 3.05e-06 3.8e-06 3.8e-06 2.2e-06 3e-06 2.4e-06 3e-06 2e-06 3.25e-06
42 2.6e-06 2.45e-06 3.2e-06 3.25e-06 2.15e-06 2.7e-06 2.3e-06 2.95e-06 2.45e-06 2.45e-06 2.85e-06 1.95e-06 2.3e-06 2.35e-06 2.45e-06 2.5e-06 3.3e-06 2.75e-06 1.95e-06 2.8e-06 3.05e-06 2.8e-06 2.75e-06 3.4e-06 2.85e-06 2.5e-06 2.7e-06 2.9e-06 3.45e-06 3.15e-06 2.55e-06 3.95e-06 2.8e-06 2.35e-06 2.75e-06 2.7e-06 2.45e-06 3.1e-06 3.95e-06 3.45e-06 2.35e-06 2.4e-06 3.1e-06 2.9e-06 2.05e-06 3.35e-06
43 2.5e-06 2.55e-06 2.95e-06 2.7e-06 2.3e-06 2.55e-06 2.4e-06 2.45e-06 2.25e-06 3e-06 2.75e-06 2.7e-06 2.5e-06 2.5e-06 2.25e-06 2.5e-06 2.7e-06 2.35e-06 2.95e-06 2.3e-06 2.8e-06 2.85e-06 2.3e-06 2.7e-06 2.25e-06 2.25e-06 2.7e-06 2.4e-06 2.9e-06 2.75e-06 2.45e-06 3.25e-06 3.35e-06 2.6e-06 2.65e-06 2.55e-06 2.2e-06 2.95e-06 3.25e-06 2.9e-06 2.55e-06 3e-06 2.9e-06 3.9e-06 2.65e-06 2.8e-06
44 1.95e-06 1.85e-06 3.1e-06 3.65e-06 2.15e-06 2.2e-06 2.65e-06 2.9e-06 1.5e-06 2.65e-06 2.3e-06 2.95e-06 1.65e-06 2.95e-06 2e-06 2.2e-06 2.45e-06 1.65e-06 2.2e-06 2.35e-06 3.4e-06 3.6e-06 3.35e-06 2.95e-06 1.95e-06 2.25e-06 2.4e-06 2.85e-06 3.1e-06 3.75e-06 2.4e-06 4.35e-06 2.85e-06 3.1e-06 3.3e-06 2.2e-06 3.05e-06 3.2e-06 4.35e-06 3.45e-06 1.95e-06 2e-06 2.05e-06 2.65e-06 2.5e-06 3e-06
45 2.75e-06 2.65e-06 2.6e-06 2.55e-06 2.6e-06 2.85e-06 2.85e-06 2.95e-06 2.65e-06 3.65e-06 2.9e-06 3.35e-06 2.8e-06 2.85e-06 2.8e-06 3.05e-06 2.5e-06 2.3e-06 3.45e-06 2.4e-06 2.95e-06 2.7e-06 3.15e-06 3.15e-06 2.6e-06 2.5e-06 2.95e-06 2.9e-06 2.3e-06 2.65e-06 2.85e-06 2.25e-06 3e-06 3.35e-06 3.3e-06 2.85e-06 3e-06 2.8e-06 2.2e-06 2.35e-06 3e-06 3.25e-06 3.35e-06 2.8e-06 3e-06 4.4e-06
