 slim_762089992 slim_762090008 slim_762090022 slim_762089973 slim_762089967 slim_762089978 slim_762090013 slim_762089974 slim_762090015 slim_762089999 slim_762090018 slim_762089969 slim_762089976 slim_762089971 slim_762089975 slim_762089998 slim_762090001 slim_762090014 slim_762090002 slim_762089993 slim_762089997 slim_762089980 slim_762090006 slim_762089984 slim_762089988 slim_762089987 slim_762090012 slim_762090005 slim_762090007 slim_762089996 slim_762089983 slim_762089968 slim_762089977 slim_762089989 slim_762089970 slim_762089990 slim_762089985 slim_762089991 slim_762090003 slim_762090011 slim_762090019 slim_762090004 slim_762090020 slim_762089972 slim_762090023 slim_762089994 slim_762090021 slim_762090009 slim_762089981 slim_762089979 slim_762090010 slim_762090000 slim_762089982 slim_762089995 slim_762089986 slim_762090017 slim_762090016
0 1.9e-06 2.5e-06 1.75e-06 1.7e-06 2.3e-06 2.85e-06 2e-06 3.15e-06 3e-06 1.8e-06 2.45e-06 3.5e-06 1.55e-06 2.35e-06 2.4e-06 1.75e-06 2.65e-06 2.1e-06 2.55e-06 1.9e-06 2.25e-06 2.5e-06 2.6e-06 1.9e-06 2.7e-06 1.35e-06 2.45e-06 2.1e-06 2.3e-06 2.4e-06 2.35e-06 3.4e-06 2.35e-06 2.05e-06 2.45e-06 2.95e-06 3e-06 1.25e-06 2.95e-06 1.95e-06 2e-06 2.6e-06 1.9e-06 2.8e-06 2.95e-06 2.85e-06 2.25e-06 2.6e-06 2.65e-06 2.2e-06 2.6e-06 2.5e-06 3.25e-06 3.3e-06 1.9e-06 1.9e-06 3e-06
1 2.5e-06 1.2e-06 2e-06 1.9e-06 1.65e-06 2.7e-06 2.05e-06 2.7e-06 3.1e-06 1.6e-06 2.35e-06 3.75e-06 2.65e-06 2.85e-06 1.9e-06 1.5e-06 2.95e-06 1.9e-06 3e-06 3e-06 2.3e-06 1.9e-06 7e-07 1.5e-06 2.25e-06 1.95e-06 2.35e-06 1.6e-06 1.35e-06 3.1e-06 1.5e-06 2.9e-06 1.4e-06 2e-06 2.55e-06 1.3e-06 1.3e-06 2.05e-06 3.5e-06 1.2e-06 1.5e-06 2.7e-06 1.2e-06 3.05e-06 2.7e-06 2.4e-06 2.4e-06 1.4e-06 2.45e-06 2.85e-06 1.9e-06 3e-06 3.05e-06 1.9e-06 1.65e-06 2.2e-06 2.55e-06
2 1.75e-06 2e-06 2.6e-06 1.8e-06 1.8e-06 2.5e-06 2e-06 2.75e-06 2.9e-06 1.7e-06 2e-06 3.05e-06 2.15e-06 2.25e-06 2.05e-06 1.8e-06 2.3e-06 2.05e-06 2.65e-06 2.45e-06 2.2e-06 2e-06 2.1e-06 1.8e-06 2.2e-06 1.8e-06 1.85e-06 1.45e-06 1.85e-06 2.55e-06 1.85e-06 2.85e-06 1.9e-06 2.1e-06 2.05e-06 2.45e-06 2.5e-06 1.5e-06 2.8e-06 2.05e-06 1.85e-06 2.3e-06 1.55e-06 2.75e-06 2.55e-06 2.8e-06 2e-06 2.1e-06 2.25e-06 1.95e-06 2.15e-06 2.5e-06 2.75e-06 2.85e-06 1.55e-06 1.9e-06 2.55e-06
3 1.7e-06 1.9e-06 1.8e-06 2.8e-06 1.95e-06 2.8e-06 2.15e-06 3.15e-06 3.15e-06 1.65e-06 2.4e-06 3.6e-06 1.95e-06 2.55e-06 2.2e-06 1.8e-06 2.65e-06 2.2e-06 2.9e-06 2.6e-06 2.45e-06 2.35e-06 1.95e-06 1.8e-06 2.55e-06 1.8e-06 2.4e-06 1.8e-06 1.85e-06 2.65e-06 1.95e-06 3.4e-06 1.9e-06 2.3e-06 2.4e-06 2.6e-06 2.6e-06 1.8e-06 3.15e-06 2.05e-06 1.8e-06 2.6e-06 1.45e-06 3.1e-06 2.9e-06 2.95e-06 2.3e-06 2.15e-06 2.65e-06 2.45e-06 2.25e-06 2.75e-06 3.2e-06 3.15e-06 1.85e-06 2.05e-06 2.95e-06
4 2.3e-06 1.65e-06 1.8e-06 1.95e-06 2.3e-06 2.4e-06 2.1e-06 2.3e-06 3e-06 1.85e-06 2e-06 3.15e-06 2.4e-06 2.45e-06 2.2e-06 1.9e-06 2e-06 2.05e-06 2.65e-06 2.85e-06 2.25e-06 1.85e-06 1.75e-06 1.95e-06 1.7e-06 2.15e-06 1.9e-06 1.55e-06 1.35e-06 2.8e-06 1.4e-06 2.6e-06 1.4e-06 2.05e-06 2.1e-06 2.1e-06 2.15e-06 2.15e-06 2.9e-06 2e-06 1.95e-06 2e-06 1.7e-06 2.85e-06 2.5e-06 2.8e-06 2.3e-06 1.85e-06 1.85e-06 2.5e-06 2.05e-06 2.35e-06 2.4e-06 2.6e-06 1.75e-06 1.75e-06 2.45e-06
5 2.85e-06 2.7e-06 2.5e-06 2.8e-06 2.4e-06 1.9e-06 2.35e-06 2.5e-06 3.75e-06 2.95e-06 1.5e-06 2.05e-06 3e-06 3.05e-06 3.35e-06 3.1e-06 1.5e-06 2.4e-06 3.05e-06 3.65e-06 2.65e-06 2e-06 2.75e-06 2.85e-06 1.95e-06 2.9e-06 1.5e-06 2.2e-06 2.35e-06 2.8e-06 2.45e-06 2.4e-06 2.4e-06 2.5e-06 1.5e-06 2.3e-06 3e-06 3.05e-06 2.3e-06 2.9e-06 2.85e-06 1.45e-06 3.05e-06 3e-06 1.4e-06 3.5e-06 2.2e-06 2.35e-06 1.5e-06 2e-06 1.9e-06 3e-06 2.55e-06 2.8e-06 3e-06 2.35e-06 1.45e-06
6 2e-06 2.05e-06 2e-06 2.15e-06 2.1e-06 2.35e-06 2.3e-06 2.3e-06 3.1e-06 1.7e-06 1.95e-06 3.3e-06 2.15e-06 2.3e-06 2.5e-06 1.9e-06 2.6e-06 1.4e-06 2.5e-06 2.5e-06 1.95e-06 1.25e-06 2.15e-06 1.9e-06 1.7e-06 1.7e-06 1.95e-06 2.05e-06 1.9e-06 2.4e-06 1.9e-06 2.2e-06 1.95e-06 1.4e-06 2.15e-06 1.7e-06 2.45e-06 2.1e-06 3.1e-06 1.9e-06 1.85e-06 2.35e-06 2.1e-06 2.2e-06 2.1e-06 2.8e-06 2.4e-06 1.6e-06 2.1e-06 2.8e-06 2.35e-06 2.5e-06 2.7e-06 2.4e-06 2.4e-06 1.95e-06 1.95e-06
7 3.15e-06 2.7e-06 2.75e-06 3.15e-06 2.3e-06 2.5e-06 2.3e-06 2.9e-06 3.7e-06 2.85e-06 2.15e-06 2.7e-06 3.15e-06 2.95e-06 3.4e-06 2.9e-06 2.4e-06 2.45e-06 2.9e-06 3.5e-06 2.25e-06 1.9e-06 2.8e-06 2.9e-06 1.95e-06 2.95e-06 2.15e-06 2.45e-06 2.1e-06 2.45e-06 2.15e-06 2e-06 2.15e-06 2.4e-06 2.35e-06 2.4e-06 2.95e-06 3.2e-06 3.25e-06 2.8e-06 2.95e-06 2.15e-06 3.15e-06 3e-06 2.45e-06 3.5e-06 3.05e-06 2.35e-06 1.85e-06 3.25e-06 2.65e-06 2.75e-06 2e-06 2.1e-06 3.2e-06 2.4e-06 2.3e-06
8 3e-06 3.1e-06 2.9e-06 3.15e-06 3e-06 3.75e-06 3.1e-06 3.7e-06 2.6e-06 3.05e-06 3.6e-06 4.35e-06 3.05e-06 2.3e-06 2.1e-06 2.95e-06 3.6e-06 3.05e-06 2.6e-06 2.1e-06 3.3e-06 3.3e-06 3.2e-06 2.7e-06 3.2e-06 2.65e-06 3.5e-06 2.95e-06 2.9e-06 3.8e-06 2.95e-06 3.35e-06 2.95e-06 3e-06 3.65e-06 3.35e-06 2.35e-06 2.65e-06 2.65e-06 3.05e-06 2.55e-06 3.45e-06 2.85e-06 2.3e-06 3.65e-06 2.45e-06 3.4e-06 3.1e-06 3.4e-06 3.3e-06 3.45e-06 2.1e-06 3.8e-06 3.85e-06 2.7e-06 2.75e-06 3.65e-06
9 1.8e-06 1.6e-06 1.7e-06 1.65e-06 1.85e-06 2.95e-06 1.7e-06 2.85e-06 3.05e-06 1.8e-06 2.25e-06 4e-06 2.1e-06 2.35e-06 1.95e-06 1.1e-06 3.05e-06 1.85e-06 2.75e-06 2.45e-06 2.15e-06 1.9e-06 1.7e-06 1.3e-06 2.45e-06 1.45e-06 2.25e-06 1.8e-06 1.65e-06 2.7e-06 1.5e-06 3.25e-06 1.7e-06 1.9e-06 2.45e-06 2.25e-06 2.25e-06 1.7e-06 3.5e-06 1.65e-06 1.55e-06 2.8e-06 1.3e-06 2.95e-06 3.05e-06 2.8e-06 2.3e-06 1.9e-06 2.55e-06 2.85e-06 2.3e-06 2.7e-06 3.2e-06 2.75e-06 1.75e-06 2e-06 2.9e-06
10 2.45e-06 2.35e-06 2e-06 2.4e-06 2e-06 1.5e-06 1.95e-06 2.15e-06 3.6e-06 2.25e-06 2.3e-06 2.3e-06 2.7e-06 2.6e-06 3e-06 2.45e-06 1.7e-06 2.1e-06 2.8e-06 3.3e-06 2.2e-06 1.55e-06 2.45e-06 2.4e-06 1.8e-06 2.5e-06 1.3e-06 1.75e-06 1.9e-06 2.5e-06 1.9e-06 2.3e-06 1.95e-06 2.15e-06 1.4e-06 2.2e-06 2.8e-06 2.6e-06 2.55e-06 2.5e-06 2.45e-06 1.55e-06 2.55e-06 2.9e-06 1.7e-06 3.35e-06 2.05e-06 2.05e-06 1.4e-06 2.15e-06 1.75e-06 2.75e-06 2.3e-06 2.55e-06 2.55e-06 2.15e-06 1.5e-06
11 3.5e-06 3.75e-06 3.05e-06 3.6e-06 3.15e-06 2.05e-06 3.3e-06 2.7e-06 4.35e-06 4e-06 2.3e-06 2.8e-06 3.6e-06 3.7e-06 4.15e-06 4.1e-06 1.95e-06 3.4e-06 3.6e-06 4.3e-06 3.05e-06 2.9e-06 3.85e-06 3.95e-06 2.6e-06 4e-06 2.2e-06 2.85e-06 3.35e-06 2.8e-06 3.4e-06 2.5e-06 3.4e-06 3.4e-06 2.2e-06 3.25e-06 3.9e-06 3.65e-06 2.7e-06 3.85e-06 3.95e-06 2.1e-06 4e-06 3.6e-06 2.1e-06 4.15e-06 2.9e-06 3.35e-06 2.3e-06 2.35e-06 2.8e-06 3.6e-06 2.15e-06 3.05e-06 3.6e-06 3.15e-06 2.25e-06
12 1.55e-06 2.65e-06 2.15e-06 1.95e-06 2.4e-06 3e-06 2.15e-06 3.15e-06 3.05e-06 2.1e-06 2.7e-06 3.6e-06 2.3e-06 2.45e-06 2.65e-06 2.25e-06 2.65e-06 2.25e-06 2.75e-06 2.2e-06 2.35e-06 2.65e-06 2.75e-06 2.25e-06 2.55e-06 1.75e-06 2.7e-06 2.55e-06 2.35e-06 2.6e-06 2.35e-06 3.2e-06 2.4e-06 2.3e-06 2.7e-06 2.85e-06 3.05e-06 1.85e-06 3e-06 2.2e-06 2.35e-06 2.55e-06 2.25e-06 2.75e-06 3e-06 2.75e-06 2.5e-06 2.8e-06 2.6e-06 2.55e-06 2.9e-06 2.3e-06 3.1e-06 3.4e-06 2.4e-06 2e-06 3.05e-06
13 2.35e-06 2.85e-06 2.25e-06 2.55e-06 2.45e-06 3.05e-06 2.3e-06 2.95e-06 2.3e-06 2.35e-06 2.6e-06 3.7e-06 2.45e-06 3.8e-06 2.5e-06 2.45e-06 2.9e-06 2.4e-06 2.3e-06 2.1e-06 2.55e-06 2.35e-06 2.95e-06 2.35e-06 2.5e-06 2.15e-06 2.5e-06 2.35e-06 2.35e-06 3e-06 2.35e-06 2.85e-06 2.4e-06 2.4e-06 2.7e-06 2.95e-06 2.85e-06 2.35e-06 2.65e-06 2.65e-06 2.35e-06 2.75e-06 2.5e-06 2.3e-06 3.05e-06 2.65e-06 2.85e-06 2.65e-06 2.65e-06 3e-06 2.95e-06 2e-06 3.05e-06 3.4e-06 2.6e-06 2.2e-06 3e-06
14 2.4e-06 1.9e-06 2.05e-06 2.2e-06 2.2e-06 3.35e-06 2.5e-06 3.4e-06 2.1e-06 1.95e-06 3e-06 4.15e-06 2.65e-06 2.5e-06 2.7e-06 1.9e-06 3.3e-06 2.45e-06 2.85e-06 2.4e-06 2.8e-06 2.65e-06 2e-06 1.8e-06 2.85e-06 2e-06 2.9e-06 2.15e-06 2.15e-06 3.3e-06 2.15e-06 3.4e-06 2.2e-06 2.45e-06 3.05e-06 2.6e-06 1.8e-06 1.9e-06 3.2e-06 2.1e-06 1.8e-06 3.2e-06 1.5e-06 2.8e-06 3.35e-06 2.55e-06 2.55e-06 2.3e-06 3.15e-06 2.8e-06 2.7e-06 2.65e-06 3.6e-06 3.1e-06 1.75e-06 2.35e-06 3.35e-06
15 1.75e-06 1.5e-06 1.8e-06 1.8e-06 1.9e-06 3.1e-06 1.9e-06 2.9e-06 2.95e-06 1.1e-06 2.45e-06 4.1e-06 2.25e-06 2.45e-06 1.9e-06 1.9e-06 3.2e-06 1.9e-06 2.7e-06 2.25e-06 2.15e-06 2.05e-06 1.6e-06 1.25e-06 2.6e-06 1.35e-06 2.45e-06 1.85e-06 1.7e-06 2.85e-06 1.6e-06 3.3e-06 1.75e-06 1.85e-06 2.65e-06 2.25e-06 2.1e-06 1.5e-06 3.55e-06 1.45e-06 1.5e-06 2.95e-06 1.3e-06 2.95e-06 3.2e-06 2.7e-06 2.4e-06 1.9e-06 2.7e-06 2.9e-06 2.35e-06 2.75e-06 3.3e-06 2.65e-06 1.65e-06 2e-06 3.05e-06
16 2.65e-06 2.95e-06 2.3e-06 2.65e-06 2e-06 1.5e-06 2.6e-06 2.4e-06 3.6e-06 3.05e-06 1.7e-06 1.95e-06 2.65e-06 2.9e-06 3.3e-06 3.2e-06 2.1e-06 2.7e-06 2.9e-06 3.5e-06 2.75e-06 2.25e-06 3.05e-06 3.15e-06 1.7e-06 3.2e-06 1.6e-06 2.1e-06 2.25e-06 2.7e-06 2.3e-06 2.35e-06 2.3e-06 2.75e-06 1.6e-06 2.7e-06 3.2e-06 2.9e-06 2.15e-06 3.1e-06 3.15e-06 1.3e-06 3.05e-06 3e-06 1.7e-06 3.45e-06 2.25e-06 2.65e-06 1.45e-06 1.85e-06 2.15e-06 2.6e-06 2.2e-06 3.1e-06 2.85e-06 2.15e-06 1.85e-06
17 2.1e-06 1.9e-06 2.05e-06 2.2e-06 2.05e-06 2.4e-06 1.4e-06 2.45e-06 3.05e-06 1.85e-06 2.1e-06 3.4e-06 2.25e-06 2.4e-06 2.45e-06 1.9e-06 2.7e-06 2.5e-06 2.6e-06 2.5e-06 1.85e-06 1.45e-06 1.95e-06 1.8e-06 1.8e-06 1.45e-06 2.1e-06 2e-06 1.85e-06 2.65e-06 1.95e-06 2.35e-06 1.9e-06 1.4e-06 2.3e-06 1.65e-06 2.35e-06 2.05e-06 3.15e-06 1.8e-06 1.6e-06 2.45e-06 2e-06 2.3e-06 2.15e-06 2.75e-06 2.45e-06 1.6e-06 2.2e-06 2.8e-06 2.3e-06 2.55e-06 2.8e-06 2.45e-06 2.25e-06 1.9e-06 2e-06
18 2.55e-06 3e-06 2.65e-06 2.9e-06 2.65e-06 3.05e-06 2.5e-06 2.9e-06 2.6e-06 2.75e-06 2.8e-06 3.6e-06 2.75e-06 2.3e-06 2.85e-06 2.7e-06 2.9e-06 2.6e-06 4.4e-06 2.3e-06 2.65e-06 2.6e-06 3.05e-06 2.7e-06 2.6e-06 2.45e-06 2.7e-06 2.7e-06 2.55e-06 3.1e-06 2.6e-06 2.8e-06 2.6e-06 2.55e-06 2.9e-06 3e-06 3e-06 2.55e-06 2.75e-06 2.75e-06 2.65e-06 2.75e-06 2.85e-06 2.45e-06 3.05e-06 2.8e-06 3e-06 2.8e-06 2.65e-06 3.1e-06 3.05e-06 2.2e-06 3.05e-06 3.3e-06 2.9e-06 2.4e-06 3e-06
19 1.9e-06 3e-06 2.45e-06 2.6e-06 2.85e-06 3.65e-06 2.5e-06 3.5e-06 2.1e-06 2.45e-06 3.3e-06 4.3e-06 2.2e-06 2.1e-06 2.4e-06 2.25e-06 3.5e-06 2.5e-06 2.3e-06 2.8e-06 2.65e-06 3e-06 3.1e-06 2.25e-06 3.1e-06 1.7e-06 3.2e-06 2.8e-06 2.75e-06 3.2e-06 2.8e-06 3.4e-06 2.8e-06 2.4e-06 3.4e-06 3.3e-06 2.95e-06 1.8e-06 2.9e-06 2.4e-06 2.25e-06 3.35e-06 2.45e-06 2.3e-06 3.65e-06 2.45e-06 3e-06 3e-06 3.25e-06 3.1e-06 3.35e-06 2.05e-06 3.65e-06 3.7e-06 2.45e-06 2.25e-06 3.6e-06
20 2.25e-06 2.3e-06 2.2e-06 2.45e-06 2.25e-06 2.65e-06 1.95e-06 2.25e-06 3.3e-06 2.15e-06 2.2e-06 3.05e-06 2.35e-06 2.55e-06 2.8e-06 2.15e-06 2.75e-06 1.85e-06 2.65e-06 2.65e-06 3.1e-06 1.95e-06 2.4e-06 2.1e-06 2.25e-06 1.75e-06 2.2e-06 2.2e-06 2e-06 2.5e-06 2.1e-06 2.4e-06 2.05e-06 1.9e-06 2.4e-06 2.3e-06 2.75e-06 2.2e-06 3.2e-06 2.1e-06 2.05e-06 2.45e-06 2.35e-06 2.75e-06 2.6e-06 3e-06 2.6e-06 2.2e-06 2.2e-06 2.85e-06 2.5e-06 2.6e-06 2.4e-06 2.45e-06 2.4e-06 2.1e-06 2.45e-06
21 2.5e-06 1.9e-06 2e-06 2.35e-06 1.85e-06 2e-06 1.25e-06 1.9e-06 3.3e-06 1.9e-06 1.55e-06 2.9e-06 2.65e-06 2.35e-06 2.65e-06 2.05e-06 2.25e-06 1.45e-06 2.6e-06 3e-06 1.95e-06 1.6e-06 2e-06 2.05e-06 1.35e-06 2.15e-06 1.55e-06 1.75e-06 1.65e-06 2.45e-06 1.65e-06 1.8e-06 1.7e-06 1.45e-06 1.75e-06 1.45e-06 2.3e-06 2.55e-06 3e-06 2.05e-06 2e-06 2e-06 2.25e-06 2.3e-06 1.75e-06 3e-06 2.45e-06 1.35e-06 1.75e-06 2.85e-06 2.1e-06 2.6e-06 2.3e-06 2.1e-06 2.55e-06 2e-06 1.6e-06
22 2.6e-06 7e-07 2.1e-06 1.95e-06 1.75e-06 2.75e-06 2.15e-06 2.8e-06 3.2e-06 1.7e-06 2.45e-06 3.85e-06 2.75e-06 2.95e-06 2e-06 1.6e-06 3.05e-06 1.95e-06 3.05e-06 3.1e-06 2.4e-06 2e-06 1.2e-06 1.55e-06 2.35e-06 2e-06 2.45e-06 1.65e-06 1.4e-06 3.2e-06 1.6e-06 3e-06 1.45e-06 2.1e-06 2.65e-06 1.4e-06 1.45e-06 2.15e-06 3.6e-06 1.35e-06 1.55e-06 2.8e-06 1.25e-06 3.15e-06 2.75e-06 2.55e-06 2.5e-06 1.45e-06 2.55e-06 2.95e-06 1.95e-06 3.1e-06 3.15e-06 2.05e-06 1.75e-06 2.25e-06 2.6e-06
23 1.9e-06 1.5e-06 1.8e-06 1.8e-06 1.95e-06 2.85e-06 1.9e-06 2.9e-06 2.7e-06 1.3e-06 2.4e-06 3.95e-06 2.25e-06 2.35e-06 1.8e-06 1.25e-06 3.15e-06 1.8e-06 2.7e-06 2.25e-06 2.1e-06 2.05e-06 1.55e-06 2e-06 2.5e-06 1.1e-06 2.4e-06 1.8e-06 1.7e-06 2.85e-06 1.65e-06 3.2e-06 1.75e-06 1.85e-06 2.6e-06 2.15e-06 2e-06 1.6e-06 3.35e-06 1.55e-06 1.35e-06 2.9e-06 1.3e-06 2.8e-06 3e-06 2.6e-06 2.35e-06 1.85e-06 2.65e-06 2.8e-06 2.25e-06 2.65e-06 3.25e-06 2.65e-06 1.65e-06 1.8e-06 2.85e-06
24 2.7e-06 2.25e-06 2.2e-06 2.55e-06 1.7e-06 1.95e-06 1.7e-06 1.95e-06 3.2e-06 2.45e-06 1.8e-06 2.6e-06 2.55e-06 2.5e-06 2.85e-06 2.6e-06 1.7e-06 1.8e-06 2.6e-06 3.1e-06 2.25e-06 1.35e-06 2.35e-06 2.5e-06 2.1e-06 2.55e-06 1.7e-06 1.95e-06 1.75e-06 2.65e-06 1.8e-06 1.75e-06 1.8e-06 1.85e-06 1.9e-06 1.7e-06 2.5e-06 2.75e-06 2.65e-06 2.4e-06 2.45e-06 1.7e-06 2.6e-06 2.3e-06 1.7e-06 2.95e-06 2.5e-06 1.75e-06 1.55e-06 2.6e-06 2.25e-06 2.3e-06 2.05e-06 2.45e-06 2.7e-06 1.85e-06 1.65e-06
25 1.35e-06 1.95e-06 1.8e-06 1.8e-06 2.15e-06 2.9e-06 1.7e-06 2.95e-06 2.65e-06 1.45e-06 2.5e-06 4e-06 1.75e-06 2.15e-06 2e-06 1.35e-06 3.2e-06 1.45e-06 2.45e-06 1.7e-06 1.75e-06 2.15e-06 2e-06 1.1e-06 2.55e-06 9e-07 2.5e-06 2.05e-06 1.95e-06 2.65e-06 2.05e-06 3.25e-06 2e-06 1.55e-06 2.7e-06 2.4e-06 2.45e-06 1.25e-06 3.3e-06 1.5e-06 1.2e-06 2.95e-06 1.5e-06 2.55e-06 3.05e-06 2.55e-06 2.35e-06 2.1e-06 2.7e-06 2.75e-06 2.5e-06 2.4e-06 3.3e-06 2.9e-06 1.75e-06 1.55e-06 2.9e-06
26 2.45e-06 2.35e-06 1.85e-06 2.4e-06 1.9e-06 1.5e-06 1.95e-06 2.15e-06 3.5e-06 2.25e-06 1.3e-06 2.2e-06 2.7e-06 2.5e-06 2.9e-06 2.45e-06 1.6e-06 2.1e-06 2.7e-06 3.2e-06 2.2e-06 1.55e-06 2.45e-06 2.4e-06 1.7e-06 2.5e-06 2.3e-06 1.65e-06 1.9e-06 2.5e-06 1.9e-06 2.2e-06 1.95e-06 2.15e-06 1.4e-06 2.2e-06 2.8e-06 2.5e-06 2.45e-06 2.5e-06 2.45e-06 1.55e-06 2.45e-06 2.8e-06 1.7e-06 3.25e-06 2.05e-06 2.05e-06 1.45e-06 2.05e-06 1.85e-06 2.65e-06 2.2e-06 2.55e-06 2.45e-06 2.05e-06 1.65e-06
27 2.1e-06 1.6e-06 1.45e-06 1.8e-06 1.55e-06 2.2e-06 2.05e-06 2.45e-06 2.95e-06 1.8e-06 1.75e-06 2.85e-06 2.55e-06 2.35e-06 2.15e-06 1.85e-06 2.1e-06 2e-06 2.7e-06 2.8e-06 2.2e-06 1.75e-06 1.65e-06 1.8e-06 1.95e-06 2.05e-06 1.65e-06 2.2e-06 1.45e-06 2.65e-06 1.6e-06 2.6e-06 1.5e-06 2.1e-06 1.85e-06 2.1e-06 2.2e-06 1.85e-06 2.7e-06 2.05e-06 1.75e-06 2.05e-06 1.55e-06 2.8e-06 2.25e-06 2.85e-06 2.1e-06 1.7e-06 1.95e-06 2.05e-06 1.75e-06 2.55e-06 2.5e-06 2.55e-06 1.6e-06 1.9e-06 2.2e-06
28 2.3e-06 1.35e-06 1.85e-06 1.85e-06 1.35e-06 2.35e-06 1.9e-06 2.1e-06 2.9e-06 1.65e-06 1.9e-06 3.35e-06 2.35e-06 2.35e-06 2.15e-06 1.7e-06 2.25e-06 1.85e-06 2.55e-06 2.75e-06 2e-06 1.65e-06 1.4e-06 1.7e-06 1.75e-06 1.95e-06 1.9e-06 1.45e-06 1.9e-06 2.8e-06 1.15e-06 2.5e-06 1e-06 1.95e-06 2.1e-06 1.85e-06 1.95e-06 2.15e-06 3e-06 1.8e-06 1.7e-06 1.95e-06 1.55e-06 2.75e-06 2.45e-06 2.7e-06 2.35e-06 1.55e-06 1.7e-06 2.7e-06 1.85e-06 2.2e-06 2.3e-06 2.4e-06 1.9e-06 1.75e-06 2.3e-06
29 2.4e-06 3.1e-06 2.55e-06 2.65e-06 2.8e-06 2.8e-06 2.4e-06 2.45e-06 3.8e-06 2.7e-06 2.5e-06 2.8e-06 2.6e-06 3e-06 3.3e-06 2.85e-06 2.7e-06 2.65e-06 3.1e-06 3.2e-06 2.5e-06 2.45e-06 3.2e-06 2.85e-06 2.65e-06 2.65e-06 2.5e-06 2.65e-06 2.8e-06 4.3e-06 2.8e-06 2.75e-06 2.85e-06 2.6e-06 2.5e-06 3e-06 3.45e-06 2.7e-06 3.25e-06 2.9e-06 2.95e-06 2.65e-06 2.95e-06 3.2e-06 2.75e-06 3.6e-06 2.85e-06 2.85e-06 2.7e-06 2.85e-06 2.95e-06 3.15e-06 2.7e-06 2.7e-06 3e-06 2.6e-06 2.8e-06
30 2.35e-06 1.5e-06 1.85e-06 1.95e-06 1.4e-06 2.45e-06 1.9e-06 2.15e-06 2.95e-06 1.5e-06 1.9e-06 3.4e-06 2.35e-06 2.35e-06 2.15e-06 1.6e-06 2.3e-06 1.95e-06 2.6e-06 2.8e-06 2.1e-06 1.65e-06 1.6e-06 1.65e-06 1.8e-06 2.05e-06 1.9e-06 1.6e-06 1.15e-06 2.8e-06 2e-06 2.55e-06 1.2e-06 2e-06 2.1e-06 1.95e-06 2e-06 2.2e-06 3.05e-06 1.85e-06 1.85e-06 2e-06 1.65e-06 2.8e-06 2.55e-06 2.75e-06 2.35e-06 1.7e-06 1.75e-06 2.75e-06 2e-06 2.25e-06 2.4e-06 2.45e-06 1.95e-06 1.85e-06 2.4e-06
31 3.4e-06 2.9e-06 2.85e-06 3.4e-06 2.6e-06 2.4e-06 2.2e-06 2e-06 3.35e-06 3.25e-06 2.3e-06 2.5e-06 3.2e-06 2.85e-06 3.4e-06 3.3e-06 2.35e-06 2.35e-06 2.8e-06 3.4e-06 2.4e-06 1.8e-06 3e-06 3.2e-06 1.75e-06 3.25e-06 2.2e-06 2.6e-06 2.5e-06 2.75e-06 2.55e-06 2.7e-06 2.55e-06 2.3e-06 2.4e-06 2.1e-06 2.9e-06 3.35e-06 2.8e-06 3e-06 3.1e-06 2.2e-06 3.4e-06 2.4e-06 2e-06 3.2e-06 3.05e-06 2.25e-06 2.1e-06 3.05e-06 2.8e-06 2.65e-06 2.15e-06 2.35e-06 3.35e-06 2.6e-06 1.95e-06
32 2.35e-06 1.4e-06 1.9e-06 1.9e-06 1.4e-06 2.4e-06 1.95e-06 2.15e-06 2.95e-06 1.7e-06 1.95e-06 3.4e-06 2.4e-06 2.4e-06 2.2e-06 1.75e-06 2.3e-06 1.9e-06 2.6e-06 2.8e-06 2.05e-06 1.7e-06 1.45e-06 1.75e-06 1.8e-06 2e-06 1.95e-06 1.5e-06 1e-06 2.85e-06 1.2e-06 2.55e-06 2e-06 2e-06 2.15e-06 1.9e-06 2e-06 2.2e-06 3.05e-06 1.85e-06 1.75e-06 2e-06 1.6e-06 2.8e-06 2.5e-06 2.75e-06 2.4e-06 1.6e-06 1.75e-06 2.75e-06 1.9e-06 2.25e-06 2.35e-06 2.45e-06 1.95e-06 1.8e-06 2.35e-06
33 2.05e-06 2e-06 2.1e-06 2.3e-06 2.05e-06 2.5e-06 1.4e-06 2.4e-06 3e-06 1.9e-06 2.15e-06 3.4e-06 2.3e-06 2.4e-06 2.45e-06 1.85e-06 2.75e-06 1.4e-06 2.55e-06 2.4e-06 1.9e-06 1.45e-06 2.1e-06 1.85e-06 1.85e-06 1.55e-06 2.15e-06 2.1e-06 1.95e-06 2.6e-06 2e-06 2.3e-06 2e-06 2.6e-06 2.35e-06 1.75e-06 2.35e-06 2e-06 3.15e-06 1.8e-06 1.75e-06 2.5e-06 2.1e-06 2.25e-06 2.25e-06 2.75e-06 2.5e-06 1.65e-06 2.25e-06 2.85e-06 2.4e-06 2.55e-06 2.8e-06 2.4e-06 2.2e-06 1.95e-06 2.1e-06
34 2.45e-06 2.55e-06 2.05e-06 2.4e-06 2.1e-06 1.5e-06 2.15e-06 2.35e-06 3.65e-06 2.45e-06 1.4e-06 2.2e-06 2.7e-06 2.7e-06 3.05e-06 2.65e-06 1.6e-06 2.3e-06 2.9e-06 3.4e-06 2.4e-06 1.75e-06 2.65e-06 2.6e-06 1.9e-06 2.7e-06 1.4e-06 1.85e-06 2.1e-06 2.5e-06 2.1e-06 2.4e-06 2.15e-06 2.35e-06 2.7e-06 2.4e-06 2.95e-06 2.7e-06 2.45e-06 2.7e-06 2.65e-06 1.55e-06 2.65e-06 3e-06 1.7e-06 3.45e-06 2.15e-06 2.25e-06 1.6e-06 2.05e-06 1.95e-06 2.85e-06 2.4e-06 2.75e-06 2.65e-06 2.25e-06 1.75e-06
35 2.95e-06 1.3e-06 2.45e-06 2.6e-06 2.1e-06 2.3e-06 1.7e-06 2.4e-06 3.35e-06 2.25e-06 2.2e-06 3.25e-06 2.85e-06 2.95e-06 2.6e-06 2.25e-06 2.7e-06 1.65e-06 3e-06 3.3e-06 2.3e-06 1.45e-06 1.4e-06 2.15e-06 1.7e-06 2.4e-06 2.2e-06 2.1e-06 1.85e-06 3e-06 1.95e-06 2.1e-06 1.9e-06 1.75e-06 2.4e-06 1.9e-06 1.7e-06 2.7e-06 3.3e-06 1.65e-06 2.05e-06 2.45e-06 2.2e-06 2.55e-06 1.95e-06 2.6e-06 2.65e-06 1.4e-06 2.2e-06 3e-06 2.2e-06 3e-06 2.75e-06 1.8e-06 2.5e-06 2.35e-06 1.8e-06
36 3e-06 1.3e-06 2.5e-06 2.6e-06 2.15e-06 3e-06 2.45e-06 2.95e-06 2.35e-06 2.25e-06 2.8e-06 3.9e-06 3.05e-06 2.85e-06 1.8e-06 2.1e-06 3.2e-06 2.35e-06 3e-06 2.95e-06 2.75e-06 2.3e-06 1.45e-06 2e-06 2.5e-06 2.45e-06 2.8e-06 2.2e-06 1.95e-06 3.45e-06 2e-06 2.9e-06 2e-06 2.35e-06 2.95e-06 1.7e-06 2.3e-06 2.5e-06 3.25e-06 1.75e-06 1.95e-06 2.95e-06 1.95e-06 2.8e-06 2.9e-06 2.35e-06 2.85e-06 1.9e-06 2.75e-06 3.1e-06 2.45e-06 2.85e-06 3.3e-06 2.25e-06 2.1e-06 2.55e-06 2.8e-06
37 1.25e-06 2.05e-06 1.5e-06 1.8e-06 2.15e-06 3.05e-06 2.1e-06 3.2e-06 2.65e-06 1.7e-06 2.6e-06 3.65e-06 1.85e-06 2.35e-06 1.9e-06 1.5e-06 2.9e-06 2.05e-06 2.55e-06 1.8e-06 2.2e-06 2.55e-06 2.15e-06 1.6e-06 2.75e-06 1.25e-06 2.5e-06 1.85e-06 2.15e-06 2.7e-06 2.2e-06 3.35e-06 2.2e-06 2e-06 2.7e-06 2.7e-06 2.5e-06 1.8e-06 3.05e-06 1.7e-06 1.65e-06 2.85e-06 1.45e-06 2.7e-06 3.1e-06 2.55e-06 2.1e-06 2.35e-06 2.75e-06 2.05e-06 2.45e-06 2.5e-06 3.3e-06 3.05e-06 1.35e-06 1.9e-06 3.05e-06
38 2.95e-06 3.5e-06 2.8e-06 3.15e-06 2.9e-06 2.3e-06 3.1e-06 3.25e-06 2.65e-06 3.5e-06 2.55e-06 2.7e-06 3e-06 2.65e-06 3.2e-06 3.55e-06 2.15e-06 3.15e-06 2.75e-06 2.9e-06 3.2e-06 3e-06 3.6e-06 3.35e-06 2.65e-06 3.3e-06 2.45e-06 2.7e-06 3e-06 3.25e-06 3.05e-06 2.8e-06 3.05e-06 3.15e-06 2.45e-06 3.3e-06 3.25e-06 3.05e-06 3.7e-06 3.5e-06 3.25e-06 2.2e-06 3.45e-06 2.6e-06 2.4e-06 3.05e-06 2.8e-06 3.2e-06 2.4e-06 2.3e-06 2.8e-06 2.4e-06 3.05e-06 3.7e-06 3.1e-06 2.75e-06 2.55e-06
39 1.95e-06 1.2e-06 2.05e-06 2.05e-06 2e-06 2.9e-06 1.9e-06 2.8e-06 3.05e-06 1.65e-06 2.5e-06 3.85e-06 2.2e-06 2.65e-06 2.1e-06 1.45e-06 3.1e-06 1.8e-06 2.75e-06 2.4e-06 2.1e-06 2.05e-06 1.35e-06 1.55e-06 2.4e-06 1.5e-06 2.5e-06 2.05e-06 1.8e-06 2.9e-06 1.85e-06 3e-06 1.85e-06 1.8e-06 2.7e-06 1.65e-06 1.75e-06 1.7e-06 3.5e-06 2.1e-06 1.65e-06 2.85e-06 1.55e-06 2.85e-06 2.9e-06 2.35e-06 2.45e-06 1.85e-06 2.6e-06 2.9e-06 2.35e-06 2.8e-06 3.15e-06 2.15e-06 1.85e-06 2.05e-06 2.75e-06
40 2e-06 1.5e-06 1.85e-06 1.8e-06 1.95e-06 2.85e-06 1.85e-06 2.95e-06 2.55e-06 1.55e-06 2.45e-06 3.95e-06 2.35e-06 2.35e-06 1.8e-06 1.5e-06 3.15e-06 1.6e-06 2.65e-06 2.25e-06 2.05e-06 2e-06 1.55e-06 1.35e-06 2.45e-06 1.2e-06 2.45e-06 1.75e-06 1.7e-06 2.95e-06 1.85e-06 3.1e-06 1.75e-06 1.75e-06 2.65e-06 2.05e-06 1.95e-06 1.65e-06 3.25e-06 1.65e-06 2.1e-06 2.9e-06 1.3e-06 2.6e-06 2.85e-06 2.55e-06 2.4e-06 1.65e-06 2.65e-06 2.75e-06 2.15e-06 2.6e-06 3.3e-06 2.7e-06 1.65e-06 1.95e-06 2.7e-06
41 2.6e-06 2.7e-06 2.3e-06 2.6e-06 2e-06 1.45e-06 2.35e-06 2.15e-06 3.45e-06 2.8e-06 1.55e-06 2.1e-06 2.55e-06 2.75e-06 3.2e-06 2.95e-06 1.3e-06 2.45e-06 2.75e-06 3.35e-06 2.45e-06 2e-06 2.8e-06 2.9e-06 1.7e-06 2.95e-06 1.55e-06 2.05e-06 1.95e-06 2.65e-06 2e-06 2.2e-06 2e-06 2.5e-06 1.55e-06 2.45e-06 2.95e-06 2.85e-06 2.2e-06 2.85e-06 2.9e-06 2.4e-06 2.95e-06 2.85e-06 1.65e-06 3.3e-06 2.25e-06 2.4e-06 1.25e-06 2e-06 2e-06 2.4e-06 2.1e-06 2.85e-06 2.8e-06 2.15e-06 1.7e-06
42 1.9e-06 1.2e-06 1.55e-06 1.45e-06 1.7e-06 3.05e-06 2.1e-06 3.15e-06 2.85e-06 1.3e-06 2.55e-06 4e-06 2.25e-06 2.5e-06 1.5e-06 1.3e-06 3.05e-06 2e-06 2.85e-06 2.45e-06 2.35e-06 2.25e-06 1.25e-06 1.3e-06 2.6e-06 1.5e-06 2.45e-06 1.55e-06 1.55e-06 2.95e-06 1.65e-06 3.4e-06 1.6e-06 2.1e-06 2.65e-06 2.2e-06 1.95e-06 1.45e-06 3.45e-06 1.55e-06 1.3e-06 2.95e-06 1.4e-06 3.05e-06 3.15e-06 2.6e-06 2.1e-06 1.75e-06 2.85e-06 2.55e-06 2.1e-06 2.8e-06 3.35e-06 2.75e-06 1.3e-06 2e-06 3.1e-06
43 2.8e-06 3.05e-06 2.75e-06 3.1e-06 2.85e-06 3e-06 2.2e-06 3e-06 2.3e-06 2.95e-06 2.9e-06 3.6e-06 2.75e-06 2.3e-06 2.8e-06 2.95e-06 3e-06 2.3e-06 2.45e-06 2.3e-06 2.75e-06 2.3e-06 3.15e-06 2.8e-06 2.3e-06 2.55e-06 2.8e-06 2.8e-06 2.75e-06 3.2e-06 2.8e-06 2.4e-06 2.8e-06 2.25e-06 3e-06 2.55e-06 2.8e-06 2.7e-06 2.6e-06 2.85e-06 2.6e-06 2.85e-06 3.05e-06 3.8e-06 2.65e-06 2.6e-06 3.1e-06 2.5e-06 2.75e-06 3.1e-06 3.15e-06 2.15e-06 3.15e-06 3.25e-06 3e-06 2.5e-06 2.6e-06
44 2.95e-06 2.7e-06 2.55e-06 2.9e-06 2.5e-06 1.4e-06 2.1e-06 2.45e-06 3.65e-06 3.05e-06 1.7e-06 2.1e-06 3e-06 3.05e-06 3.35e-06 3.2e-06 1.7e-06 2.15e-06 3.05e-06 3.65e-06 2.6e-06 1.75e-06 2.75e-06 3e-06 1.7e-06 3.05e-06 1.7e-06 2.25e-06 2.45e-06 2.75e-06 2.55e-06 2e-06 2.5e-06 2.25e-06 1.7e-06 1.95e-06 2.9e-06 3.1e-06 2.4e-06 2.9e-06 2.85e-06 1.65e-06 3.15e-06 2.65e-06 2.5e-06 3.4e-06 2.4e-06 2.1e-06 1.7e-06 2.15e-06 2.1e-06 3e-06 2.5e-06 2.65e-06 3.05e-06 2.5e-06 1.3e-06
45 2.85e-06 2.4e-06 2.8e-06 2.95e-06 2.8e-06 3.5e-06 2.8e-06 3.5e-06 2.45e-06 2.8e-06 3.35e-06 4.15e-06 2.75e-06 2.65e-06 2.55e-06 2.7e-06 3.45e-06 2.75e-06 2.8e-06 2.45e-06 3e-06 3e-06 2.55e-06 2.6e-06 2.95e-06 2.55e-06 3.25e-06 2.85e-06 2.7e-06 3.6e-06 2.75e-06 3.2e-06 2.75e-06 2.75e-06 3.45e-06 2.6e-06 2.35e-06 2.55e-06 3.05e-06 2.35e-06 2.55e-06 3.3e-06 2.6e-06 2.6e-06 3.4e-06 4.5e-06 3.15e-06 2.8e-06 3.2e-06 3.25e-06 3.2e-06 2.5e-06 3.6e-06 3.15e-06 2.65e-06 2.7e-06 3.35e-06
46 2.25e-06 2.4e-06 2e-06 2.3e-06 2.3e-06 2.2e-06 2.4e-06 3.05e-06 3.4e-06 2.3e-06 2.05e-06 2.9e-06 2.5e-06 2.85e-06 2.55e-06 2.4e-06 2.25e-06 2.45e-06 3e-06 3e-06 2.6e-06 2.45e-06 2.5e-06 2.35e-06 2.5e-06 2.35e-06 2.05e-06 2.1e-06 2.35e-06 2.85e-06 2.35e-06 3.05e-06 2.4e-06 2.5e-06 2.15e-06 2.65e-06 2.85e-06 2.1e-06 2.8e-06 2.45e-06 2.4e-06 2.25e-06 2.1e-06 3.1e-06 2.4e-06 3.15e-06 3.8e-06 2.5e-06 2.25e-06 2e-06 2.15e-06 2.95e-06 3.05e-06 3.05e-06 2.15e-06 2.35e-06 2.35e-06
47 2.6e-06 1.4e-06 2.1e-06 2.15e-06 1.85e-06 2.35e-06 1.6e-06 2.35e-06 3.1e-06 1.9e-06 2.05e-06 3.35e-06 2.8e-06 2.65e-06 2.3e-06 1.9e-06 2.65e-06 1.6e-06 2.8e-06 3e-06 2.2e-06 1.35e-06 1.45e-06 1.85e-06 1.75e-06 2.1e-06 2.05e-06 1.7e-06 1.55e-06 2.85e-06 1.7e-06 2.25e-06 1.6e-06 1.65e-06 2.25e-06 1.4e-06 1.9e-06 2.35e-06 3.2e-06 1.85e-06 1.65e-06 2.4e-06 1.75e-06 2.5e-06 2.1e-06 2.8e-06 2.5e-06 2.4e-06 2.15e-06 2.85e-06 1.95e-06 2.8e-06 2.75e-06 2.15e-06 2.15e-06 2.15e-06 1.95e-06
48 2.65e-06 2.45e-06 2.25e-06 2.65e-06 1.85e-06 1.5e-06 2.1e-06 1.85e-06 3.4e-06 2.55e-06 1.4e-06 2.3e-06 2.6e-06 2.65e-06 3.15e-06 2.7e-06 1.45e-06 2.2e-06 2.65e-06 3.25e-06 2.2e-06 1.75e-06 2.55e-06 2.65e-06 1.55e-06 2.7e-06 1.45e-06 1.95e-06 1.7e-06 2.7e-06 1.75e-06 2.1e-06 1.75e-06 2.25e-06 1.6e-06 2.2e-06 2.75e-06 2.75e-06 2.4e-06 2.6e-06 2.65e-06 1.25e-06 2.85e-06 2.75e-06 1.7e-06 3.2e-06 2.25e-06 2.15e-06 1.9e-06 2.2e-06 1.85e-06 2.3e-06 2e-06 2.6e-06 2.7e-06 2e-06 1.55e-06
49 2.2e-06 2.85e-06 1.95e-06 2.45e-06 2.5e-06 2e-06 2.8e-06 3.25e-06 3.3e-06 2.85e-06 2.15e-06 2.35e-06 2.55e-06 3e-06 2.8e-06 2.9e-06 1.85e-06 2.8e-06 3.1e-06 3.1e-06 2.85e-06 2.85e-06 2.95e-06 2.8e-06 2.6e-06 2.75e-06 2.05e-06 2.05e-06 2.7e-06 2.85e-06 2.75e-06 3.05e-06 2.75e-06 2.85e-06 2.05e-06 3e-06 3.1e-06 2.05e-06 2.3e-06 2.9e-06 2.75e-06 2e-06 2.55e-06 3.1e-06 2.15e-06 3.25e-06 2e-06 2.85e-06 2.2e-06 2.7e-06 2.2e-06 2.95e-06 3e-06 3.35e-06 2.1e-06 2.5e-06 2.3e-06
50 2.6e-06 1.9e-06 2.15e-06 2.25e-06 2.05e-06 1.9e-06 2.35e-06 2.65e-06 3.45e-06 2.3e-06 1.75e-06 2.8e-06 2.9e-06 2.95e-06 2.7e-06 2.35e-06 2.15e-06 2.3e-06 3.05e-06 3.35e-06 2.5e-06 2.1e-06 1.95e-06 2.25e-06 2.25e-06 2.5e-06 1.85e-06 1.75e-06 1.85e-06 2.95e-06 2e-06 2.8e-06 1.9e-06 2.4e-06 1.95e-06 2.2e-06 2.45e-06 2.45e-06 2.8e-06 2.35e-06 2.15e-06 2e-06 2.1e-06 3.15e-06 2.1e-06 3.2e-06 2.15e-06 1.95e-06 1.85e-06 2.2e-06 3.2e-06 3e-06 2.8e-06 2.65e-06 2.2e-06 2.35e-06 1.95e-06
51 2.5e-06 3e-06 2.5e-06 2.75e-06 2.35e-06 3e-06 2.5e-06 2.75e-06 2.1e-06 2.7e-06 2.75e-06 3.6e-06 2.3e-06 2e-06 2.65e-06 2.75e-06 2.6e-06 2.55e-06 2.2e-06 2.05e-06 2.6e-06 2.6e-06 3.1e-06 2.65e-06 2.3e-06 2.4e-06 2.65e-06 2.55e-06 2.2e-06 3.15e-06 2.25e-06 2.65e-06 2.25e-06 2.55e-06 2.85e-06 3e-06 2.85e-06 2.5e-06 2.4e-06 2.8e-06 2.6e-06 2.4e-06 2.8e-06 2.15e-06 3e-06 2.5e-06 2.95e-06 2.8e-06 2.3e-06 2.95e-06 3e-06 3.1e-06 2.75e-06 3.5e-06 2.75e-06 2.1e-06 2.95e-06
52 3.25e-06 3.05e-06 2.75e-06 3.2e-06 2.4e-06 2.55e-06 2.7e-06 2e-06 3.8e-06 3.2e-06 2.3e-06 2.15e-06 3.1e-06 3.05e-06 3.6e-06 3.3e-06 2.2e-06 2.8e-06 3.05e-06 3.65e-06 2.4e-06 2.3e-06 3.15e-06 3.25e-06 2.05e-06 3.3e-06 2.2e-06 2.5e-06 2.3e-06 2.7e-06 2.4e-06 2.15e-06 2.35e-06 2.8e-06 2.4e-06 2.75e-06 3.3e-06 3.3e-06 3.05e-06 3.15e-06 3.3e-06 2.1e-06 3.35e-06 3.15e-06 2.5e-06 3.6e-06 3.05e-06 2.75e-06 2e-06 3e-06 2.8e-06 2.75e-06 3.2e-06 2.65e-06 3.25e-06 2.5e-06 2.45e-06
53 3.3e-06 1.9e-06 2.85e-06 3.15e-06 2.6e-06 2.8e-06 2.4e-06 2.1e-06 3.85e-06 2.75e-06 2.55e-06 3.05e-06 3.4e-06 3.4e-06 3.1e-06 2.65e-06 3.1e-06 2.45e-06 3.3e-06 3.7e-06 2.45e-06 2.1e-06 2.05e-06 2.65e-06 2.45e-06 2.9e-06 2.55e-06 2.55e-06 2.4e-06 2.7e-06 2.45e-06 2.35e-06 2.45e-06 2.4e-06 2.75e-06 1.8e-06 2.25e-06 3.05e-06 3.7e-06 2.15e-06 2.7e-06 2.85e-06 2.75e-06 3.25e-06 2.65e-06 3.15e-06 3.05e-06 2.15e-06 2.6e-06 3.35e-06 2.65e-06 3.5e-06 2.65e-06 3.1e-06 2.9e-06 2.85e-06 2.5e-06
54 1.9e-06 1.65e-06 1.55e-06 1.85e-06 1.75e-06 3e-06 2.4e-06 3.2e-06 2.7e-06 1.75e-06 2.55e-06 3.6e-06 2.4e-06 2.6e-06 1.75e-06 1.65e-06 2.85e-06 2.25e-06 2.9e-06 2.45e-06 2.4e-06 2.55e-06 1.75e-06 1.65e-06 2.7e-06 1.75e-06 2.45e-06 1.6e-06 1.9e-06 3e-06 1.95e-06 3.35e-06 1.95e-06 2.2e-06 2.65e-06 2.5e-06 2.1e-06 1.35e-06 3.1e-06 1.85e-06 1.65e-06 2.8e-06 1.3e-06 3e-06 3.05e-06 2.65e-06 2.15e-06 2.15e-06 2.7e-06 2.1e-06 2.2e-06 2.75e-06 3.25e-06 2.9e-06 2.1e-06 2.15e-06 3e-06
55 1.9e-06 2.2e-06 1.9e-06 2.05e-06 1.75e-06 2.35e-06 1.95e-06 2.4e-06 2.75e-06 2e-06 2.15e-06 3.15e-06 2e-06 2.2e-06 2.35e-06 2e-06 2.15e-06 1.9e-06 2.4e-06 2.25e-06 2.1e-06 2e-06 2.25e-06 1.8e-06 1.85e-06 1.55e-06 2.05e-06 1.9e-06 1.75e-06 2.6e-06 1.85e-06 2.6e-06 1.8e-06 1.95e-06 2.25e-06 2.35e-06 2.55e-06 1.9e-06 2.75e-06 2.05e-06 1.95e-06 2.15e-06 2e-06 2.5e-06 2.5e-06 2.7e-06 2.35e-06 2.15e-06 2e-06 2.5e-06 2.35e-06 2.1e-06 2.5e-06 2.85e-06 2.15e-06 2.8e-06 2.45e-06
56 3e-06 2.55e-06 2.55e-06 2.95e-06 2.45e-06 1.45e-06 1.95e-06 2.3e-06 3.65e-06 2.9e-06 1.5e-06 2.25e-06 3.05e-06 3e-06 3.35e-06 3.05e-06 1.85e-06 2e-06 3e-06 3.6e-06 2.45e-06 1.6e-06 2.6e-06 2.85e-06 1.65e-06 2.9e-06 1.65e-06 2.2e-06 2.3e-06 2.8e-06 2.4e-06 1.95e-06 2.35e-06 2.1e-06 1.75e-06 1.8e-06 2.8e-06 3.05e-06 2.55e-06 2.75e-06 2.7e-06 1.7e-06 3.1e-06 2.6e-06 1.3e-06 3.35e-06 2.35e-06 1.95e-06 1.55e-06 2.3e-06 1.95e-06 2.95e-06 2.45e-06 2.5e-06 3e-06 2.45e-06 2.2e-06
