 slim_762256203 slim_762256225 slim_762256189 slim_762256194 slim_762256190 slim_762256219 slim_762256205 slim_762256184 slim_762256192 slim_762256217 slim_762256197 slim_762256228 slim_762256195 slim_762256215 slim_762256199 slim_762256204 slim_762256196 slim_762256207 slim_762256185 slim_762256202 slim_762256227 slim_762256214 slim_762256224 slim_762256226 slim_762256222 slim_762256198 slim_762256201 slim_762256208 slim_762256216 slim_762256186 slim_762256191 slim_762256193 slim_762256218 slim_762256200 slim_762256229 slim_762256223 slim_762256213 slim_762256188 slim_762256220 slim_762256187 slim_762256221 slim_762256209 slim_762256206 slim_762256210 slim_762256211 slim_762256212
0 5.2e-06 2.95e-06 3.35e-06 3.1e-06 2.95e-06 2.95e-06 3e-06 3.3e-06 3.15e-06 3.3e-06 3.15e-06 2.9e-06 3e-06 3.2e-06 3.3e-06 3.5e-06 2.9e-06 3.15e-06 3.1e-06 3.2e-06 3.45e-06 2.95e-06 3.3e-06 2.8e-06 3e-06 3.35e-06 3.15e-06 3e-06 3.35e-06 3e-06 2.95e-06 3.5e-06 3.55e-06 2.95e-06 3e-06 3.3e-06 2.6e-06 2.75e-06 3.1e-06 3e-06 2.8e-06 3.1e-06 3.1e-06 3e-06 3.15e-06 2.8e-06
1 2.95e-06 1.2e-06 4.75e-06 3.35e-06 1.8e-06 4.1e-06 3.3e-06 5.9e-06 5.75e-06 3.05e-06 2.85e-06 3.2e-06 8.5e-07 4.15e-06 2.45e-06 4.95e-06 9e-07 2.65e-06 3.05e-06 2.35e-06 3.45e-06 1.15e-06 1.6e-06 8.5e-07 2.3e-06 3.5e-06 5.8e-06 4.45e-06 2.65e-06 2e-06 1.6e-06 4.9e-06 3.85e-06 1.95e-06 4.45e-06 4.65e-06 2.9e-06 7.5e-07 2.05e-06 3.15e-06 1.05e-06 3.75e-06 2.7e-06 3.15e-06 2.3e-06 2.45e-06
2 3.35e-06 4.75e-06 4.1e-06 3.7e-06 4.6e-06 3.5e-06 3.5e-06 2.45e-06 2.55e-06 2.6e-06 3.9e-06 3.4e-06 4.45e-06 2.2e-06 3.55e-06 2.45e-06 4.25e-06 4.7e-06 3.05e-06 3.5e-06 3.7e-06 4.5e-06 4.8e-06 4.55e-06 3.65e-06 3.7e-06 2.5e-06 2.05e-06 3.45e-06 4e-06 4.7e-06 2.45e-06 2.25e-06 3.85e-06 2.05e-06 2.85e-06 3.25e-06 4.35e-06 4.65e-06 3.55e-06 4.5e-06 2.65e-06 3.65e-06 3.45e-06 3.45e-06 3.3e-06
3 3.1e-06 3.35e-06 3.7e-06 5.9e-06 3.3e-06 3.45e-06 3.1e-06 3.25e-06 3.15e-06 3.75e-06 3.6e-06 3.2e-06 3.45e-06 3.45e-06 3.75e-06 3.7e-06 3.35e-06 3.6e-06 3.5e-06 3.6e-06 3.8e-06 3.35e-06 3.6e-06 3.15e-06 3.5e-06 3.4e-06 3.3e-06 3.5e-06 3.8e-06 3.3e-06 3.3e-06 3.4e-06 4.05e-06 3.3e-06 3.5e-06 3.4e-06 3.05e-06 3.15e-06 3.65e-06 3.15e-06 3.25e-06 3.35e-06 3.6e-06 3.3e-06 3.6e-06 3.05e-06
4 2.95e-06 1.8e-06 4.6e-06 3.3e-06 2.9e-06 3e-06 3.15e-06 4.85e-06 4.75e-06 3.8e-06 2.9e-06 3.15e-06 1.8e-06 4.65e-06 3.1e-06 4.6e-06 1.75e-06 1.75e-06 3.65e-06 3e-06 3e-06 1.9e-06 2e-06 1.65e-06 2.95e-06 3.45e-06 4.75e-06 4.3e-06 3.2e-06 2.75e-06 1.8e-06 4.7e-06 4.4e-06 2.7e-06 4.3e-06 4.45e-06 2.85e-06 1.6e-06 1.95e-06 3e-06 1.65e-06 4.25e-06 2.8e-06 3.25e-06 2.95e-06 3.05e-06
5 2.95e-06 4.1e-06 3.5e-06 3.45e-06 3e-06 3.7e-06 3.2e-06 2.45e-06 2.4e-06 4.4e-06 3.4e-06 3.2e-06 4.05e-06 4.1e-06 4.25e-06 3.4e-06 4.05e-06 2.25e-06 4.05e-06 4.25e-06 3.4e-06 4.1e-06 3.5e-06 4e-06 3.7e-06 3.35e-06 2.3e-06 3.15e-06 4.2e-06 4.2e-06 3.5e-06 3.65e-06 4.45e-06 4.1e-06 3.15e-06 3.4e-06 2.9e-06 4e-06 3.1e-06 3.2e-06 3.7e-06 3.95e-06 3.4e-06 3.35e-06 4.2e-06 3.85e-06
6 3e-06 3.3e-06 3.5e-06 3.1e-06 3.15e-06 3.2e-06 5.8e-06 3.05e-06 3.15e-06 3.6e-06 3.4e-06 3.05e-06 3.3e-06 3.3e-06 3.6e-06 3.4e-06 3.2e-06 3.35e-06 3.35e-06 3.5e-06 3.65e-06 3.25e-06 3.35e-06 3.1e-06 3.3e-06 3.25e-06 3.1e-06 3.3e-06 3.6e-06 3.25e-06 3.25e-06 3.45e-06 3.85e-06 3.2e-06 3.3e-06 3.2e-06 2.9e-06 3.05e-06 3.4e-06 2.95e-06 3.1e-06 3.2e-06 3.4e-06 3.15e-06 3.45e-06 2.95e-06
7 3.3e-06 5.9e-06 2.45e-06 3.25e-06 4.85e-06 2.45e-06 3.05e-06 8e-07 8e-07 4.45e-06 4.15e-06 3.2e-06 5.85e-06 2.75e-06 5.05e-06 2.25e-06 5.8e-06 4.2e-06 4e-06 5e-06 4.15e-06 5.75e-06 5.1e-06 5.8e-06 4.3e-06 3.15e-06 6.5e-07 2.35e-06 4.8e-06 4.95e-06 5.25e-06 2.35e-06 4.1e-06 4.85e-06 2.35e-06 2.25e-06 3.2e-06 5.75e-06 4.85e-06 3.3e-06 5.45e-06 2.95e-06 4.3e-06 3.4e-06 4.95e-06 3.85e-06
8 3.15e-06 5.75e-06 2.55e-06 3.15e-06 4.75e-06 2.4e-06 3.15e-06 8e-07 1.4e-06 4.35e-06 4.15e-06 3.25e-06 5.75e-06 2.85e-06 4.95e-06 2.45e-06 5.7e-06 4.2e-06 3.95e-06 4.85e-06 4.05e-06 5.6e-06 5.1e-06 5.6e-06 4.25e-06 3.3e-06 8e-07 2.3e-06 4.8e-06 4.8e-06 5.05e-06 2.3e-06 4.05e-06 4.75e-06 2.3e-06 2.35e-06 3.1e-06 5.6e-06 4.85e-06 3.35e-06 5.35e-06 3.05e-06 4.25e-06 3.45e-06 4.85e-06 3.85e-06
9 3.3e-06 3.05e-06 2.6e-06 3.75e-06 3.8e-06 4.4e-06 3.6e-06 4.45e-06 4.35e-06 1.3e-06 3.25e-06 3.5e-06 2.55e-06 2.05e-06 2.05e-06 2.85e-06 2.15e-06 4.65e-06 1.8e-06 1.9e-06 3.25e-06 2.85e-06 3.85e-06 2.8e-06 3.05e-06 3.85e-06 4.35e-06 2.2e-06 2.15e-06 2.6e-06 3.65e-06 2.7e-06 9.5e-07 2.4e-06 2.2e-06 3.35e-06 3.2e-06 2.4e-06 4e-06 3.45e-06 3.05e-06 2.3e-06 2.7e-06 3.4e-06 1.95e-06 2.6e-06
10 3.15e-06 2.85e-06 3.9e-06 3.6e-06 2.9e-06 3.4e-06 3.4e-06 4.15e-06 4.15e-06 3.25e-06 4.3e-06 3.3e-06 2.65e-06 3.6e-06 3.4e-06 4.1e-06 2.55e-06 2.6e-06 2.45e-06 2.95e-06 3.65e-06 2.6e-06 2.9e-06 2.65e-06 3.15e-06 3.6e-06 4.1e-06 3.6e-06 3.1e-06 2.65e-06 2.55e-06 4.1e-06 3.85e-06 2.4e-06 3.6e-06 3.85e-06 3.05e-06 2.55e-06 2.4e-06 3.45e-06 2.55e-06 2.95e-06 2.5e-06 2.85e-06 3.3e-06 3.15e-06
11 2.9e-06 3.2e-06 3.4e-06 3.2e-06 3.15e-06 3.2e-06 3.05e-06 3.2e-06 3.25e-06 3.5e-06 3.3e-06 5.6e-06 3.2e-06 3.2e-06 3.5e-06 3.55e-06 3.1e-06 3.35e-06 3.25e-06 3.4e-06 3.65e-06 3.15e-06 3.5e-06 2.95e-06 3.2e-06 3.4e-06 3.25e-06 3.2e-06 3.5e-06 3.15e-06 3.15e-06 3.55e-06 3.75e-06 3.05e-06 3.2e-06 3.35e-06 2.8e-06 2.95e-06 3.3e-06 3.1e-06 3e-06 3.1e-06 3.3e-06 3.05e-06 3.35e-06 2.85e-06
12 3e-06 8.5e-07 4.45e-06 3.45e-06 1.8e-06 4.05e-06 3.3e-06 5.85e-06 5.75e-06 2.55e-06 2.65e-06 3.2e-06 9e-07 3.75e-06 2.2e-06 4.7e-06 4.5e-07 2.6e-06 2.85e-06 2e-06 3.35e-06 1e-06 1.7e-06 8e-07 2.15e-06 3.35e-06 5.75e-06 4.15e-06 2.25e-06 1.95e-06 1.65e-06 4.65e-06 3.35e-06 1.8e-06 4.15e-06 4.55e-06 2.9e-06 5.5e-07 2e-06 3.15e-06 1.05e-06 3.45e-06 2.5e-06 3.05e-06 2.1e-06 2.35e-06
13 3.2e-06 4.15e-06 2.2e-06 3.45e-06 4.65e-06 4.1e-06 3.3e-06 2.75e-06 2.85e-06 2.05e-06 3.6e-06 3.2e-06 3.75e-06 1.7e-06 3.05e-06 2.45e-06 3.45e-06 5.4e-06 2.4e-06 3e-06 3.9e-06 3.85e-06 4.9e-06 3.9e-06 3.25e-06 3.55e-06 2.85e-06 2e-06 2.85e-06 3.1e-06 4.6e-06 2.3e-06 1.85e-06 2.9e-06 2e-06 2.65e-06 3.1e-06 3.6e-06 4.95e-06 3.55e-06 4.15e-06 1.4e-06 3.7e-06 3.2e-06 2.95e-06 2.3e-06
14 3.3e-06 2.45e-06 3.55e-06 3.75e-06 3.1e-06 4.25e-06 3.6e-06 5.05e-06 4.95e-06 2.05e-06 3.4e-06 3.5e-06 2.2e-06 3.05e-06 3.9e-06 3.55e-06 2.05e-06 3.9e-06 2.55e-06 2.3e-06 3.1e-06 2.4e-06 3.25e-06 2.15e-06 2.85e-06 3.85e-06 4.95e-06 3.2e-06 2.35e-06 2.45e-06 3.05e-06 3.7e-06 2.05e-06 2.55e-06 3.2e-06 3.95e-06 3.2e-06 2.05e-06 3.4e-06 3.45e-06 2.45e-06 3.2e-06 3e-06 3.4e-06 2.05e-06 2.75e-06
15 3.5e-06 4.95e-06 2.45e-06 3.7e-06 4.6e-06 3.4e-06 3.4e-06 2.25e-06 2.45e-06 2.85e-06 4.1e-06 3.55e-06 4.7e-06 2.45e-06 3.55e-06 4.2e-06 4.6e-06 4.65e-06 3.15e-06 3.75e-06 3.6e-06 4.8e-06 4.7e-06 4.8e-06 3.8e-06 3.55e-06 2.3e-06 2.2e-06 3.5e-06 4.2e-06 4.95e-06 2.45e-06 2.25e-06 4.1e-06 2.2e-06 2.7e-06 3.4e-06 4.65e-06 4.8e-06 3.45e-06 4.7e-06 2.9e-06 3.85e-06 3.6e-06 3.45e-06 3.55e-06
16 2.9e-06 9e-07 4.25e-06 3.35e-06 1.75e-06 4.05e-06 3.2e-06 5.8e-06 5.7e-06 2.15e-06 2.55e-06 3.1e-06 4.5e-07 3.45e-06 2.05e-06 4.6e-06 0.0 2.6e-06 2.8e-06 1.8e-06 3.35e-06 8.5e-07 1.85e-06 7e-07 2.3e-06 3.5e-06 5.7e-06 3.95e-06 2.1e-06 1.85e-06 1.55e-06 4.45e-06 3.1e-06 1.65e-06 3.95e-06 4.5e-06 2.8e-06 2.5e-07 1.95e-06 3.05e-06 9.5e-07 3.25e-06 2.4e-06 3e-06 1.95e-06 2.15e-06
17 3.15e-06 2.65e-06 4.7e-06 3.6e-06 1.75e-06 2.25e-06 3.35e-06 4.2e-06 4.2e-06 4.65e-06 2.6e-06 3.35e-06 2.6e-06 5.4e-06 3.9e-06 4.65e-06 2.6e-06 1.4e-06 4.3e-06 3.8e-06 3.25e-06 2.75e-06 2.1e-06 2.55e-06 3.45e-06 3.5e-06 4.1e-06 4.4e-06 3.9e-06 3.65e-06 1.85e-06 4.9e-06 5.2e-06 3.55e-06 4.4e-06 4.55e-06 3.05e-06 2.55e-06 1.4e-06 3.2e-06 2.25e-06 4.9e-06 2.55e-06 3.05e-06 3.85e-06 3.9e-06
18 3.1e-06 3.05e-06 3.05e-06 3.5e-06 3.65e-06 4.05e-06 3.35e-06 4e-06 3.95e-06 1.8e-06 2.45e-06 3.25e-06 2.85e-06 2.4e-06 2.55e-06 3.15e-06 2.8e-06 4.3e-06 1.2e-06 2e-06 3.45e-06 2.7e-06 3.6e-06 2.7e-06 2.9e-06 3.6e-06 3.95e-06 2.7e-06 2.3e-06 1.9e-06 3.45e-06 3.15e-06 2.15e-06 1.75e-06 2.7e-06 3e-06 3e-06 2.7e-06 3.65e-06 3.4e-06 2.85e-06 1.75e-06 2.65e-06 3.05e-06 2.45e-06 2.65e-06
19 3.2e-06 2.35e-06 3.5e-06 3.6e-06 3e-06 4.25e-06 3.5e-06 5e-06 4.85e-06 1.9e-06 2.95e-06 3.4e-06 2e-06 3e-06 2.3e-06 3.75e-06 1.8e-06 3.8e-06 2e-06 3.4e-06 3.3e-06 2.1e-06 3e-06 2e-06 2.75e-06 3.75e-06 4.9e-06 3.15e-06 2.25e-06 2.3e-06 2.8e-06 3.6e-06 2.25e-06 2.15e-06 3.15e-06 3.9e-06 3.1e-06 1.85e-06 3.15e-06 3.35e-06 2.25e-06 2.85e-06 2.75e-06 3.25e-06 2.2e-06 2.65e-06
20 3.45e-06 3.45e-06 3.7e-06 3.8e-06 3e-06 3.4e-06 3.65e-06 4.15e-06 4.05e-06 3.25e-06 3.65e-06 3.65e-06 3.35e-06 3.9e-06 3.1e-06 3.6e-06 3.35e-06 3.25e-06 3.45e-06 3.3e-06 5.7e-06 3.4e-06 3.45e-06 3.25e-06 3.55e-06 3.85e-06 4.05e-06 3.35e-06 3.35e-06 3.45e-06 3.4e-06 3.75e-06 3.15e-06 3.55e-06 3.35e-06 3.95e-06 3.35e-06 3.25e-06 3.45e-06 3.5e-06 3.25e-06 3.95e-06 3.3e-06 3.7e-06 3.15e-06 3.6e-06
21 2.95e-06 1.15e-06 4.5e-06 3.35e-06 1.9e-06 4.1e-06 3.25e-06 5.75e-06 5.6e-06 2.85e-06 2.6e-06 3.15e-06 1e-06 3.85e-06 2.4e-06 4.8e-06 8.5e-07 2.75e-06 2.7e-06 2.1e-06 3.4e-06 1.3e-06 2e-06 8.5e-07 2.4e-06 3.6e-06 5.65e-06 4.2e-06 2.35e-06 1.9e-06 1.65e-06 4.65e-06 3.6e-06 1.7e-06 4.2e-06 4.45e-06 2.85e-06 7.5e-07 2.1e-06 3.1e-06 1.1e-06 3.35e-06 2.6e-06 3.05e-06 2.25e-06 2.35e-06
22 3.3e-06 1.6e-06 4.8e-06 3.6e-06 2e-06 3.5e-06 3.35e-06 5.1e-06 5.1e-06 3.85e-06 2.9e-06 3.5e-06 1.7e-06 4.9e-06 3.25e-06 4.7e-06 1.85e-06 2.1e-06 3.6e-06 3e-06 3.45e-06 2e-06 2.3e-06 1.85e-06 2.65e-06 3.35e-06 5e-06 4.5e-06 3.2e-06 2.9e-06 2.05e-06 4.85e-06 4.45e-06 2.8e-06 4.5e-06 4.55e-06 3.2e-06 1.8e-06 1.85e-06 3.2e-06 1.65e-06 4.45e-06 2.85e-06 3.35e-06 3.15e-06 3.45e-06
23 2.8e-06 8.5e-07 4.55e-06 3.15e-06 1.65e-06 4e-06 3.1e-06 5.8e-06 5.6e-06 2.8e-06 2.65e-06 2.95e-06 8e-07 3.9e-06 2.15e-06 4.8e-06 7e-07 2.55e-06 2.7e-06 2e-06 3.25e-06 8.5e-07 1.85e-06 6e-07 2.3e-06 3.5e-06 5.7e-06 4.25e-06 2.4e-06 1.65e-06 1.35e-06 4.65e-06 3.6e-06 1.6e-06 4.25e-06 4.4e-06 2.7e-06 5e-07 1.95e-06 2.95e-06 8.5e-07 3.5e-06 2.5e-06 2.9e-06 2.05e-06 2.2e-06
24 3e-06 2.3e-06 3.65e-06 3.5e-06 2.95e-06 3.7e-06 3.3e-06 4.3e-06 4.25e-06 3.05e-06 3.15e-06 3.2e-06 2.15e-06 3.25e-06 2.85e-06 3.8e-06 2.3e-06 3.45e-06 2.9e-06 2.75e-06 3.55e-06 2.4e-06 2.65e-06 2.3e-06 3.8e-06 3.3e-06 4.2e-06 3.35e-06 2.85e-06 2.75e-06 2.9e-06 3.9e-06 3.2e-06 2.65e-06 3.35e-06 3.7e-06 2.9e-06 2.25e-06 2.65e-06 3.25e-06 2.05e-06 3.15e-06 3.05e-06 3.05e-06 2.75e-06 2.75e-06
25 3.35e-06 3.5e-06 3.7e-06 3.4e-06 3.45e-06 3.35e-06 3.25e-06 3.15e-06 3.3e-06 3.85e-06 3.6e-06 3.4e-06 3.35e-06 3.55e-06 3.85e-06 3.55e-06 3.5e-06 3.5e-06 3.6e-06 3.75e-06 3.85e-06 3.6e-06 3.35e-06 3.5e-06 3.3e-06 6.2e-06 3.15e-06 3.5e-06 3.75e-06 3.65e-06 3.65e-06 3.6e-06 4e-06 3.55e-06 3.5e-06 3.45e-06 3.25e-06 3.45e-06 3.6e-06 3.3e-06 3.45e-06 3.45e-06 3.6e-06 3.4e-06 3.75e-06 3.35e-06
26 3.15e-06 5.8e-06 2.5e-06 3.3e-06 4.75e-06 2.3e-06 3.1e-06 6.5e-07 8e-07 4.35e-06 4.1e-06 3.25e-06 5.75e-06 2.85e-06 4.95e-06 2.3e-06 5.7e-06 4.1e-06 3.95e-06 4.9e-06 4.05e-06 5.65e-06 5e-06 5.7e-06 4.2e-06 3.15e-06 1.2e-06 2.25e-06 4.75e-06 4.9e-06 5.15e-06 2.4e-06 4e-06 4.8e-06 2.25e-06 2.3e-06 3.1e-06 5.65e-06 4.75e-06 3.3e-06 5.35e-06 3.05e-06 4.2e-06 3.45e-06 4.85e-06 3.9e-06
27 3e-06 4.45e-06 2.05e-06 3.5e-06 4.3e-06 3.15e-06 3.3e-06 2.35e-06 2.3e-06 2.2e-06 3.6e-06 3.2e-06 4.15e-06 2e-06 3.2e-06 2.2e-06 3.95e-06 4.4e-06 2.7e-06 3.15e-06 3.35e-06 4.2e-06 4.5e-06 4.25e-06 3.35e-06 3.5e-06 2.25e-06 3.3e-06 3.15e-06 3.7e-06 4.4e-06 2.2e-06 1.85e-06 3.55e-06 1.65e-06 2.6e-06 2.9e-06 4.05e-06 4.35e-06 3.3e-06 4.2e-06 2.45e-06 3.3e-06 3.25e-06 3.1e-06 3.1e-06
28 3.35e-06 2.65e-06 3.45e-06 3.8e-06 3.2e-06 4.2e-06 3.6e-06 4.8e-06 4.8e-06 2.15e-06 3.1e-06 3.5e-06 2.25e-06 2.85e-06 2.35e-06 3.5e-06 2.1e-06 3.9e-06 2.3e-06 2.25e-06 3.35e-06 2.35e-06 3.2e-06 2.4e-06 2.85e-06 3.75e-06 4.75e-06 3.15e-06 4e-06 2.6e-06 3.2e-06 3.65e-06 2.1e-06 2.4e-06 3.15e-06 3.9e-06 3.25e-06 2.2e-06 3.35e-06 3.55e-06 2.55e-06 2.85e-06 3e-06 3.35e-06 2.2e-06 2.8e-06
29 3e-06 2e-06 4e-06 3.3e-06 2.75e-06 4.2e-06 3.25e-06 4.95e-06 4.8e-06 2.6e-06 2.65e-06 3.15e-06 1.95e-06 3.1e-06 2.45e-06 4.2e-06 1.85e-06 3.65e-06 1.9e-06 2.3e-06 3.45e-06 1.9e-06 2.9e-06 1.65e-06 2.75e-06 3.65e-06 4.9e-06 3.7e-06 2.6e-06 2.9e-06 2.45e-06 4.05e-06 3.25e-06 1.7e-06 3.7e-06 3.8e-06 2.9e-06 1.65e-06 3e-06 3.3e-06 1.95e-06 2.6e-06 2.85e-06 3.05e-06 2.45e-06 2.4e-06
30 2.95e-06 1.6e-06 4.7e-06 3.3e-06 1.8e-06 3.5e-06 3.25e-06 5.25e-06 5.05e-06 3.65e-06 2.55e-06 3.15e-06 1.65e-06 4.6e-06 3.05e-06 4.95e-06 1.55e-06 1.85e-06 3.45e-06 2.8e-06 3.4e-06 1.65e-06 2.05e-06 1.35e-06 2.9e-06 3.65e-06 5.15e-06 4.4e-06 3.2e-06 2.45e-06 2.3e-06 4.8e-06 4.45e-06 2.45e-06 4.4e-06 4.55e-06 2.85e-06 1.35e-06 1.65e-06 3.1e-06 1.45e-06 4.15e-06 2.45e-06 2.85e-06 2.9e-06 2.9e-06
31 3.5e-06 4.9e-06 2.45e-06 3.4e-06 4.7e-06 3.65e-06 3.45e-06 2.35e-06 2.3e-06 2.7e-06 4.1e-06 3.55e-06 4.65e-06 2.3e-06 3.7e-06 2.45e-06 4.45e-06 4.9e-06 3.15e-06 3.6e-06 3.75e-06 4.65e-06 4.85e-06 4.65e-06 3.9e-06 3.6e-06 2.4e-06 2.2e-06 3.65e-06 4.05e-06 4.8e-06 4.3e-06 2.4e-06 3.95e-06 2.2e-06 2.75e-06 3.4e-06 4.5e-06 4.95e-06 3.5e-06 4.7e-06 2.75e-06 3.85e-06 3.6e-06 3.6e-06 3.4e-06
32 3.55e-06 3.85e-06 2.25e-06 4.05e-06 4.4e-06 4.45e-06 3.85e-06 4.1e-06 4.05e-06 9.5e-07 3.85e-06 3.75e-06 3.35e-06 1.85e-06 2.05e-06 2.25e-06 3.1e-06 5.2e-06 2.15e-06 2.25e-06 3.15e-06 3.6e-06 4.45e-06 3.6e-06 3.2e-06 4e-06 4e-06 1.85e-06 2.1e-06 3.25e-06 4.45e-06 2.4e-06 6e-07 3.1e-06 1.85e-06 3.25e-06 3.45e-06 3.3e-06 4.65e-06 3.7e-06 3.8e-06 2.55e-06 3.2e-06 3.65e-06 1.9e-06 3e-06
33 2.95e-06 1.95e-06 3.85e-06 3.3e-06 2.7e-06 4.1e-06 3.2e-06 4.85e-06 4.75e-06 2.4e-06 2.4e-06 3.05e-06 1.8e-06 2.9e-06 2.55e-06 4.1e-06 1.65e-06 3.55e-06 1.75e-06 2.15e-06 3.55e-06 1.7e-06 2.8e-06 1.6e-06 2.65e-06 3.55e-06 4.8e-06 3.55e-06 2.4e-06 1.7e-06 2.45e-06 3.95e-06 3.1e-06 2.9e-06 3.55e-06 3.75e-06 2.85e-06 1.55e-06 2.9e-06 3.25e-06 1.9e-06 2.3e-06 2.7e-06 3e-06 2.4e-06 2.3e-06
34 3e-06 4.45e-06 2.05e-06 3.5e-06 4.3e-06 3.15e-06 3.3e-06 2.35e-06 2.3e-06 2.2e-06 3.6e-06 3.2e-06 4.15e-06 2e-06 3.2e-06 2.2e-06 3.95e-06 4.4e-06 2.7e-06 3.15e-06 3.35e-06 4.2e-06 4.5e-06 4.25e-06 3.35e-06 3.5e-06 2.25e-06 1.65e-06 3.15e-06 3.7e-06 4.4e-06 2.2e-06 1.85e-06 3.55e-06 3.3e-06 2.6e-06 2.9e-06 4.05e-06 4.35e-06 3.3e-06 4.2e-06 2.45e-06 3.3e-06 3.25e-06 3.1e-06 3.1e-06
35 3.3e-06 4.65e-06 2.85e-06 3.4e-06 4.45e-06 3.4e-06 3.2e-06 2.25e-06 2.35e-06 3.35e-06 3.85e-06 3.35e-06 4.55e-06 2.65e-06 3.95e-06 2.7e-06 4.5e-06 4.55e-06 3e-06 3.9e-06 3.95e-06 4.45e-06 4.55e-06 4.4e-06 3.7e-06 3.45e-06 2.3e-06 2.6e-06 3.9e-06 3.8e-06 4.55e-06 2.75e-06 3.25e-06 3.75e-06 2.6e-06 4.2e-06 3.2e-06 4.4e-06 4.6e-06 3.2e-06 4.4e-06 2.7e-06 3.75e-06 3.35e-06 3.85e-06 3.3e-06
36 2.6e-06 2.9e-06 3.25e-06 3.05e-06 2.85e-06 2.9e-06 2.9e-06 3.2e-06 3.1e-06 3.2e-06 3.05e-06 2.8e-06 2.9e-06 3.1e-06 3.2e-06 3.4e-06 2.8e-06 3.05e-06 3e-06 3.1e-06 3.35e-06 2.85e-06 3.2e-06 2.7e-06 2.9e-06 3.25e-06 3.1e-06 2.9e-06 3.25e-06 2.9e-06 2.85e-06 3.4e-06 3.45e-06 2.85e-06 2.9e-06 3.2e-06 5e-06 2.65e-06 3e-06 2.9e-06 2.7e-06 3e-06 3e-06 2.9e-06 3.05e-06 2.7e-06
37 2.75e-06 7.5e-07 4.35e-06 3.15e-06 1.6e-06 4e-06 3.05e-06 5.75e-06 5.6e-06 2.4e-06 2.55e-06 2.95e-06 5.5e-07 3.6e-06 2.05e-06 4.65e-06 2.5e-07 2.55e-06 2.7e-06 1.85e-06 3.25e-06 7.5e-07 1.8e-06 5e-07 2.25e-06 3.45e-06 5.65e-06 4.05e-06 2.2e-06 1.65e-06 1.35e-06 4.5e-06 3.3e-06 1.55e-06 4.05e-06 4.4e-06 2.65e-06 5e-07 1.9e-06 2.9e-06 8e-07 3.3e-06 2.4e-06 2.9e-06 1.9e-06 2.05e-06
38 3.1e-06 2.05e-06 4.65e-06 3.65e-06 1.95e-06 3.1e-06 3.4e-06 4.85e-06 4.85e-06 4e-06 2.4e-06 3.3e-06 2e-06 4.95e-06 3.4e-06 4.8e-06 1.95e-06 1.4e-06 3.65e-06 3.15e-06 3.45e-06 2.1e-06 1.85e-06 1.95e-06 2.65e-06 3.6e-06 4.75e-06 4.35e-06 3.35e-06 3e-06 1.65e-06 4.95e-06 4.65e-06 2.9e-06 4.35e-06 4.6e-06 3e-06 1.9e-06 1.9e-06 3.25e-06 1.4e-06 4.45e-06 2.35e-06 2.85e-06 3.3e-06 3.45e-06
39 3e-06 3.15e-06 3.55e-06 3.15e-06 3e-06 3.2e-06 2.95e-06 3.3e-06 3.35e-06 3.45e-06 3.45e-06 3.1e-06 3.15e-06 3.55e-06 3.45e-06 3.45e-06 3.05e-06 3.2e-06 3.4e-06 3.35e-06 3.5e-06 3.1e-06 3.2e-06 2.95e-06 3.25e-06 3.3e-06 3.3e-06 3.3e-06 3.55e-06 3.3e-06 3.1e-06 3.5e-06 3.7e-06 3.25e-06 3.3e-06 3.2e-06 2.9e-06 2.9e-06 3.25e-06 5.5e-06 2.95e-06 3.45e-06 3.25e-06 3.2e-06 3.3e-06 3e-06
40 2.8e-06 1.05e-06 4.5e-06 3.25e-06 1.65e-06 3.7e-06 3.1e-06 5.45e-06 5.35e-06 3.05e-06 2.55e-06 3e-06 1.05e-06 4.15e-06 2.45e-06 4.7e-06 9.5e-07 2.25e-06 2.85e-06 2.25e-06 3.25e-06 1.1e-06 1.65e-06 8.5e-07 2.05e-06 3.45e-06 5.35e-06 4.2e-06 2.55e-06 1.95e-06 1.45e-06 4.7e-06 3.8e-06 1.9e-06 4.2e-06 4.4e-06 2.7e-06 8e-07 1.4e-06 2.95e-06 1.3e-06 3.7e-06 2.45e-06 2.9e-06 2.3e-06 2.5e-06
41 3.1e-06 3.75e-06 2.65e-06 3.35e-06 4.25e-06 3.95e-06 3.2e-06 2.95e-06 3.05e-06 2.3e-06 2.95e-06 3.1e-06 3.45e-06 1.4e-06 3.2e-06 2.9e-06 3.25e-06 4.9e-06 1.75e-06 2.85e-06 3.95e-06 3.35e-06 4.45e-06 3.5e-06 3.15e-06 3.45e-06 3.05e-06 2.45e-06 2.85e-06 2.6e-06 4.15e-06 2.75e-06 2.55e-06 2.3e-06 2.45e-06 2.7e-06 3e-06 3.3e-06 4.45e-06 3.45e-06 3.7e-06 2.3e-06 3.35e-06 3.05e-06 3.1e-06 2.25e-06
42 3.1e-06 2.7e-06 3.65e-06 3.6e-06 2.8e-06 3.4e-06 3.4e-06 4.3e-06 4.25e-06 2.7e-06 2.5e-06 3.3e-06 2.5e-06 3.7e-06 3e-06 3.85e-06 2.4e-06 2.55e-06 2.65e-06 2.75e-06 3.3e-06 2.6e-06 2.85e-06 2.5e-06 3.05e-06 3.6e-06 4.2e-06 3.3e-06 3e-06 2.85e-06 2.45e-06 3.85e-06 3.2e-06 2.7e-06 3.3e-06 3.75e-06 3e-06 2.4e-06 2.35e-06 3.25e-06 2.45e-06 3.35e-06 4.2e-06 2.85e-06 2.9e-06 3.1e-06
43 3e-06 3.15e-06 3.45e-06 3.3e-06 3.25e-06 3.35e-06 3.15e-06 3.4e-06 3.45e-06 3.4e-06 2.85e-06 3.05e-06 3.05e-06 3.2e-06 3.4e-06 3.6e-06 3e-06 3.05e-06 3.05e-06 3.25e-06 3.7e-06 3.05e-06 3.35e-06 2.9e-06 3.05e-06 3.4e-06 3.45e-06 3.25e-06 3.35e-06 3.05e-06 2.85e-06 3.6e-06 3.65e-06 3e-06 3.25e-06 3.35e-06 2.9e-06 2.9e-06 2.85e-06 3.2e-06 2.9e-06 3.05e-06 2.85e-06 5.2e-06 3.3e-06 2.9e-06
44 3.15e-06 2.3e-06 3.45e-06 3.6e-06 2.95e-06 4.2e-06 3.45e-06 4.95e-06 4.85e-06 1.95e-06 3.3e-06 3.35e-06 2.1e-06 2.95e-06 2.05e-06 3.45e-06 1.95e-06 3.85e-06 2.45e-06 2.2e-06 3.15e-06 2.25e-06 3.15e-06 2.05e-06 2.75e-06 3.75e-06 4.85e-06 3.1e-06 2.2e-06 2.45e-06 2.9e-06 3.6e-06 1.9e-06 2.4e-06 3.1e-06 3.85e-06 3.05e-06 1.9e-06 3.3e-06 3.3e-06 2.3e-06 3.1e-06 2.9e-06 3.3e-06 3.7e-06 2.6e-06
45 2.8e-06 2.45e-06 3.3e-06 3.05e-06 3.05e-06 3.85e-06 2.95e-06 3.85e-06 3.85e-06 2.6e-06 3.15e-06 2.85e-06 2.35e-06 2.3e-06 2.75e-06 3.55e-06 2.15e-06 3.9e-06 2.65e-06 2.65e-06 3.6e-06 2.35e-06 3.45e-06 2.2e-06 2.75e-06 3.35e-06 3.9e-06 3.1e-06 2.8e-06 2.4e-06 2.9e-06 3.4e-06 3e-06 2.3e-06 3.1e-06 3.3e-06 2.7e-06 2.05e-06 3.45e-06 3e-06 2.5e-06 2.25e-06 3.1e-06 2.9e-06 2.6e-06 3.9e-06
