 slim_762013887 slim_762013893 slim_762013923 slim_762013888 slim_762013896 slim_762013936 slim_762013938 slim_762013883 slim_762013905 slim_762013900 slim_762013931 slim_762013890 slim_762013880 slim_762013877 slim_762013894 slim_762013932 slim_762013889 slim_762013934 slim_762013920 slim_762013892 slim_762013929 slim_762013886 slim_762013881 slim_762013873 slim_762013875 slim_762013898 slim_762013885 slim_762013907 slim_762013872 slim_762013906 slim_762013903 slim_762013909 slim_762013918 slim_762013878 slim_762013922 slim_762013917 slim_762013921 slim_762013937 slim_762013876 slim_762013915 slim_762013879 slim_762013882 slim_762013914 slim_762013926 slim_762013916 slim_762013895 slim_762013902 slim_762013908 slim_762013925 slim_762013911 slim_762013912 slim_762013897 slim_762013919 slim_762013927 slim_762013884 slim_762013899 slim_762013874 slim_762013930 slim_762013891 slim_762013913 slim_762013933 slim_762013924 slim_762013928 slim_762013904 slim_762013935 slim_762013901 slim_762013910
0 3.4e-06 2.3e-06 2.15e-06 2.45e-06 1.9e-06 2.2e-06 2.3e-06 1.95e-06 1.85e-06 2.05e-06 2.25e-06 2.35e-06 2.05e-06 2.15e-06 1.8e-06 2.2e-06 2.25e-06 2.4e-06 2e-06 1.9e-06 2.15e-06 2.05e-06 2.25e-06 2.3e-06 2e-06 2.55e-06 1.7e-06 2.15e-06 2.5e-06 1.9e-06 2.25e-06 2.25e-06 2.1e-06 2.15e-06 2.35e-06 2.4e-06 2.2e-06 2.15e-06 2.35e-06 2.25e-06 1.9e-06 1.9e-06 2.45e-06 2.5e-06 2.3e-06 2.25e-06 2.2e-06 2.3e-06 1.95e-06 2.25e-06 2.4e-06 1.85e-06 2.1e-06 2e-06 1.95e-06 2.1e-06 1.9e-06 2.1e-06 2.45e-06 2.3e-06 2.3e-06 2.1e-06 2.35e-06 1.9e-06 2.6e-06 2.3e-06 1.85e-06
1 2.3e-06 1.1e-06 1.25e-06 1.3e-06 1.45e-06 1.5e-06 1.15e-06 2.1e-06 1.05e-06 1.75e-06 1.5e-06 1.65e-06 2.25e-06 1.05e-06 1.85e-06 1.45e-06 1.55e-06 1.1e-06 1.3e-06 2.15e-06 1.7e-06 1.15e-06 2e-06 1.15e-06 1.15e-06 1.75e-06 1.75e-06 9.5e-07 1.7e-06 1.55e-06 1.3e-06 2.05e-06 1.7e-06 1.35e-06 1.5e-06 1.2e-06 1e-06 1.45e-06 1.5e-06 1.4e-06 1.6e-06 1.55e-06 1.5e-06 9.5e-07 1.25e-06 1.55e-06 1.35e-06 1.15e-06 1.7e-06 1.15e-06 9e-07 1.1e-06 1.7e-06 1.2e-06 1.5e-06 1.6e-06 1.5e-06 1.3e-06 1.2e-06 1.15e-06 1e-06 7.5e-07 1.2e-06 2.1e-06 9e-07 1e-06 2.1e-06
2 2.15e-06 1.25e-06 7e-07 1.05e-06 9e-07 9.5e-07 8.5e-07 2.1e-06 4.5e-07 2.05e-06 9e-07 1.45e-06 2.1e-06 9e-07 1.25e-06 8.5e-07 1.35e-06 1.15e-06 7.5e-07 2e-06 1.2e-06 1.15e-06 1.8e-06 9.5e-07 8e-07 1.15e-06 1.15e-06 6e-07 1.1e-06 1e-06 6.5e-07 2.1e-06 1.1e-06 7.5e-07 1.4e-06 9e-07 7e-07 8e-07 1.15e-06 1.1e-06 9.5e-07 1e-06 1.6e-06 1.05e-06 1.1e-06 1e-06 1.3e-06 8e-07 2.1e-06 7.5e-07 9e-07 5e-07 1.1e-06 6e-07 1.2e-06 1.2e-06 9.5e-07 7e-07 1.05e-06 8e-07 1.05e-06 7.5e-07 9.5e-07 2e-06 1.3e-06 1.15e-06 1.85e-06
3 2.45e-06 1.3e-06 1.05e-06 1.6e-06 1.35e-06 1.4e-06 8e-07 2.3e-06 9.5e-07 2.15e-06 9e-07 1.8e-06 2.3e-06 1.2e-06 1.7e-06 1.1e-06 1.7e-06 1.4e-06 1.2e-06 2.3e-06 1.4e-06 1.4e-06 2.1e-06 1.05e-06 1.2e-06 1.4e-06 1.6e-06 9.5e-07 1.1e-06 1.45e-06 1.15e-06 2.3e-06 1.45e-06 9.5e-07 1.45e-06 1.05e-06 9e-07 1.4e-06 1.4e-06 1.35e-06 1.35e-06 1.45e-06 1.7e-06 9.5e-07 1.25e-06 1.35e-06 1.55e-06 1.15e-06 2.25e-06 1.1e-06 1.05e-06 1e-06 1.45e-06 1e-06 1.55e-06 1.6e-06 1.4e-06 1.05e-06 1.3e-06 1.15e-06 1.3e-06 1.05e-06 1.1e-06 2.3e-06 1.3e-06 1.3e-06 2.3e-06
4 1.9e-06 1.45e-06 9e-07 1.35e-06 7e-07 6.5e-07 1.15e-06 2.1e-06 5.5e-07 2.05e-06 9e-07 1.6e-06 2.1e-06 9e-07 6.5e-07 7.5e-07 1.5e-06 1e-06 4.5e-07 1.95e-06 1.15e-06 9e-07 1.55e-06 1.05e-06 1e-06 1.15e-06 5.5e-07 1e-06 1.2e-06 5e-07 8e-07 2.5e-06 8.5e-07 9e-07 1.55e-06 1.2e-06 1.05e-06 7e-07 1.3e-06 1.1e-06 6e-07 5e-07 1.8e-06 1.45e-06 9.5e-07 8.5e-07 8.5e-07 9.5e-07 2.3e-06 1e-06 1.35e-06 5e-07 8.5e-07 6.5e-07 9.5e-07 9e-07 5.5e-07 7.5e-07 1.2e-06 9.5e-07 9e-07 9e-07 1e-06 1.85e-06 1.5e-06 9e-07 2e-06
5 2.2e-06 1.5e-06 9.5e-07 1.4e-06 6.5e-07 8e-07 1.2e-06 2.2e-06 6e-07 2.15e-06 9.5e-07 1.7e-06 2.2e-06 9.5e-07 1.1e-06 8e-07 1.6e-06 9e-07 4.5e-07 1.9e-06 1.2e-06 1.15e-06 1.85e-06 1.1e-06 1.05e-06 1.2e-06 1e-06 1.05e-06 1.25e-06 7.5e-07 8e-07 2.6e-06 1.1e-06 9.5e-07 1.6e-06 1.25e-06 1.1e-06 7e-07 1.35e-06 1.15e-06 8.5e-07 7.5e-07 1.9e-06 1.4e-06 1e-06 8.5e-07 1.05e-06 9.5e-07 2.4e-06 9.5e-07 1.3e-06 5.5e-07 1.1e-06 7e-07 1.2e-06 1.1e-06 7.5e-07 8e-07 1.1e-06 1e-06 9.5e-07 9.5e-07 1e-06 1.9e-06 1.55e-06 9.5e-07 2.2e-06
6 2.3e-06 1.15e-06 8.5e-07 8e-07 1.15e-06 1.2e-06 1.2e-06 2.15e-06 7.5e-07 1.95e-06 7.5e-07 1.6e-06 2.15e-06 1e-06 1.5e-06 9e-07 1.5e-06 1.2e-06 1e-06 2.15e-06 1.2e-06 1.2e-06 1.9e-06 8.5e-07 1.05e-06 1.2e-06 1.4e-06 7.5e-07 9.5e-07 1.25e-06 9.5e-07 2.15e-06 1.25e-06 7.5e-07 1.25e-06 8.5e-07 8e-07 1.2e-06 1.25e-06 1.2e-06 1.15e-06 1.25e-06 1.5e-06 9.5e-07 1.05e-06 1.15e-06 1.35e-06 9.5e-07 2.1e-06 9e-07 9e-07 8e-07 1.25e-06 8e-07 1.4e-06 1.4e-06 1.2e-06 8.5e-07 1.1e-06 9.5e-07 1.1e-06 8.5e-07 1e-06 2.15e-06 1.1e-06 1.1e-06 2.15e-06
7 1.95e-06 2.1e-06 2.1e-06 2.3e-06 2.1e-06 2.2e-06 2.15e-06 3.1e-06 1.8e-06 1.85e-06 2.2e-06 2.3e-06 2e-06 2.1e-06 2.45e-06 2.25e-06 2.2e-06 2.25e-06 2e-06 1.85e-06 2.1e-06 2.25e-06 2.55e-06 2.25e-06 1.7e-06 2.55e-06 2.35e-06 2.05e-06 2.4e-06 2.2e-06 2.2e-06 2.1e-06 2.4e-06 2.05e-06 2.2e-06 2.3e-06 2.1e-06 2.2e-06 2.05e-06 1.95e-06 2.25e-06 2.2e-06 2.35e-06 2.35e-06 2.3e-06 2.3e-06 2.35e-06 2.2e-06 1.8e-06 2.2e-06 2.25e-06 1.85e-06 2.4e-06 2e-06 1.95e-06 2.25e-06 2.15e-06 2.05e-06 2.3e-06 2.2e-06 2.15e-06 1.95e-06 2.25e-06 1.8e-06 2.4e-06 2.25e-06 1.85e-06
8 1.85e-06 1.05e-06 4.5e-07 9.5e-07 5.5e-07 6e-07 7.5e-07 1.8e-06 2e-07 1.75e-06 6.5e-07 1.2e-06 1.85e-06 6e-07 9e-07 6e-07 1.1e-06 8.5e-07 4e-07 1.7e-06 9e-07 8.5e-07 1.5e-06 7.5e-07 5.5e-07 9e-07 8e-07 5.5e-07 8.5e-07 6.5e-07 6e-07 2.1e-06 8e-07 5e-07 1.15e-06 8e-07 6e-07 6e-07 9e-07 8.5e-07 6.5e-07 6.5e-07 1.4e-06 1e-06 8e-07 7e-07 9.5e-07 7.5e-07 1.9e-06 7e-07 9e-07 2e-07 8e-07 3.5e-07 9e-07 8.5e-07 6e-07 4e-07 8.5e-07 7.5e-07 7.5e-07 5e-07 8e-07 1.7e-06 1.1e-06 8e-07 1.7e-06
9 2.05e-06 1.75e-06 2.05e-06 2.15e-06 2.05e-06 2.15e-06 1.95e-06 1.85e-06 1.75e-06 3e-06 2.1e-06 2.1e-06 2.05e-06 1.85e-06 2.4e-06 2.1e-06 2e-06 1.9e-06 1.95e-06 1.95e-06 2.05e-06 1.9e-06 2.35e-06 1.95e-06 2e-06 2.4e-06 2.3e-06 1.85e-06 2.3e-06 2.15e-06 2.1e-06 2.05e-06 2.3e-06 2e-06 2e-06 2.05e-06 1.9e-06 2.15e-06 2.3e-06 2.2e-06 2.2e-06 2.15e-06 2e-06 2e-06 2e-06 2.2e-06 2.05e-06 2e-06 1.75e-06 2e-06 1.9e-06 1.8e-06 2.3e-06 1.9e-06 2.25e-06 2.25e-06 2.1e-06 1.95e-06 2.05e-06 2e-06 1.8e-06 1.6e-06 2.05e-06 1.9e-06 1.85e-06 1.8e-06 1.95e-06
10 2.25e-06 1.5e-06 9e-07 9e-07 9e-07 9.5e-07 7.5e-07 2.2e-06 6.5e-07 2.1e-06 7e-07 1.75e-06 2.05e-06 1.05e-06 1.25e-06 5.5e-07 1.65e-06 1.2e-06 7.5e-07 2.1e-06 9.5e-07 1.2e-06 1.95e-06 8e-07 1.05e-06 9e-07 1.15e-06 1e-06 6.5e-07 1e-06 9.5e-07 2.5e-06 1e-06 6e-07 1.3e-06 1e-06 1.05e-06 1.05e-06 1.15e-06 1.05e-06 9e-07 1e-06 1.75e-06 1.45e-06 9.5e-07 9e-07 1.2e-06 1.1e-06 2.4e-06 1.05e-06 1.35e-06 6.5e-07 1e-06 6e-07 1.3e-06 1.25e-06 9.5e-07 6.5e-07 1.2e-06 1.1e-06 1.1e-06 9.5e-07 1.15e-06 2.1e-06 1.35e-06 1.05e-06 2.2e-06
11 2.35e-06 1.65e-06 1.45e-06 1.8e-06 1.6e-06 1.7e-06 1.6e-06 2.3e-06 1.2e-06 2.1e-06 1.75e-06 2.2e-06 2.4e-06 1.45e-06 1.9e-06 1.7e-06 1.1e-06 1.7e-06 1.5e-06 2.25e-06 1.75e-06 1.65e-06 1.5e-06 1.6e-06 1.5e-06 2e-06 1.8e-06 1.35e-06 1.95e-06 1.7e-06 1.6e-06 2.4e-06 1.85e-06 1.55e-06 1.75e-06 1.65e-06 1.4e-06 1.65e-06 1.9e-06 1.85e-06 1.7e-06 1.7e-06 1.2e-06 1.6e-06 1.7e-06 1.8e-06 1.85e-06 1.6e-06 2.2e-06 1.55e-06 1.5e-06 1.25e-06 1.85e-06 1.4e-06 1.85e-06 1.85e-06 1.65e-06 1.5e-06 1.65e-06 1.6e-06 1.6e-06 1.3e-06 1.65e-06 2.25e-06 1.7e-06 1.65e-06 2.2e-06
12 2.05e-06 2.25e-06 2.1e-06 2.3e-06 2.1e-06 2.2e-06 2.15e-06 2e-06 1.85e-06 2.05e-06 2.05e-06 2.4e-06 3.6e-06 2.15e-06 2.4e-06 1.8e-06 2.3e-06 2.35e-06 2e-06 1.95e-06 2.05e-06 2.3e-06 2.6e-06 1.9e-06 2e-06 1.95e-06 2.3e-06 2.1e-06 2.1e-06 2.2e-06 2.2e-06 2.25e-06 2.1e-06 2.05e-06 2.05e-06 2.15e-06 2.15e-06 2.25e-06 2.05e-06 2.15e-06 2.15e-06 2.2e-06 2.4e-06 2.45e-06 2.2e-06 2.15e-06 2.4e-06 2.25e-06 2e-06 2.2e-06 2.35e-06 1.85e-06 2.1e-06 1.9e-06 2.25e-06 2.35e-06 2.15e-06 1.9e-06 2.15e-06 2.25e-06 2.25e-06 2.05e-06 2.3e-06 1.95e-06 2.25e-06 2.25e-06 2e-06
13 2.15e-06 1.05e-06 9e-07 1.2e-06 9e-07 9.5e-07 1e-06 2.1e-06 6e-07 1.85e-06 1.05e-06 1.45e-06 2.15e-06 1.1e-06 1.25e-06 9.5e-07 1.35e-06 1e-06 7.5e-07 2e-06 1.3e-06 1e-06 1.7e-06 9.5e-07 9.5e-07 1.3e-06 1.15e-06 8e-07 1.3e-06 1e-06 9.5e-07 2.25e-06 1.2e-06 9.5e-07 1.4e-06 1e-06 8.5e-07 1e-06 1.3e-06 1.2e-06 1e-06 1e-06 1.5e-06 1.05e-06 8e-07 1.05e-06 1.1e-06 9.5e-07 2.05e-06 9e-07 9.5e-07 6e-07 1.2e-06 7.5e-07 1.25e-06 1.15e-06 9.5e-07 8e-07 1.1e-06 9.5e-07 9e-07 7e-07 1e-06 2e-06 1.1e-06 7e-07 2.05e-06
14 1.8e-06 1.85e-06 1.25e-06 1.7e-06 6.5e-07 1.1e-06 1.5e-06 2.45e-06 9e-07 2.4e-06 1.25e-06 1.9e-06 2.4e-06 1.25e-06 2e-07 1.1e-06 1.8e-06 1.5e-06 9e-07 2.25e-06 1.5e-06 9e-07 1.45e-06 1.4e-06 1.35e-06 1.5e-06 1e-07 1.35e-06 1.55e-06 5.5e-07 1.25e-06 2.8e-06 8e-07 1.25e-06 1.9e-06 1.55e-06 1.4e-06 1.05e-06 1.65e-06 1.5e-06 5.5e-07 5.5e-07 2.1e-06 1.8e-06 1.3e-06 1.1e-06 9.5e-07 1.4e-06 2.6e-06 1.35e-06 1.7e-06 8.5e-07 8e-07 1e-06 9.5e-07 9.5e-07 6e-07 1.1e-06 1.65e-06 1.4e-06 1.4e-06 1.3e-06 1.45e-06 2.25e-06 1.9e-06 1.3e-06 2.2e-06
15 2.2e-06 1.45e-06 8.5e-07 1.1e-06 7.5e-07 8e-07 9e-07 2.25e-06 6e-07 2.1e-06 5.5e-07 1.7e-06 1.8e-06 9.5e-07 1.1e-06 4e-07 1.6e-06 1.1e-06 6e-07 2.05e-06 1e-06 1.1e-06 1.85e-06 5e-07 1.05e-06 4e-07 1e-06 9.5e-07 6.5e-07 8.5e-07 8.5e-07 2.5e-06 7e-07 7.5e-07 1.2e-06 8.5e-07 1e-06 9.5e-07 9.5e-07 1e-06 7.5e-07 8.5e-07 1.7e-06 1.4e-06 8e-07 7e-07 1.05e-06 1e-06 2.4e-06 9.5e-07 1.3e-06 5.5e-07 7e-07 5e-07 1.25e-06 1.15e-06 8e-07 5e-07 9.5e-07 1e-06 1e-06 9e-07 1.05e-06 2.05e-06 1.1e-06 9e-07 2.2e-06
16 2.25e-06 1.55e-06 1.35e-06 1.7e-06 1.5e-06 1.6e-06 1.5e-06 2.2e-06 1.1e-06 2e-06 1.65e-06 1.1e-06 2.3e-06 1.35e-06 1.8e-06 1.6e-06 2e-06 1.6e-06 1.4e-06 2.15e-06 1.65e-06 1.55e-06 1.4e-06 1.5e-06 1.4e-06 1.9e-06 1.7e-06 1.25e-06 1.85e-06 1.6e-06 1.5e-06 2.3e-06 1.75e-06 1.45e-06 1.65e-06 1.55e-06 1.3e-06 1.55e-06 1.8e-06 1.75e-06 1.6e-06 1.6e-06 1.15e-06 1.5e-06 1.6e-06 1.7e-06 1.75e-06 1.5e-06 2.1e-06 1.45e-06 1.4e-06 1.15e-06 1.75e-06 1.3e-06 1.75e-06 1.75e-06 1.55e-06 1.4e-06 1.55e-06 1.5e-06 1.5e-06 1.2e-06 1.55e-06 2.15e-06 1.6e-06 1.55e-06 2.1e-06
17 2.4e-06 1.1e-06 1.15e-06 1.4e-06 1e-06 9e-07 1.2e-06 2.25e-06 8.5e-07 1.9e-06 1.2e-06 1.7e-06 2.35e-06 1e-06 1.5e-06 1.1e-06 1.6e-06 1.4e-06 8e-07 2.25e-06 1.5e-06 1.05e-06 1.95e-06 1.1e-06 1.2e-06 1.45e-06 1.4e-06 1.05e-06 1.45e-06 1.1e-06 1e-06 2.5e-06 1.4e-06 1.15e-06 1.55e-06 1.25e-06 1.1e-06 9.5e-07 1.5e-06 1.3e-06 1.25e-06 1.1e-06 1.7e-06 1.2e-06 1.1e-06 1.1e-06 1.05e-06 1e-06 2.3e-06 1.05e-06 1.1e-06 8.5e-07 1.4e-06 9.5e-07 1.4e-06 1.35e-06 1.1e-06 1.05e-06 1e-06 1.05e-06 7.5e-07 7.5e-07 1.05e-06 2.05e-06 1.05e-06 8.5e-07 2.3e-06
18 2e-06 1.3e-06 7.5e-07 1.2e-06 4.5e-07 4.5e-07 1e-06 2e-06 4e-07 1.95e-06 7.5e-07 1.5e-06 2e-06 7.5e-07 9e-07 6e-07 1.4e-06 8e-07 4e-07 1.85e-06 1e-06 9.5e-07 1.65e-06 9e-07 8.5e-07 1e-06 8e-07 8.5e-07 1.05e-06 5.5e-07 6e-07 2.4e-06 9e-07 7.5e-07 1.4e-06 1.05e-06 9e-07 6e-07 1.15e-06 9.5e-07 6.5e-07 5.5e-07 1.7e-06 1.3e-06 8e-07 6.5e-07 8.5e-07 7.5e-07 2.2e-06 8.5e-07 1.2e-06 3e-07 9e-07 5e-07 1e-06 9e-07 5.5e-07 6e-07 1e-06 8e-07 7.5e-07 7.5e-07 8e-07 1.7e-06 1.35e-06 7.5e-07 2e-06
19 1.9e-06 2.15e-06 2e-06 2.3e-06 1.95e-06 1.9e-06 2.15e-06 1.85e-06 1.7e-06 1.95e-06 2.1e-06 2.25e-06 1.95e-06 2e-06 2.25e-06 2.05e-06 2.15e-06 2.25e-06 1.85e-06 3.3e-06 2e-06 2.2e-06 2.45e-06 2.15e-06 1.85e-06 2.4e-06 2.15e-06 2e-06 2.35e-06 2.05e-06 2.1e-06 2.15e-06 2.25e-06 2e-06 2.2e-06 2.25e-06 2.05e-06 2.1e-06 2.2e-06 2.1e-06 2.05e-06 2.05e-06 2.35e-06 2.35e-06 2.15e-06 2.2e-06 2.3e-06 2.15e-06 1.85e-06 2.1e-06 2.25e-06 1.7e-06 2.25e-06 1.85e-06 2.1e-06 2.2e-06 2e-06 1.95e-06 2.3e-06 2.15e-06 2.15e-06 1.95e-06 2.2e-06 1.8e-06 2.45e-06 2.15e-06 1.85e-06
20 2.15e-06 1.7e-06 1.2e-06 1.4e-06 1.15e-06 1.2e-06 1.2e-06 2.1e-06 9e-07 2.05e-06 9.5e-07 1.75e-06 2.05e-06 1.3e-06 1.5e-06 1e-06 1.65e-06 1.5e-06 1e-06 2e-06 1.6e-06 1.5e-06 1.95e-06 1.25e-06 1.3e-06 1.35e-06 1.4e-06 1.3e-06 1.2e-06 1.25e-06 1.25e-06 2.45e-06 1.35e-06 1e-06 1.3e-06 1.4e-06 1.35e-06 1.3e-06 1.5e-06 1.4e-06 1.2e-06 1.25e-06 1.85e-06 1.75e-06 1.3e-06 1.25e-06 1.5e-06 1.4e-06 2.2e-06 1.35e-06 1.65e-06 9e-07 1.35e-06 9e-07 1.55e-06 1.5e-06 1.2e-06 1e-06 1.55e-06 1.4e-06 1.4e-06 1.25e-06 1.45e-06 2e-06 1.75e-06 1.35e-06 2.1e-06
21 2.05e-06 1.15e-06 1.15e-06 1.4e-06 9e-07 1.15e-06 1.2e-06 2.25e-06 8.5e-07 1.9e-06 1.2e-06 1.65e-06 2.3e-06 1e-06 9e-07 1.1e-06 1.55e-06 1.05e-06 9.5e-07 2.2e-06 1.5e-06 1.6e-06 1.6e-06 1.1e-06 1.2e-06 1.45e-06 8e-07 1.05e-06 1.45e-06 9e-07 1.15e-06 2.45e-06 1.1e-06 1.15e-06 1.6e-06 1.25e-06 1.1e-06 1.1e-06 1.5e-06 1.35e-06 9.5e-07 9e-07 1.65e-06 1.3e-06 1.1e-06 1.15e-06 9e-07 1.15e-06 2.25e-06 1.15e-06 1.2e-06 8.5e-07 1.1e-06 9.5e-07 1.15e-06 1.15e-06 9e-07 1.05e-06 1.25e-06 1.15e-06 9.5e-07 8e-07 1.2e-06 2.15e-06 1.15e-06 9e-07 2.15e-06
22 2.25e-06 2e-06 1.8e-06 2.1e-06 1.55e-06 1.85e-06 1.9e-06 2.55e-06 1.5e-06 2.35e-06 1.95e-06 1.5e-06 2.6e-06 1.7e-06 1.45e-06 1.85e-06 1.4e-06 1.95e-06 1.65e-06 2.45e-06 1.95e-06 1.6e-06 2.7e-06 1.85e-06 1.85e-06 2.2e-06 1.35e-06 1.7e-06 2.2e-06 1.55e-06 1.85e-06 2.7e-06 1.75e-06 1.85e-06 2.05e-06 1.95e-06 1.75e-06 1.8e-06 2.2e-06 2.1e-06 1.55e-06 1.5e-06 1.55e-06 1.95e-06 1.85e-06 1.9e-06 1.75e-06 1.85e-06 2.5e-06 1.8e-06 1.85e-06 1.5e-06 1.75e-06 1.65e-06 1.8e-06 1.8e-06 1.55e-06 1.75e-06 2e-06 1.85e-06 1.85e-06 1.65e-06 1.9e-06 2.45e-06 2.05e-06 1.8e-06 2.4e-06
23 2.3e-06 1.15e-06 9.5e-07 1.05e-06 1.05e-06 1.1e-06 8.5e-07 2.25e-06 7.5e-07 1.95e-06 8e-07 1.6e-06 1.9e-06 9.5e-07 1.4e-06 5e-07 1.5e-06 1.1e-06 9e-07 2.15e-06 1.25e-06 1.1e-06 1.85e-06 1e-06 1.1e-06 6.5e-07 1.3e-06 8.5e-07 8.5e-07 1.15e-06 1e-06 2.3e-06 9.5e-07 9e-07 1.15e-06 8e-07 9e-07 1.15e-06 1.05e-06 1.15e-06 1.05e-06 1.15e-06 1.45e-06 1.1e-06 9e-07 9.5e-07 1.2e-06 1e-06 2.2e-06 9.5e-07 1e-06 7.5e-07 9.5e-07 7e-07 1.4e-06 1.35e-06 1.1e-06 7e-07 8.5e-07 1e-06 1e-06 8e-07 1.05e-06 2.15e-06 8e-07 9.5e-07 2.2e-06
24 2e-06 1.15e-06 8e-07 1.2e-06 1e-06 1.05e-06 1.05e-06 1.7e-06 5.5e-07 2e-06 1.05e-06 1.5e-06 2e-06 9.5e-07 1.35e-06 1.05e-06 1.4e-06 1.2e-06 8.5e-07 1.85e-06 1.3e-06 1.2e-06 1.85e-06 1.1e-06 9e-07 1.35e-06 1.25e-06 8.5e-07 1.25e-06 1.1e-06 1e-06 2.15e-06 1.25e-06 8.5e-07 1.45e-06 1.15e-06 9e-07 1e-06 8.5e-07 8.5e-07 1.1e-06 1.1e-06 1.65e-06 1.25e-06 1.2e-06 1.15e-06 1.35e-06 1.1e-06 1.95e-06 1.05e-06 1.15e-06 6e-07 1.25e-06 7.5e-07 9e-07 1.2e-06 1.05e-06 8.5e-07 1.15e-06 1.1e-06 1.1e-06 8e-07 1.15e-06 1.85e-06 1.35e-06 1.2e-06 1.8e-06
25 2.55e-06 1.75e-06 1.15e-06 1.4e-06 1.15e-06 1.2e-06 1.2e-06 2.55e-06 9e-07 2.4e-06 9e-07 2e-06 1.95e-06 1.3e-06 1.5e-06 4e-07 1.9e-06 1.45e-06 1e-06 2.4e-06 1.35e-06 1.45e-06 2.2e-06 6.5e-07 1.35e-06 4e-07 1.4e-06 1.25e-06 6.5e-07 1.25e-06 1.2e-06 2.8e-06 8e-07 1.05e-06 1.3e-06 1e-06 1.3e-06 1.3e-06 1e-06 1.35e-06 1.15e-06 1.25e-06 2e-06 1.7e-06 1.2e-06 9e-07 1.45e-06 1.35e-06 2.7e-06 1.3e-06 1.6e-06 9e-07 8e-07 8.5e-07 1.6e-06 1.5e-06 1.2e-06 6.5e-07 1.05e-06 1.35e-06 1.35e-06 1.2e-06 1.4e-06 2.4e-06 1.2e-06 1.3e-06 2.5e-06
26 1.7e-06 1.75e-06 1.15e-06 1.6e-06 5.5e-07 1e-06 1.4e-06 2.35e-06 8e-07 2.3e-06 1.15e-06 1.8e-06 2.3e-06 1.15e-06 1e-07 1e-06 1.7e-06 1.4e-06 8e-07 2.15e-06 1.4e-06 8e-07 1.35e-06 1.3e-06 1.25e-06 1.4e-06 0.0 1.25e-06 1.45e-06 4.5e-07 1.15e-06 2.7e-06 7e-07 1.15e-06 1.8e-06 1.45e-06 1.3e-06 9.5e-07 1.55e-06 1.4e-06 4.5e-07 4.5e-07 2e-06 1.7e-06 1.2e-06 1e-06 8.5e-07 1.3e-06 2.5e-06 1.25e-06 1.6e-06 7.5e-07 7e-07 9e-07 8.5e-07 8.5e-07 5e-07 1e-06 1.55e-06 1.3e-06 1.3e-06 1.2e-06 1.35e-06 2.15e-06 1.8e-06 1.2e-06 2.1e-06
27 2.15e-06 9.5e-07 6e-07 9.5e-07 1e-06 1.05e-06 7.5e-07 2.05e-06 5.5e-07 1.85e-06 1e-06 1.35e-06 2.1e-06 8e-07 1.35e-06 9.5e-07 1.25e-06 1.05e-06 8.5e-07 2e-06 1.3e-06 1.05e-06 1.7e-06 8.5e-07 8.5e-07 1.25e-06 1.25e-06 9e-07 1.2e-06 1.1e-06 7.5e-07 1.95e-06 1.2e-06 8.5e-07 1.3e-06 8e-07 6e-07 1e-06 1.2e-06 1.15e-06 1.05e-06 1.1e-06 1.35e-06 7.5e-07 1e-06 1.1e-06 1.25e-06 7.5e-07 1.9e-06 7e-07 6.5e-07 6e-07 1.2e-06 7e-07 1.25e-06 1.25e-06 1.05e-06 8e-07 9.5e-07 7.5e-07 9.5e-07 6.5e-07 8.5e-07 2e-06 1e-06 1e-06 1.95e-06
28 2.5e-06 1.7e-06 1.1e-06 1.1e-06 1.2e-06 1.25e-06 9.5e-07 2.4e-06 8.5e-07 2.3e-06 6.5e-07 1.95e-06 2.1e-06 1.3e-06 1.55e-06 6.5e-07 1.85e-06 1.45e-06 1.05e-06 2.35e-06 1.2e-06 1.45e-06 2.2e-06 8.5e-07 1.25e-06 6.5e-07 1.45e-06 1.2e-06 1.1e-06 1.3e-06 1.2e-06 2.7e-06 1e-06 8e-07 1.3e-06 1.05e-06 1.25e-06 1.3e-06 1.1e-06 1.3e-06 1.2e-06 1.3e-06 1.95e-06 1.65e-06 1.25e-06 1e-06 1.5e-06 1.35e-06 2.6e-06 1.3e-06 1.55e-06 9e-07 1e-06 8.5e-07 1.55e-06 1.5e-06 1.25e-06 7e-07 1.2e-06 1.35e-06 1.35e-06 1.15e-06 1.4e-06 2.35e-06 1.35e-06 1.35e-06 2.4e-06
29 1.9e-06 1.55e-06 1e-06 1.45e-06 5e-07 7.5e-07 1.25e-06 2.2e-06 6.5e-07 2.15e-06 1e-06 1.7e-06 2.2e-06 1e-06 5.5e-07 8.5e-07 1.6e-06 1.1e-06 5.5e-07 2.05e-06 1.25e-06 9e-07 1.55e-06 1.15e-06 1.1e-06 1.25e-06 4.5e-07 1.1e-06 1.3e-06 9e-07 9e-07 2.6e-06 8.5e-07 1e-06 1.65e-06 1.3e-06 1.15e-06 8e-07 1.4e-06 1.2e-06 6e-07 5e-07 1.9e-06 1.55e-06 1.05e-06 8.5e-07 8e-07 1.05e-06 2.4e-06 1.1e-06 1.45e-06 6e-07 8.5e-07 7.5e-07 9.5e-07 9e-07 5e-07 8.5e-07 1.3e-06 1e-06 9.5e-07 1e-06 1.1e-06 1.95e-06 1.6e-06 1e-06 2.1e-06
30 2.25e-06 1.3e-06 6.5e-07 1.15e-06 8e-07 8e-07 9.5e-07 2.2e-06 6e-07 2.1e-06 9.5e-07 1.6e-06 2.2e-06 9.5e-07 1.25e-06 8.5e-07 1.5e-06 1e-06 6e-07 2.1e-06 1.25e-06 1.15e-06 1.85e-06 1e-06 1e-06 1.2e-06 1.15e-06 7.5e-07 1.2e-06 9e-07 1.1e-06 2.25e-06 1.15e-06 9e-07 1.5e-06 1e-06 8.5e-07 8.5e-07 1.3e-06 1.15e-06 9.5e-07 9e-07 1.75e-06 1.15e-06 1.05e-06 9e-07 1.15e-06 7e-07 2.25e-06 8e-07 1e-06 6e-07 1.15e-06 7e-07 1.25e-06 1.2e-06 9e-07 8e-07 1.05e-06 7.5e-07 9.5e-07 8.5e-07 8.5e-07 1.95e-06 1.35e-06 1e-06 2.15e-06
31 2.25e-06 2.05e-06 2.1e-06 2.3e-06 2.5e-06 2.6e-06 2.15e-06 2.1e-06 2.1e-06 2.05e-06 2.5e-06 2.4e-06 2.25e-06 2.25e-06 2.8e-06 2.5e-06 2.3e-06 2.5e-06 2.4e-06 2.15e-06 2.45e-06 2.45e-06 2.7e-06 2.3e-06 2.15e-06 2.8e-06 2.7e-06 1.95e-06 2.7e-06 2.6e-06 2.25e-06 3.6e-06 2.7e-06 2.35e-06 2.35e-06 2.25e-06 2.05e-06 2.55e-06 2.5e-06 2.45e-06 2.55e-06 2.6e-06 2.3e-06 2.1e-06 2.45e-06 2.65e-06 2.7e-06 2.15e-06 1.85e-06 2.1e-06 1.95e-06 2.15e-06 2.7e-06 2.25e-06 2.5e-06 2.65e-06 2.55e-06 2.35e-06 2.4e-06 2.15e-06 2.4e-06 2.1e-06 2.3e-06 2.15e-06 2.35e-06 2.45e-06 2.1e-06
32 2.1e-06 1.7e-06 1.1e-06 1.45e-06 8.5e-07 1.1e-06 1.25e-06 2.4e-06 8e-07 2.3e-06 1e-06 1.85e-06 2.1e-06 1.2e-06 8e-07 7e-07 1.75e-06 1.4e-06 9e-07 2.25e-06 1.35e-06 1.1e-06 1.75e-06 9.5e-07 1.25e-06 8e-07 7e-07 1.2e-06 1e-06 8.5e-07 1.15e-06 2.7e-06 1.4e-06 1.05e-06 1.5e-06 1.15e-06 1.25e-06 1.1e-06 1.2e-06 1.35e-06 8e-07 8.5e-07 1.95e-06 1.65e-06 1.2e-06 9e-07 1.15e-06 1.3e-06 2.55e-06 1.25e-06 1.55e-06 8e-07 7e-07 8.5e-07 1.2e-06 1.15e-06 8.5e-07 7.5e-07 1.25e-06 1.3e-06 1.3e-06 1.15e-06 1.35e-06 2.25e-06 1.45e-06 1.25e-06 2.25e-06
33 2.15e-06 1.35e-06 7.5e-07 9.5e-07 9e-07 9.5e-07 7.5e-07 2.05e-06 5e-07 2e-06 6e-07 1.55e-06 2.05e-06 9.5e-07 1.25e-06 7.5e-07 1.45e-06 1.15e-06 7.5e-07 2e-06 1e-06 1.15e-06 1.85e-06 9e-07 8.5e-07 1.05e-06 1.15e-06 8.5e-07 8e-07 1e-06 9e-07 2.35e-06 1.05e-06 9e-07 1.25e-06 1e-06 9e-07 9.5e-07 1.1e-06 1.05e-06 9.5e-07 1e-06 1.65e-06 1.3e-06 1.05e-06 9.5e-07 1.25e-06 1.05e-06 2.2e-06 1e-06 1.2e-06 5.5e-07 1.05e-06 6e-07 1.2e-06 1.2e-06 9.5e-07 6.5e-07 1.1e-06 1.05e-06 1.05e-06 8e-07 1.1e-06 2e-06 1.3e-06 1.1e-06 2e-06
34 2.35e-06 1.5e-06 1.4e-06 1.45e-06 1.55e-06 1.6e-06 1.25e-06 2.2e-06 1.15e-06 2e-06 1.3e-06 1.75e-06 2.05e-06 1.4e-06 1.9e-06 1.2e-06 1.65e-06 1.55e-06 1.4e-06 2.2e-06 1.3e-06 1.6e-06 2.05e-06 1.15e-06 1.45e-06 1.3e-06 1.8e-06 1.3e-06 1.3e-06 1.65e-06 1.5e-06 2.35e-06 1.5e-06 1.25e-06 2.2e-06 1.35e-06 1.35e-06 1.6e-06 1.5e-06 1.65e-06 1.6e-06 1.65e-06 1.7e-06 1.55e-06 1.5e-06 1.5e-06 1.75e-06 1.5e-06 2.1e-06 1.45e-06 1.45e-06 1.2e-06 1.5e-06 1.25e-06 1.8e-06 1.8e-06 1.6e-06 1.2e-06 1.35e-06 1.5e-06 1.45e-06 1.25e-06 1.55e-06 2.2e-06 1.3e-06 1.5e-06 2.2e-06
35 2.4e-06 1.2e-06 9e-07 1.05e-06 1.2e-06 1.25e-06 8.5e-07 2.3e-06 8e-07 2.05e-06 1e-06 1.65e-06 2.15e-06 1e-06 1.55e-06 8.5e-07 1.55e-06 1.25e-06 1.05e-06 2.25e-06 1.4e-06 1.25e-06 1.95e-06 8e-07 1.15e-06 1e-06 1.45e-06 8e-07 1.05e-06 1.3e-06 1e-06 2.25e-06 1.15e-06 1e-06 1.35e-06 1.3e-06 8.5e-07 1.25e-06 1.2e-06 1.3e-06 1.2e-06 1.3e-06 1.55e-06 1e-06 1.05e-06 1e-06 1.4e-06 1e-06 2.2e-06 9.5e-07 9.5e-07 8.5e-07 1.15e-06 8.5e-07 1.5e-06 1.45e-06 1.25e-06 7e-07 1.05e-06 1e-06 1.15e-06 9e-07 1.05e-06 2.25e-06 1.05e-06 1.1e-06 2.25e-06
36 2.2e-06 1e-06 7e-07 9e-07 1.05e-06 1.1e-06 8e-07 2.1e-06 6e-07 1.9e-06 1.05e-06 1.4e-06 2.15e-06 8.5e-07 1.4e-06 1e-06 1.3e-06 1.1e-06 9e-07 2.05e-06 1.35e-06 1.1e-06 1.75e-06 9e-07 9e-07 1.3e-06 1.3e-06 6e-07 1.25e-06 1.15e-06 8.5e-07 2.05e-06 1.25e-06 9e-07 1.35e-06 8.5e-07 1e-06 1.05e-06 1.25e-06 1.2e-06 1.1e-06 1.15e-06 1.4e-06 6e-07 1.05e-06 1.15e-06 1.3e-06 8.5e-07 1.95e-06 8e-07 7e-07 6.5e-07 1.25e-06 7.5e-07 1.3e-06 1.3e-06 1.1e-06 8.5e-07 1e-06 8.5e-07 1e-06 7e-07 8e-07 2.05e-06 1.05e-06 1.05e-06 2e-06
37 2.15e-06 1.45e-06 8e-07 1.4e-06 7e-07 7e-07 1.2e-06 2.2e-06 6e-07 2.15e-06 1.05e-06 1.65e-06 2.25e-06 1e-06 1.05e-06 9.5e-07 1.55e-06 9.5e-07 6e-07 2.1e-06 1.3e-06 1.1e-06 1.8e-06 1.15e-06 1e-06 1.3e-06 9.5e-07 1e-06 1.3e-06 8e-07 8.5e-07 2.55e-06 1.1e-06 9.5e-07 1.6e-06 1.25e-06 1.05e-06 1.1e-06 1.35e-06 1.2e-06 9e-07 8e-07 1.85e-06 1.35e-06 1.15e-06 9.5e-07 1.15e-06 1e-06 2.35e-06 1e-06 1.25e-06 6e-07 1.1e-06 7.5e-07 1.15e-06 1.15e-06 8.5e-07 8.5e-07 1.05e-06 1.05e-06 1e-06 9e-07 1.05e-06 1.95e-06 1.5e-06 1.1e-06 1.95e-06
38 2.35e-06 1.5e-06 1.15e-06 1.4e-06 1.3e-06 1.35e-06 1.25e-06 2.05e-06 9e-07 2.3e-06 1.15e-06 1.9e-06 2.05e-06 1.3e-06 1.65e-06 9.5e-07 1.8e-06 1.5e-06 1.15e-06 2.2e-06 1.5e-06 1.5e-06 2.2e-06 1.05e-06 8.5e-07 1e-06 1.55e-06 1.2e-06 1.1e-06 1.4e-06 1.3e-06 2.5e-06 1.2e-06 1.1e-06 1.5e-06 1.2e-06 1.25e-06 1.35e-06 1.7e-06 1.1e-06 1.35e-06 1.4e-06 1.95e-06 1.6e-06 1.4e-06 1.2e-06 1.6e-06 1.4e-06 2.35e-06 1.35e-06 1.5e-06 9.5e-07 1.2e-06 1e-06 1.25e-06 1.5e-06 1.35e-06 9e-07 1.25e-06 1.4e-06 1.4e-06 1.15e-06 1.45e-06 2.2e-06 1.4e-06 1.45e-06 2.2e-06
39 2.25e-06 1.4e-06 1.1e-06 1.35e-06 1.1e-06 1.15e-06 1.2e-06 1.95e-06 8.5e-07 2.2e-06 1.05e-06 1.85e-06 2.15e-06 1.2e-06 1.5e-06 1e-06 1.75e-06 1.3e-06 9.5e-07 2.1e-06 1.4e-06 1.35e-06 2.1e-06 1.15e-06 8.5e-07 1.35e-06 1.4e-06 1.15e-06 1.3e-06 1.2e-06 1.15e-06 2.45e-06 1.35e-06 1.05e-06 1.65e-06 1.3e-06 1.2e-06 1.2e-06 1.1e-06 1.6e-06 1.2e-06 1.2e-06 1.9e-06 1.55e-06 1.1e-06 1.2e-06 1.35e-06 1.25e-06 2.3e-06 1.25e-06 1.45e-06 8.5e-07 1.35e-06 9e-07 1.1e-06 1.35e-06 1.15e-06 1e-06 1.35e-06 1.25e-06 1.2e-06 1.05e-06 1.3e-06 2.05e-06 1.5e-06 1.25e-06 2.15e-06
40 1.9e-06 1.6e-06 9.5e-07 1.35e-06 6e-07 8.5e-07 1.15e-06 2.25e-06 6.5e-07 2.2e-06 9e-07 1.7e-06 2.15e-06 1e-06 5.5e-07 7.5e-07 1.6e-06 1.25e-06 6.5e-07 2.05e-06 1.2e-06 9.5e-07 1.55e-06 1.05e-06 1.1e-06 1.15e-06 4.5e-07 1.05e-06 1.2e-06 6e-07 9.5e-07 2.55e-06 8e-07 9.5e-07 1.6e-06 1.2e-06 1.1e-06 9e-07 1.35e-06 1.2e-06 9e-07 6e-07 1.85e-06 1.5e-06 1e-06 9e-07 9.5e-07 1.1e-06 2.4e-06 1.05e-06 1.4e-06 6e-07 8e-07 7e-07 1e-06 9.5e-07 6e-07 8e-07 1.35e-06 1.1e-06 1.15e-06 1.05e-06 1.15e-06 2.05e-06 1.6e-06 1.05e-06 2.1e-06
41 1.9e-06 1.55e-06 1e-06 1.45e-06 5e-07 7.5e-07 1.25e-06 2.2e-06 6.5e-07 2.15e-06 1e-06 1.7e-06 2.2e-06 1e-06 5.5e-07 8.5e-07 1.6e-06 1.1e-06 5.5e-07 2.05e-06 1.25e-06 9e-07 1.5e-06 1.15e-06 1.1e-06 1.25e-06 4.5e-07 1.1e-06 1.3e-06 5e-07 9e-07 2.6e-06 8.5e-07 1e-06 1.65e-06 1.3e-06 1.15e-06 8e-07 1.4e-06 1.2e-06 6e-07 9e-07 1.9e-06 1.55e-06 1.05e-06 8.5e-07 8.5e-07 1.05e-06 2.4e-06 1.1e-06 1.45e-06 6e-07 8.5e-07 7.5e-07 9.5e-07 9e-07 5.5e-07 8.5e-07 1.3e-06 1.05e-06 1e-06 1e-06 1.1e-06 1.95e-06 1.6e-06 1e-06 2.1e-06
42 2.45e-06 1.5e-06 1.6e-06 1.7e-06 1.8e-06 1.9e-06 1.5e-06 2.35e-06 1.4e-06 2e-06 1.75e-06 1.2e-06 2.4e-06 1.5e-06 2.1e-06 1.7e-06 1.15e-06 1.7e-06 1.7e-06 2.35e-06 1.85e-06 1.65e-06 1.55e-06 1.45e-06 1.65e-06 2e-06 2e-06 1.35e-06 1.95e-06 1.9e-06 1.75e-06 2.3e-06 1.95e-06 1.65e-06 1.7e-06 1.55e-06 1.4e-06 1.85e-06 1.95e-06 1.9e-06 1.85e-06 1.9e-06 2e-06 1.45e-06 1.65e-06 1.9e-06 1.9e-06 1.6e-06 2.15e-06 1.55e-06 1.35e-06 1.45e-06 1.95e-06 1.5e-06 2e-06 2e-06 1.85e-06 1.6e-06 1.6e-06 1.6e-06 1.6e-06 1.3e-06 1.65e-06 2.35e-06 1.45e-06 1.65e-06 2.3e-06
43 2.5e-06 9.5e-07 1.05e-06 9.5e-07 1.45e-06 1.4e-06 9.5e-07 2.35e-06 1e-06 2e-06 1.45e-06 1.6e-06 2.45e-06 1.05e-06 1.8e-06 1.4e-06 1.5e-06 1.2e-06 1.3e-06 2.35e-06 1.75e-06 1.3e-06 1.95e-06 1.1e-06 1.25e-06 1.7e-06 1.7e-06 7.5e-07 1.65e-06 1.55e-06 1.15e-06 2.1e-06 1.65e-06 1.3e-06 1.55e-06 1e-06 6e-07 1.35e-06 1.6e-06 1.55e-06 1.5e-06 1.55e-06 1.45e-06 4e-07 1.25e-06 1.55e-06 1.55e-06 1e-06 2e-06 8.5e-07 5e-07 1.05e-06 1.65e-06 1.15e-06 1.65e-06 1.65e-06 1.5e-06 1.25e-06 1.1e-06 1e-06 1.2e-06 9e-07 8.5e-07 2.35e-06 1.05e-06 1.2e-06 2.3e-06
44 2.3e-06 1.25e-06 1.1e-06 1.25e-06 9.5e-07 1e-06 1.05e-06 2.3e-06 8e-07 2e-06 9.5e-07 1.7e-06 2.2e-06 8e-07 1.3e-06 8e-07 1.6e-06 1.1e-06 8e-07 2.15e-06 1.3e-06 1.1e-06 1.85e-06 9e-07 1.2e-06 1.2e-06 1.2e-06 1e-06 1.25e-06 1.05e-06 1.05e-06 2.45e-06 1.2e-06 1.05e-06 1.5e-06 1.05e-06 1.05e-06 1.15e-06 1.4e-06 1.1e-06 1e-06 1.05e-06 1.65e-06 1.25e-06 1.2e-06 1.05e-06 1.1e-06 1.05e-06 2.3e-06 1e-06 1.15e-06 7.5e-07 1.2e-06 8e-07 1.4e-06 1.3e-06 1e-06 8.5e-07 1.25e-06 1.05e-06 1e-06 9e-07 1.1e-06 2.15e-06 1.2e-06 7e-07 2.3e-06
45 2.25e-06 1.55e-06 1e-06 1.35e-06 8.5e-07 8.5e-07 1.15e-06 2.3e-06 7e-07 2.2e-06 9e-07 1.8e-06 2.15e-06 1.05e-06 1.1e-06 7e-07 1.7e-06 1.1e-06 6.5e-07 2.2e-06 1.25e-06 1.15e-06 1.9e-06 9.5e-07 1.15e-06 9e-07 1e-06 1.1e-06 1e-06 8.5e-07 9e-07 2.65e-06 9e-07 9.5e-07 1.5e-06 1e-06 1.15e-06 9.5e-07 1.2e-06 1.2e-06 9e-07 8.5e-07 1.9e-06 1.55e-06 1.05e-06 1.2e-06 1.1e-06 1.05e-06 2.5e-06 1.15e-06 1.45e-06 7e-07 9e-07 7.5e-07 1.25e-06 1.15e-06 8.5e-07 6e-07 1.1e-06 1.1e-06 1.05e-06 1e-06 1.1e-06 2.05e-06 1.4e-06 1.05e-06 2.3e-06
46 2.2e-06 1.35e-06 1.3e-06 1.55e-06 8.5e-07 1.05e-06 1.35e-06 2.35e-06 9.5e-07 2.05e-06 1.2e-06 1.85e-06 2.4e-06 1.1e-06 9.5e-07 1.05e-06 1.75e-06 1.05e-06 8.5e-07 2.3e-06 1.5e-06 9e-07 1.75e-06 1.2e-06 1.35e-06 1.45e-06 8.5e-07 1.25e-06 1.5e-06 8e-07 1.15e-06 2.7e-06 1.15e-06 1.25e-06 1.75e-06 1.4e-06 1.3e-06 1.15e-06 1.6e-06 1.35e-06 9.5e-07 8.5e-07 1.9e-06 1.55e-06 1.1e-06 1.1e-06 1.3e-06 1.2e-06 2.5e-06 1.25e-06 1.45e-06 9e-07 1.15e-06 1e-06 1.2e-06 1.1e-06 7.5e-07 1.1e-06 1.4e-06 1.15e-06 9e-07 9.5e-07 1.25e-06 2.2e-06 1.35e-06 8.5e-07 2.4e-06
47 2.3e-06 1.15e-06 8e-07 1.15e-06 9.5e-07 9.5e-07 9.5e-07 2.2e-06 7.5e-07 2e-06 1.1e-06 1.6e-06 2.25e-06 9.5e-07 1.4e-06 1e-06 1.5e-06 1e-06 7.5e-07 2.15e-06 1.4e-06 1.15e-06 1.85e-06 1e-06 1.1e-06 1.35e-06 1.3e-06 7.5e-07 1.35e-06 1.05e-06 7e-07 2.15e-06 1.3e-06 1.05e-06 1.5e-06 1e-06 8.5e-07 1e-06 1.4e-06 1.25e-06 1.1e-06 1.05e-06 1.6e-06 1e-06 1.05e-06 1.05e-06 1.2e-06 1.4e-06 2.15e-06 8e-07 8.5e-07 7.5e-07 1.3e-06 8.5e-07 1.35e-06 1.3e-06 1.05e-06 9.5e-07 1.05e-06 7.5e-07 9.5e-07 8.5e-07 8.5e-07 2e-06 1.2e-06 1e-06 2.2e-06
48 1.95e-06 1.7e-06 2.1e-06 2.25e-06 2.3e-06 2.4e-06 2.1e-06 1.8e-06 1.9e-06 1.75e-06 2.4e-06 2.2e-06 2e-06 2.05e-06 2.6e-06 2.4e-06 2.1e-06 2.3e-06 2.2e-06 1.85e-06 2.2e-06 2.25e-06 2.5e-06 2.2e-06 1.95e-06 2.7e-06 2.5e-06 1.9e-06 2.6e-06 2.4e-06 2.25e-06 1.85e-06 2.55e-06 2.2e-06 2.1e-06 2.2e-06 1.95e-06 2.35e-06 2.35e-06 2.3e-06 2.4e-06 2.4e-06 2.15e-06 2e-06 2.3e-06 2.5e-06 2.5e-06 2.15e-06 2.8e-06 2.1e-06 1.95e-06 1.95e-06 2.55e-06 2.1e-06 2.3e-06 2.45e-06 2.35e-06 2.2e-06 2.25e-06 2.15e-06 2.2e-06 1.9e-06 2.2e-06 1.85e-06 2.2e-06 2.25e-06 1.8e-06
49 2.25e-06 1.15e-06 7.5e-07 1.1e-06 1e-06 9.5e-07 9e-07 2.2e-06 7e-07 2e-06 1.05e-06 1.55e-06 2.2e-06 9e-07 1.35e-06 9.5e-07 1.45e-06 1.05e-06 8.5e-07 2.1e-06 1.35e-06 1.15e-06 1.8e-06 9.5e-07 1.05e-06 1.3e-06 1.25e-06 7e-07 1.3e-06 1.1e-06 8e-07 2.1e-06 1.25e-06 1e-06 1.45e-06 9.5e-07 8e-07 1e-06 1.35e-06 1.25e-06 1.05e-06 1.1e-06 1.55e-06 8.5e-07 1e-06 1.15e-06 1.25e-06 8e-07 2.1e-06 1.3e-06 7e-07 7e-07 1.25e-06 8e-07 1.35e-06 1.3e-06 1.05e-06 9e-07 1.05e-06 8e-07 1.05e-06 8.5e-07 9.5e-07 2.1e-06 1.2e-06 1e-06 2.15e-06
50 2.4e-06 9e-07 9e-07 1.05e-06 1.35e-06 1.3e-06 9e-07 2.25e-06 9e-07 1.9e-06 1.35e-06 1.5e-06 2.35e-06 9.5e-07 1.7e-06 1.3e-06 1.4e-06 1.1e-06 1.2e-06 2.25e-06 1.65e-06 1.2e-06 1.85e-06 1e-06 1.15e-06 1.6e-06 1.6e-06 6.5e-07 1.55e-06 1.45e-06 1e-06 1.95e-06 1.55e-06 1.2e-06 1.45e-06 9.5e-07 7e-07 1.25e-06 1.5e-06 1.45e-06 1.4e-06 1.45e-06 1.35e-06 5e-07 1.15e-06 1.45e-06 1.45e-06 8.5e-07 1.95e-06 7e-07 8e-07 9.5e-07 1.55e-06 1.05e-06 1.55e-06 1.55e-06 1.4e-06 1.15e-06 1e-06 8.5e-07 1.1e-06 8e-07 9.5e-07 2.25e-06 9.5e-07 1.1e-06 2.2e-06
51 1.85e-06 1.1e-06 5e-07 1e-06 5e-07 5.5e-07 8e-07 1.85e-06 2e-07 1.8e-06 6.5e-07 1.25e-06 1.85e-06 6e-07 8.5e-07 5.5e-07 1.15e-06 8.5e-07 3e-07 1.7e-06 9e-07 8.5e-07 1.5e-06 7.5e-07 6e-07 9e-07 7.5e-07 6e-07 9e-07 6e-07 6e-07 2.15e-06 8e-07 5.5e-07 1.2e-06 8.5e-07 6.5e-07 6e-07 9.5e-07 8.5e-07 6e-07 6e-07 1.45e-06 1.05e-06 7.5e-07 7e-07 9e-07 7.5e-07 1.95e-06 7e-07 9.5e-07 3e-07 8e-07 3.5e-07 9e-07 8.5e-07 5.5e-07 4.5e-07 9e-07 7.5e-07 7.5e-07 5.5e-07 8e-07 1.7e-06 1.15e-06 7.5e-07 1.75e-06
52 2.1e-06 1.7e-06 1.1e-06 1.45e-06 8.5e-07 1.1e-06 1.25e-06 2.4e-06 8e-07 2.3e-06 1e-06 1.85e-06 2.1e-06 1.2e-06 8e-07 7e-07 1.75e-06 1.4e-06 9e-07 2.25e-06 1.35e-06 1.1e-06 1.75e-06 9.5e-07 1.25e-06 8e-07 7e-07 1.2e-06 1e-06 8.5e-07 1.15e-06 2.7e-06 7e-07 1.05e-06 1.5e-06 1.15e-06 1.25e-06 1.1e-06 1.2e-06 1.35e-06 8e-07 8.5e-07 1.95e-06 1.65e-06 1.2e-06 9e-07 1.15e-06 1.3e-06 2.55e-06 1.25e-06 1.55e-06 8e-07 1.4e-06 8.5e-07 1.2e-06 1.15e-06 8.5e-07 7.5e-07 1.25e-06 1.3e-06 1.3e-06 1.15e-06 1.35e-06 2.25e-06 1.45e-06 1.25e-06 2.25e-06
53 2e-06 1.2e-06 6e-07 1e-06 6.5e-07 7e-07 8e-07 2e-06 3.5e-07 1.9e-06 6e-07 1.4e-06 1.9e-06 7.5e-07 1e-06 5e-07 1.3e-06 9.5e-07 5e-07 1.85e-06 9e-07 9.5e-07 1.65e-06 7e-07 7.5e-07 8.5e-07 9e-07 7e-07 8.5e-07 7.5e-07 7e-07 2.25e-06 8.5e-07 6e-07 1.25e-06 8.5e-07 7.5e-07 7.5e-07 1e-06 9e-07 7e-07 7.5e-07 1.5e-06 1.15e-06 8e-07 7.5e-07 1e-06 8.5e-07 2.1e-06 8e-07 1.05e-06 3.5e-07 8.5e-07 6e-07 1.05e-06 1e-06 7e-07 5e-07 9.5e-07 8.5e-07 8.5e-07 6.5e-07 9e-07 1.85e-06 1.15e-06 8.5e-07 1.9e-06
54 1.95e-06 1.5e-06 1.2e-06 1.55e-06 9.5e-07 1.2e-06 1.4e-06 1.95e-06 9e-07 2.25e-06 1.3e-06 1.85e-06 2.25e-06 1.25e-06 9.5e-07 1.25e-06 1.75e-06 1.4e-06 1e-06 2.1e-06 1.55e-06 1.15e-06 1.8e-06 1.4e-06 9e-07 1.6e-06 8.5e-07 1.25e-06 1.55e-06 9.5e-07 1.25e-06 2.5e-06 1.2e-06 1.2e-06 1.8e-06 1.5e-06 1.3e-06 1.15e-06 1.25e-06 1.1e-06 1e-06 9.5e-07 2e-06 1.65e-06 1.4e-06 1.25e-06 1.2e-06 1.35e-06 2.3e-06 1.35e-06 1.55e-06 9e-07 1.2e-06 1.05e-06 1.7e-06 1.15e-06 9.5e-07 1.15e-06 1.5e-06 1.35e-06 1.3e-06 1.15e-06 1.4e-06 2.05e-06 1.7e-06 1.35e-06 2.05e-06
55 2.1e-06 1.6e-06 1.2e-06 1.6e-06 9e-07 1.1e-06 1.4e-06 2.25e-06 8.5e-07 2.25e-06 1.25e-06 1.85e-06 2.35e-06 1.15e-06 9.5e-07 1.15e-06 1.75e-06 1.35e-06 9e-07 2.2e-06 1.5e-06 1.15e-06 1.8e-06 1.35e-06 1.2e-06 1.5e-06 8.5e-07 1.25e-06 1.5e-06 9e-07 1.2e-06 2.65e-06 1.15e-06 1.2e-06 1.8e-06 1.45e-06 1.3e-06 1.15e-06 1.5e-06 1.35e-06 9.5e-07 9e-07 2e-06 1.65e-06 1.3e-06 1.15e-06 1.1e-06 1.3e-06 2.45e-06 1.3e-06 1.55e-06 8.5e-07 1.15e-06 1e-06 1.15e-06 1.5e-06 8.5e-07 1.05e-06 1.5e-06 1.3e-06 1.25e-06 1.15e-06 1.35e-06 2.15e-06 1.7e-06 1.25e-06 2.25e-06
56 1.9e-06 1.5e-06 9.5e-07 1.4e-06 5.5e-07 7.5e-07 1.2e-06 2.15e-06 6e-07 2.1e-06 9.5e-07 1.65e-06 2.15e-06 9.5e-07 6e-07 8e-07 1.55e-06 1.1e-06 5.5e-07 2e-06 1.2e-06 9e-07 1.55e-06 1.1e-06 1.05e-06 1.2e-06 5e-07 1.05e-06 1.25e-06 5e-07 9e-07 2.55e-06 8.5e-07 9.5e-07 1.6e-06 1.25e-06 1.1e-06 8.5e-07 1.35e-06 1.15e-06 6e-07 5.5e-07 1.85e-06 1.5e-06 1e-06 8.5e-07 7.5e-07 1.05e-06 2.35e-06 1.05e-06 1.4e-06 5.5e-07 8.5e-07 7e-07 9.5e-07 8.5e-07 8e-07 8e-07 1.3e-06 1e-06 9.5e-07 9.5e-07 1.1e-06 1.95e-06 1.55e-06 9.5e-07 2.1e-06
57 2.1e-06 1.3e-06 7e-07 1.05e-06 7.5e-07 8e-07 8.5e-07 2.05e-06 4e-07 1.95e-06 6.5e-07 1.5e-06 1.9e-06 8e-07 1.1e-06 5e-07 1.4e-06 1.05e-06 6e-07 1.95e-06 1e-06 1.05e-06 1.75e-06 7e-07 8.5e-07 6.5e-07 1e-06 8e-07 7e-07 8.5e-07 8e-07 2.35e-06 7.5e-07 6.5e-07 1.2e-06 7e-07 8.5e-07 8.5e-07 9e-07 1e-06 8e-07 8.5e-07 1.6e-06 1.25e-06 8.5e-07 6e-07 1.1e-06 9.5e-07 2.2e-06 9e-07 1.15e-06 4.5e-07 7.5e-07 5e-07 1.15e-06 1.05e-06 8e-07 6e-07 9.5e-07 9.5e-07 9.5e-07 7.5e-07 1e-06 1.95e-06 1.15e-06 9e-07 2e-06
58 2.45e-06 1.2e-06 1.05e-06 1.3e-06 1.2e-06 1.1e-06 1.1e-06 2.3e-06 8.5e-07 2.05e-06 1.2e-06 1.65e-06 2.15e-06 1.1e-06 1.65e-06 9.5e-07 1.55e-06 1e-06 1e-06 2.3e-06 1.55e-06 1.25e-06 2e-06 8.5e-07 1.15e-06 1.05e-06 1.55e-06 9.5e-07 1.2e-06 1.3e-06 1.05e-06 2.4e-06 1.25e-06 1.1e-06 1.35e-06 1.05e-06 1e-06 1.05e-06 1.25e-06 1.35e-06 1.35e-06 1.3e-06 1.6e-06 1.1e-06 1.25e-06 1.1e-06 1.4e-06 1.05e-06 2.25e-06 1.05e-06 1e-06 9e-07 1.25e-06 9.5e-07 1.5e-06 1.5e-06 1.3e-06 9.5e-07 1.5e-06 1.1e-06 1.05e-06 8.5e-07 1.1e-06 2.15e-06 9.5e-07 1.2e-06 2.25e-06
59 2.3e-06 1.15e-06 8e-07 1.15e-06 9.5e-07 1e-06 9.5e-07 2.2e-06 7.5e-07 2e-06 1.1e-06 1.6e-06 2.25e-06 9.5e-07 1.4e-06 1e-06 1.5e-06 1.05e-06 8e-07 2.15e-06 1.4e-06 1.15e-06 1.85e-06 1e-06 1.1e-06 1.35e-06 1.3e-06 7.5e-07 1.35e-06 1e-06 7.5e-07 2.15e-06 1.3e-06 1.05e-06 1.5e-06 1e-06 8.5e-07 1.05e-06 1.4e-06 1.25e-06 1.1e-06 1.05e-06 1.6e-06 1e-06 1.05e-06 1.1e-06 1.15e-06 7.5e-07 2.15e-06 8e-07 8.5e-07 7.5e-07 1.3e-06 8.5e-07 1.35e-06 1.3e-06 1e-06 9.5e-07 1.1e-06 1.4e-06 9e-07 8.5e-07 9e-07 2.05e-06 1.2e-06 1e-06 2.2e-06
60 2.3e-06 1e-06 1.05e-06 1.3e-06 9e-07 9.5e-07 1.1e-06 2.15e-06 7.5e-07 1.8e-06 1.1e-06 1.6e-06 2.25e-06 9e-07 1.4e-06 1e-06 1.5e-06 7.5e-07 7.5e-07 2.15e-06 1.4e-06 9.5e-07 1.85e-06 1e-06 1.1e-06 1.35e-06 1.3e-06 9.5e-07 1.35e-06 9.5e-07 9.5e-07 2.4e-06 1.3e-06 1.05e-06 1.45e-06 1.15e-06 1e-06 1e-06 1.4e-06 1.2e-06 1.15e-06 1e-06 1.6e-06 1.2e-06 1e-06 1.05e-06 9e-07 9.5e-07 2.2e-06 1.05e-06 1.1e-06 7.5e-07 1.3e-06 8.5e-07 1.3e-06 1.25e-06 9.5e-07 9.5e-07 1.05e-06 9e-07 1.2e-06 6.5e-07 1e-06 2e-06 9.5e-07 7.5e-07 2.2e-06
61 2.1e-06 7.5e-07 7.5e-07 1.05e-06 9e-07 9.5e-07 8.5e-07 1.95e-06 5e-07 1.6e-06 9.5e-07 1.3e-06 2.05e-06 7e-07 1.3e-06 9e-07 1.2e-06 7.5e-07 7.5e-07 1.95e-06 1.25e-06 8e-07 1.65e-06 8e-07 8e-07 1.2e-06 1.2e-06 6.5e-07 1.15e-06 1e-06 8.5e-07 2.1e-06 1.15e-06 8e-07 1.25e-06 9e-07 7e-07 9e-07 1.15e-06 1.05e-06 1.05e-06 1e-06 1.3e-06 9e-07 9e-07 1e-06 9.5e-07 8.5e-07 1.9e-06 8.5e-07 8e-07 5.5e-07 1.15e-06 6.5e-07 1.15e-06 1.15e-06 9.5e-07 7.5e-07 8.5e-07 8.5e-07 6.5e-07 8e-07 9e-07 1.9e-06 7.5e-07 7e-07 1.9e-06
62 2.35e-06 1.2e-06 9.5e-07 1.1e-06 1e-06 1e-06 1e-06 2.25e-06 8e-07 2.05e-06 1.15e-06 1.65e-06 2.3e-06 1e-06 1.45e-06 1.05e-06 1.55e-06 1.05e-06 8e-07 2.2e-06 1.45e-06 1.2e-06 1.9e-06 1.05e-06 1.15e-06 1.4e-06 1.35e-06 8.5e-07 1.4e-06 1.1e-06 8.5e-07 2.3e-06 1.35e-06 1.1e-06 1.55e-06 1.05e-06 8e-07 1.05e-06 1.45e-06 1.3e-06 1.15e-06 1.1e-06 1.65e-06 8.5e-07 1.1e-06 1.1e-06 1.25e-06 8.5e-07 2.2e-06 9.5e-07 9.5e-07 8e-07 1.35e-06 9e-07 1.4e-06 1.35e-06 1.1e-06 1e-06 1.1e-06 9e-07 1e-06 9e-07 1.5e-06 2.05e-06 1.25e-06 1.05e-06 2.25e-06
63 1.9e-06 2.1e-06 2e-06 2.3e-06 1.85e-06 1.9e-06 2.15e-06 1.8e-06 1.7e-06 1.9e-06 2.1e-06 2.25e-06 1.95e-06 2e-06 2.25e-06 2.05e-06 2.15e-06 2.05e-06 1.7e-06 1.8e-06 2e-06 2.15e-06 2.45e-06 2.15e-06 1.85e-06 2.4e-06 2.15e-06 2e-06 2.35e-06 1.95e-06 1.95e-06 2.15e-06 2.25e-06 2e-06 2.2e-06 2.25e-06 2.05e-06 1.95e-06 2.2e-06 2.05e-06 2.05e-06 1.95e-06 2.35e-06 2.35e-06 2.15e-06 2.05e-06 2.2e-06 2e-06 1.85e-06 2.1e-06 2.25e-06 1.7e-06 2.25e-06 1.85e-06 2.05e-06 2.15e-06 1.95e-06 1.95e-06 2.15e-06 2.05e-06 2e-06 1.9e-06 2.05e-06 3.3e-06 2.4e-06 2.1e-06 1.85e-06
64 2.6e-06 9e-07 1.3e-06 1.3e-06 1.5e-06 1.55e-06 1.1e-06 2.4e-06 1.1e-06 1.85e-06 1.35e-06 1.7e-06 2.25e-06 1.1e-06 1.9e-06 1.1e-06 1.6e-06 1.05e-06 1.35e-06 2.45e-06 1.75e-06 1.15e-06 2.05e-06 8e-07 1.35e-06 1.2e-06 1.8e-06 1e-06 1.35e-06 1.6e-06 1.35e-06 2.35e-06 1.45e-06 1.3e-06 1.3e-06 1.05e-06 1.05e-06 1.5e-06 1.4e-06 1.5e-06 1.6e-06 1.6e-06 1.45e-06 1.05e-06 1.2e-06 1.4e-06 1.35e-06 1.2e-06 2.2e-06 1.2e-06 9.5e-07 1.15e-06 1.45e-06 1.15e-06 1.7e-06 1.7e-06 1.55e-06 1.15e-06 9.5e-07 1.2e-06 9.5e-07 7.5e-07 1.25e-06 2.4e-06 1e-06 1e-06 2.4e-06
65 2.3e-06 1e-06 1.15e-06 1.3e-06 9e-07 9.5e-07 1.1e-06 2.25e-06 8e-07 1.8e-06 1.05e-06 1.65e-06 2.25e-06 7e-07 1.3e-06 9e-07 1.55e-06 8.5e-07 7.5e-07 2.15e-06 1.35e-06 9e-07 1.8e-06 9.5e-07 1.2e-06 1.3e-06 1.2e-06 1e-06 1.35e-06 1e-06 1e-06 2.45e-06 1.25e-06 1.1e-06 1.5e-06 1.1e-06 1.05e-06 1.1e-06 1.45e-06 1.25e-06 1.05e-06 1e-06 1.65e-06 1.2e-06 7e-07 1.05e-06 8.5e-07 1e-06 2.25e-06 1e-06 1.1e-06 7.5e-07 1.25e-06 8.5e-07 1.35e-06 1.25e-06 9.5e-07 9e-07 1.2e-06 1e-06 7.5e-07 7e-07 1.05e-06 2.1e-06 1e-06 8e-07 2.3e-06
66 1.85e-06 2.1e-06 1.85e-06 2.3e-06 2e-06 2.2e-06 2.15e-06 1.85e-06 1.7e-06 1.95e-06 2.2e-06 2.2e-06 2e-06 2.05e-06 2.2e-06 2.2e-06 2.1e-06 2.3e-06 2e-06 1.85e-06 2.1e-06 2.15e-06 2.4e-06 2.2e-06 1.8e-06 2.5e-06 2.1e-06 1.95e-06 2.4e-06 2.1e-06 2.15e-06 2.1e-06 2.25e-06 2e-06 2.2e-06 2.25e-06 2e-06 1.95e-06 2.2e-06 2.15e-06 2.1e-06 2.1e-06 2.3e-06 2.3e-06 2.3e-06 2.3e-06 2.4e-06 2.2e-06 1.8e-06 2.15e-06 2.2e-06 1.75e-06 2.25e-06 1.9e-06 2.05e-06 2.25e-06 2.1e-06 2e-06 2.25e-06 2.2e-06 2.2e-06 1.9e-06 2.25e-06 1.85e-06 2.4e-06 2.3e-06 3.2e-06
