 slim_762264783 slim_762264802 slim_762264805 slim_762264766 slim_762264765 slim_762264778 slim_762264813 slim_762264809 slim_762264772 slim_762264785 slim_762264784 slim_762264768 slim_762264797 slim_762264806 slim_762264786 slim_762264795 slim_762264780 slim_762264818 slim_762264773 slim_762264803 slim_762264814 slim_762264791 slim_762264794 slim_762264815 slim_762264807 slim_762264787 slim_762264799 slim_762264774 slim_762264771 slim_762264817 slim_762264769 slim_762264789 slim_762264781 slim_762264798 slim_762264777 slim_762264796 slim_762264816 slim_762264767 slim_762264792 slim_762264764 slim_762264793 slim_762264782 slim_762264800 slim_762264776 slim_762264810 slim_762264804 slim_762264801 slim_762264770 slim_762264779 slim_762264775 slim_762264812 slim_762264811 slim_762264788 slim_762264790 slim_762264808
0 1.3e-06 1.5e-06 2.15e-06 1.7e-06 2.15e-06 1.75e-06 2e-06 1.9e-06 3e-06 1.1e-06 1.3e-06 2.15e-06 2.7e-06 1.55e-06 1.45e-06 1e-06 1.25e-06 1.5e-06 2.7e-06 2.15e-06 1.4e-06 1.75e-06 2.45e-06 1.45e-06 4.3e-06 7.5e-07 1.3e-06 1.25e-06 2.8e-06 1.65e-06 2.55e-06 1.85e-06 2.25e-06 3e-06 2.35e-06 1.25e-06 1.9e-06 1.7e-06 2.9e-06 2.35e-06 2.2e-06 1.85e-06 2.75e-06 3.35e-06 1.9e-06 1.8e-06 2.2e-06 1.5e-06 2.95e-06 2e-06 1.75e-06 2.2e-06 1.2e-06 1.95e-06 2.05e-06
1 1.5e-06 5e-07 1.65e-06 5e-07 1.8e-06 1.65e-06 7.5e-07 1.75e-06 2.65e-06 1.75e-06 1.25e-06 2.1e-06 2.75e-06 1.25e-06 1.1e-06 1.15e-06 8.5e-07 1.1e-06 1.9e-06 2e-06 1.8e-06 1e-06 2.2e-06 1.05e-06 3.45e-06 1.4e-06 2.4e-06 1.05e-06 1.8e-06 1.75e-06 2.2e-06 2.25e-06 1.8e-06 2.05e-06 2e-06 1.2e-06 2.75e-06 3e-07 3.05e-06 1.3e-06 1.9e-06 7.5e-07 2e-06 2.2e-06 1.05e-06 9e-07 9.5e-07 3e-07 3.4e-06 1.35e-06 1.3e-06 2.1e-06 5e-07 1.25e-06 1.85e-06
2 2.15e-06 1.65e-06 1e-06 1.75e-06 2.2e-06 2.75e-06 1.4e-06 2.15e-06 2.6e-06 1.45e-06 1.8e-06 1.75e-06 1.9e-06 1.45e-06 1.65e-06 1.8e-06 2.05e-06 1.5e-06 2.45e-06 2.5e-06 1.25e-06 1.45e-06 2.55e-06 1.45e-06 3.5e-06 2.05e-06 2.15e-06 1.55e-06 2.25e-06 1.1e-06 3.15e-06 1.9e-06 1.9e-06 2.25e-06 2.4e-06 1.75e-06 2.5e-06 1.55e-06 2.85e-06 1.8e-06 1.8e-06 1.9e-06 2.3e-06 3e-06 1.65e-06 1.1e-06 1.8e-06 1.65e-06 3e-06 1.85e-06 9.5e-07 1.55e-06 1.85e-06 1.45e-06 2.4e-06
3 1.7e-06 5e-07 1.75e-06 5e-07 1.85e-06 1.9e-06 8e-07 1.95e-06 2.75e-06 1.9e-06 1.35e-06 2.1e-06 2.85e-06 1.4e-06 1.15e-06 1.5e-06 9.5e-07 1.1e-06 2.15e-06 2.25e-06 1.95e-06 9.5e-07 2.25e-06 1.05e-06 3.55e-06 1.75e-06 2.75e-06 1.25e-06 1.85e-06 1.8e-06 2.3e-06 2.4e-06 1.8e-06 2.1e-06 2.05e-06 1.35e-06 2.95e-06 3e-07 3.25e-06 1.3e-06 1.95e-06 6.5e-07 2.2e-06 2.25e-06 1.25e-06 9.5e-07 1e-06 5e-07 3.45e-06 1.6e-06 1.3e-06 2.15e-06 7e-07 1.2e-06 2.05e-06
4 2.15e-06 1.8e-06 2.2e-06 1.85e-06 3.2e-06 1.95e-06 2e-06 2.05e-06 2.65e-06 2e-06 2e-06 2.15e-06 2.35e-06 1.95e-06 1.7e-06 2.05e-06 2.05e-06 1.8e-06 2.55e-06 2.1e-06 2.1e-06 1.85e-06 2.15e-06 1.75e-06 3.35e-06 2.05e-06 2.1e-06 1.9e-06 2.3e-06 2e-06 2.9e-06 2.05e-06 2.4e-06 2.5e-06 1.95e-06 1.95e-06 2.2e-06 1.65e-06 2.35e-06 2e-06 1.7e-06 2.1e-06 2.25e-06 2.95e-06 2.1e-06 1.8e-06 2.1e-06 1.8e-06 2.3e-06 1.75e-06 1.85e-06 1.75e-06 1.75e-06 2.05e-06 2.1e-06
5 1.75e-06 1.65e-06 2.75e-06 1.9e-06 1.95e-06 2.1e-06 2e-06 1.9e-06 2.65e-06 2.45e-06 2.05e-06 2.75e-06 2.75e-06 1.95e-06 1.7e-06 1.9e-06 1.6e-06 2.1e-06 2.6e-06 2.1e-06 2.5e-06 2.35e-06 2.3e-06 2.05e-06 3.6e-06 1.65e-06 2e-06 2e-06 2.55e-06 2.6e-06 2.5e-06 2.4e-06 2.45e-06 2.8e-06 2.15e-06 2e-06 2.3e-06 1.7e-06 2.75e-06 2.35e-06 2.3e-06 2.05e-06 2.35e-06 2.95e-06 2.25e-06 2.15e-06 2.15e-06 1.65e-06 2.7e-06 2.1e-06 2.5e-06 2.5e-06 1.35e-06 2.6e-06 2.15e-06
6 2e-06 7.5e-07 1.4e-06 8e-07 2e-06 2e-06 1.1e-06 2.05e-06 2.35e-06 2e-06 1.6e-06 1.95e-06 2.6e-06 1.35e-06 1.35e-06 1.65e-06 1.25e-06 1.3e-06 2e-06 2.35e-06 1.95e-06 1.2e-06 2.4e-06 1.25e-06 3.05e-06 1.9e-06 2.75e-06 1.4e-06 1.75e-06 1.7e-06 2.3e-06 2.45e-06 1.55e-06 1.7e-06 2.2e-06 1.55e-06 2.75e-06 6e-07 3.05e-06 1.25e-06 2.1e-06 1.05e-06 2e-06 2.15e-06 1.15e-06 9.5e-07 9e-07 7.5e-07 3.25e-06 1.7e-06 1.4e-06 2.15e-06 9.5e-07 1.15e-06 2.2e-06
7 1.9e-06 1.75e-06 2.15e-06 1.95e-06 2.05e-06 1.9e-06 2.05e-06 3.3e-06 2.75e-06 2e-06 2e-06 2.35e-06 2.55e-06 1.9e-06 1.95e-06 1.85e-06 1.75e-06 1.95e-06 2.35e-06 2.2e-06 2.05e-06 2.05e-06 2.2e-06 1.9e-06 3.3e-06 1.85e-06 1.8e-06 1.85e-06 2.3e-06 2.05e-06 2.75e-06 1.95e-06 2.55e-06 2.5e-06 2.25e-06 1.95e-06 2.4e-06 1.8e-06 2.45e-06 2.2e-06 2e-06 1.75e-06 2.15e-06 2.8e-06 2.1e-06 1.85e-06 2.2e-06 1.75e-06 2.7e-06 1.8e-06 1.95e-06 1.95e-06 1.7e-06 2.25e-06 2.1e-06
8 3e-06 2.65e-06 2.6e-06 2.75e-06 2.65e-06 2.65e-06 2.35e-06 2.75e-06 3.8e-06 2.9e-06 2.9e-06 2.55e-06 2.75e-06 2.8e-06 2.5e-06 2.9e-06 2.7e-06 2.7e-06 2.4e-06 2.95e-06 3.05e-06 2.8e-06 2.9e-06 2.65e-06 2.8e-06 2.9e-06 2.95e-06 2.75e-06 2.2e-06 2.9e-06 3.2e-06 2.95e-06 2.2e-06 2.05e-06 2.85e-06 2.85e-06 2.6e-06 2.55e-06 2.8e-06 2.4e-06 2.7e-06 2.7e-06 2.5e-06 3.15e-06 2.45e-06 2.7e-06 2.45e-06 2.65e-06 2.75e-06 2.7e-06 2.75e-06 2.8e-06 2.6e-06 2.55e-06 3e-06
9 1.1e-06 1.75e-06 1.45e-06 1.9e-06 2e-06 2.45e-06 2e-06 2e-06 2.9e-06 9e-07 1.25e-06 1.5e-06 2.2e-06 1.5e-06 1.4e-06 1.1e-06 1.8e-06 1.2e-06 2.6e-06 2.15e-06 9e-07 1.3e-06 2.35e-06 1.15e-06 3.95e-06 1.1e-06 1.2e-06 1.1e-06 2.55e-06 9e-07 3.05e-06 1.35e-06 2.3e-06 2.7e-06 2.2e-06 1.2e-06 1.75e-06 1.8e-06 2.55e-06 2.1e-06 1.7e-06 2.15e-06 2.55e-06 3.4e-06 1.8e-06 1.45e-06 2.2e-06 1.75e-06 2.6e-06 1.75e-06 1e-06 1.5e-06 1.7e-06 1.45e-06 2.05e-06
10 1.3e-06 1.25e-06 1.8e-06 1.35e-06 2e-06 2.05e-06 1.6e-06 2e-06 2.9e-06 1.25e-06 2.4e-06 1.95e-06 2.6e-06 1.5e-06 1.4e-06 1.25e-06 1.45e-06 1.3e-06 2.5e-06 2.2e-06 1.45e-06 1.35e-06 2.4e-06 1.25e-06 3.95e-06 1.25e-06 1.8e-06 1.25e-06 2.4e-06 1.5e-06 2.75e-06 1.9e-06 2.15e-06 2.6e-06 2.2e-06 1.3e-06 2.25e-06 1.25e-06 2.9e-06 1.9e-06 1.95e-06 1.7e-06 2.5e-06 3.05e-06 1.65e-06 1.4e-06 1.8e-06 1.25e-06 3.05e-06 1.8e-06 1.4e-06 1.95e-06 1.2e-06 1.55e-06 2.05e-06
11 2.15e-06 2.1e-06 1.75e-06 2.1e-06 2.15e-06 2.75e-06 1.95e-06 2.35e-06 2.55e-06 1.5e-06 1.95e-06 2.4e-06 2.3e-06 2.05e-06 1.9e-06 2e-06 2.35e-06 1.6e-06 2.45e-06 2.5e-06 1.75e-06 1.6e-06 2.55e-06 1.55e-06 3.1e-06 2.1e-06 2.05e-06 1.7e-06 2.2e-06 1.5e-06 3e-06 1.8e-06 2.2e-06 2.1e-06 2.35e-06 1.9e-06 2.05e-06 1.95e-06 2.2e-06 1.6e-06 1.8e-06 2.4e-06 1.95e-06 3.1e-06 1.8e-06 1.8e-06 2.15e-06 2.1e-06 2.3e-06 2e-06 1.5e-06 1.7e-06 2.15e-06 1.5e-06 2.35e-06
12 2.7e-06 2.75e-06 1.9e-06 2.85e-06 2.35e-06 2.75e-06 2.6e-06 2.55e-06 2.75e-06 2.2e-06 2.6e-06 2.3e-06 3.6e-06 2.4e-06 2.3e-06 2.6e-06 2.9e-06 2.4e-06 3e-06 2.3e-06 2.25e-06 2.5e-06 2.35e-06 2.35e-06 3.55e-06 2.6e-06 2.25e-06 2.45e-06 2.8e-06 2.1e-06 3.55e-06 2.25e-06 2.6e-06 2.8e-06 2.2e-06 2.55e-06 2.35e-06 2.65e-06 2.6e-06 2.55e-06 2e-06 3e-06 2.6e-06 3.6e-06 2.6e-06 2.3e-06 2.8e-06 2.75e-06 2.15e-06 2.4e-06 2.1e-06 2.05e-06 2.7e-06 2.5e-06 2.45e-06
13 1.55e-06 1.25e-06 1.45e-06 1.4e-06 1.95e-06 1.95e-06 1.35e-06 1.9e-06 2.8e-06 1.5e-06 1.5e-06 2.05e-06 2.4e-06 2.1e-06 1.35e-06 1.45e-06 1.45e-06 1.35e-06 2.5e-06 2.2e-06 1.5e-06 1.45e-06 2.3e-06 1.3e-06 3.85e-06 1.45e-06 1.95e-06 1.35e-06 2.35e-06 1.3e-06 2.75e-06 2e-06 2.05e-06 2.55e-06 2.15e-06 1.45e-06 2.4e-06 1.2e-06 3e-06 1.9e-06 1.9e-06 1.55e-06 2.5e-06 2.9e-06 1.7e-06 1.1e-06 1.65e-06 1.25e-06 3.05e-06 1.8e-06 1.35e-06 1.85e-06 1.2e-06 1.65e-06 2.1e-06
14 1.45e-06 1.1e-06 1.65e-06 1.15e-06 1.7e-06 1.7e-06 1.35e-06 1.95e-06 2.5e-06 1.4e-06 1.4e-06 1.9e-06 2.3e-06 1.35e-06 1.7e-06 1.4e-06 1.25e-06 1.2e-06 2.35e-06 2e-06 1.65e-06 1.3e-06 2.05e-06 1.15e-06 3.7e-06 1.4e-06 2.1e-06 1.25e-06 2.15e-06 1.5e-06 2.6e-06 2.1e-06 1.8e-06 2.4e-06 1.9e-06 1.35e-06 2.15e-06 1e-06 2.95e-06 1.7e-06 1.7e-06 1.35e-06 2.4e-06 2.75e-06 1.55e-06 1.25e-06 1.55e-06 1.1e-06 2.75e-06 1.75e-06 1.2e-06 1.95e-06 1.05e-06 1.55e-06 2.05e-06
15 1e-06 1.15e-06 1.8e-06 1.5e-06 2.05e-06 1.9e-06 1.65e-06 1.85e-06 2.9e-06 1.1e-06 1.25e-06 2e-06 2.6e-06 1.45e-06 1.4e-06 1.8e-06 1.3e-06 1.35e-06 2.35e-06 2.05e-06 1.3e-06 1.45e-06 2.4e-06 1.3e-06 3.95e-06 9e-07 1.5e-06 1.1e-06 2.45e-06 1.5e-06 2.6e-06 1.8e-06 2.2e-06 2.65e-06 2.25e-06 1.15e-06 2.05e-06 1.35e-06 2.8e-06 2e-06 2e-06 1.7e-06 2.4e-06 3.05e-06 1.55e-06 1.45e-06 1.85e-06 1.15e-06 3.05e-06 1.65e-06 1.45e-06 1.95e-06 1.1e-06 1.65e-06 1.9e-06
16 1.25e-06 8.5e-07 2.05e-06 9.5e-07 2.05e-06 1.6e-06 1.25e-06 1.75e-06 2.7e-06 1.8e-06 1.45e-06 2.35e-06 2.9e-06 1.45e-06 1.25e-06 1.3e-06 1.5e-06 1.4e-06 2.25e-06 2.2e-06 1.95e-06 1.5e-06 2.2e-06 1.35e-06 3.75e-06 1.3e-06 2.25e-06 1.3e-06 2.2e-06 1.95e-06 2.25e-06 2.4e-06 1.95e-06 2.45e-06 2.25e-06 1.4e-06 2.6e-06 9e-07 3.25e-06 1.85e-06 2.25e-06 7.5e-07 2.45e-06 2.45e-06 1.55e-06 1.4e-06 1.45e-06 8.5e-07 3.35e-06 1.8e-06 1.7e-06 2.4e-06 8e-07 1.75e-06 2.1e-06
17 1.5e-06 1.1e-06 1.5e-06 1.1e-06 1.8e-06 2.1e-06 1.3e-06 1.95e-06 2.7e-06 1.2e-06 1.3e-06 1.6e-06 2.4e-06 1.35e-06 1.2e-06 1.35e-06 1.4e-06 1.8e-06 2.35e-06 2.15e-06 1.4e-06 1.05e-06 2.2e-06 9e-07 3.65e-06 1.45e-06 2e-06 1.05e-06 2.1e-06 1.1e-06 2.7e-06 1.85e-06 1.95e-06 2.3e-06 2e-06 1.25e-06 2.3e-06 9.5e-07 2.85e-06 1.6e-06 1.65e-06 1.4e-06 2.35e-06 2.75e-06 1.5e-06 1.1e-06 1.5e-06 1.1e-06 2.85e-06 1.65e-06 1.1e-06 1.65e-06 1.15e-06 1.25e-06 2e-06
18 2.7e-06 1.9e-06 2.45e-06 2.15e-06 2.55e-06 2.6e-06 2e-06 2.35e-06 2.4e-06 2.6e-06 2.5e-06 2.45e-06 3e-06 2.5e-06 2.35e-06 2.35e-06 2.25e-06 2.35e-06 3.6e-06 2.7e-06 2.75e-06 2.3e-06 2.8e-06 2.3e-06 2.7e-06 2.6e-06 2.75e-06 2.25e-06 1.85e-06 2.65e-06 2.95e-06 2.65e-06 2.65e-06 1.9e-06 2.75e-06 2.45e-06 2.85e-06 1.95e-06 2.65e-06 2.05e-06 2.45e-06 2.1e-06 2.05e-06 2.8e-06 1.95e-06 2.2e-06 2.1e-06 1.9e-06 3.05e-06 2.05e-06 2.3e-06 2.55e-06 2.1e-06 2.25e-06 2.6e-06
19 2.15e-06 2e-06 2.5e-06 2.25e-06 2.1e-06 2.1e-06 2.35e-06 2.2e-06 2.95e-06 2.15e-06 2.2e-06 2.5e-06 2.3e-06 2.2e-06 2e-06 2.05e-06 2.2e-06 2.15e-06 2.7e-06 3.8e-06 2.3e-06 2.25e-06 2.1e-06 2.1e-06 3.65e-06 2.05e-06 2.1e-06 2.05e-06 2.65e-06 2.3e-06 3.05e-06 2.25e-06 2.75e-06 2.85e-06 1.95e-06 2.15e-06 2.4e-06 2.05e-06 2.65e-06 2.4e-06 2e-06 2.4e-06 2.45e-06 3.25e-06 2.3e-06 2.15e-06 2.45e-06 2e-06 2.35e-06 2e-06 2.2e-06 2.2e-06 1.95e-06 2.45e-06 2.05e-06
20 1.4e-06 1.8e-06 1.25e-06 1.95e-06 2.1e-06 2.5e-06 1.95e-06 2.05e-06 3.05e-06 9e-07 1.45e-06 1.75e-06 2.25e-06 1.5e-06 1.65e-06 1.3e-06 1.95e-06 1.4e-06 2.75e-06 2.3e-06 1.7e-06 1.45e-06 2.5e-06 1.35e-06 4.1e-06 1.3e-06 1.4e-06 1.35e-06 2.65e-06 1.05e-06 3.2e-06 1.5e-06 2.35e-06 2.8e-06 2.3e-06 1.35e-06 2e-06 1.8e-06 2.7e-06 2.15e-06 1.8e-06 2.25e-06 2.6e-06 3.5e-06 1.9e-06 1.4e-06 2.25e-06 1.8e-06 2.85e-06 1.9e-06 1.1e-06 1.45e-06 1.75e-06 1.6e-06 2.1e-06
21 1.75e-06 1e-06 1.45e-06 9.5e-07 1.85e-06 2.35e-06 1.2e-06 2.05e-06 2.8e-06 1.3e-06 1.35e-06 1.6e-06 2.5e-06 1.45e-06 1.3e-06 1.45e-06 1.5e-06 1.05e-06 2.3e-06 2.25e-06 1.45e-06 1.5e-06 2.3e-06 1e-06 3.6e-06 1.7e-06 2.25e-06 1.2e-06 2e-06 1.3e-06 2.75e-06 1.8e-06 2e-06 2.2e-06 2.05e-06 1.3e-06 2.55e-06 8e-07 2.8e-06 1.35e-06 1.7e-06 1.35e-06 2.15e-06 2.7e-06 1.4e-06 1e-06 1.4e-06 1e-06 3.1e-06 1.6e-06 1e-06 1.7e-06 1.2e-06 1e-06 2.05e-06
22 2.45e-06 2.2e-06 2.55e-06 2.25e-06 2.15e-06 2.3e-06 2.4e-06 2.2e-06 2.9e-06 2.35e-06 2.4e-06 2.55e-06 2.35e-06 2.3e-06 2.05e-06 2.4e-06 2.2e-06 2.2e-06 2.8e-06 2.1e-06 2.5e-06 2.3e-06 3.9e-06 2.15e-06 3.6e-06 2.4e-06 2.45e-06 2.25e-06 2.6e-06 2.35e-06 3.2e-06 2.45e-06 2.7e-06 2.8e-06 2e-06 2.35e-06 2.6e-06 2.1e-06 2.85e-06 2.45e-06 2.05e-06 2.05e-06 2.65e-06 3.1e-06 2.5e-06 2.2e-06 2.5e-06 2.2e-06 2.4e-06 2.2e-06 2.25e-06 2.25e-06 2.15e-06 2.5e-06 2.25e-06
23 1.45e-06 1.05e-06 1.45e-06 1.05e-06 1.75e-06 2.05e-06 1.25e-06 1.9e-06 2.65e-06 1.15e-06 1.25e-06 1.55e-06 2.35e-06 1.3e-06 1.15e-06 1.3e-06 1.35e-06 9e-07 2.3e-06 2.1e-06 1.35e-06 1e-06 2.15e-06 1.7e-06 3.6e-06 1.4e-06 1.95e-06 1e-06 2.05e-06 1.1e-06 2.65e-06 1.8e-06 1.9e-06 2.25e-06 1.95e-06 1.2e-06 2.25e-06 9e-07 2.8e-06 1.55e-06 1.6e-06 1.35e-06 2.3e-06 2.7e-06 1.45e-06 1.05e-06 1.45e-06 1.05e-06 2.8e-06 1.6e-06 1.05e-06 1.6e-06 1.1e-06 1.2e-06 1.95e-06
24 4.3e-06 3.45e-06 3.5e-06 3.55e-06 3.35e-06 3.6e-06 3.05e-06 3.3e-06 2.8e-06 3.95e-06 3.95e-06 3.1e-06 3.55e-06 3.85e-06 3.7e-06 3.95e-06 3.75e-06 3.65e-06 2.7e-06 3.65e-06 4.1e-06 3.6e-06 3.6e-06 3.6e-06 3e-06 4.2e-06 3.75e-06 3.7e-06 2.5e-06 3.85e-06 3e-06 3.5e-06 3.5e-06 2.15e-06 3.55e-06 3.9e-06 3.45e-06 3.35e-06 2.75e-06 2.8e-06 3.25e-06 3.5e-06 2.4e-06 2.45e-06 3.05e-06 3.5e-06 3.05e-06 3.45e-06 3.05e-06 3e-06 3.55e-06 3.25e-06 3.65e-06 3.25e-06 3.55e-06
25 7.5e-07 1.4e-06 2.05e-06 1.75e-06 2.05e-06 1.65e-06 1.9e-06 1.85e-06 2.9e-06 1.1e-06 1.25e-06 2.1e-06 2.6e-06 1.45e-06 1.4e-06 9e-07 1.3e-06 1.45e-06 2.6e-06 2.05e-06 1.3e-06 1.7e-06 2.4e-06 1.4e-06 4.2e-06 1.3e-06 1.25e-06 1.2e-06 2.7e-06 1.6e-06 2.6e-06 1.8e-06 2.2e-06 2.9e-06 2.25e-06 1.15e-06 1.8e-06 1.6e-06 2.8e-06 2.25e-06 2.1e-06 1.95e-06 2.65e-06 3.3e-06 1.8e-06 1.7e-06 2.1e-06 1.4e-06 2.9e-06 1.9e-06 1.7e-06 2.05e-06 1.1e-06 1.9e-06 1.9e-06
26 1.3e-06 2.4e-06 2.15e-06 2.75e-06 2.1e-06 2e-06 2.75e-06 1.8e-06 2.95e-06 1.2e-06 1.8e-06 2.05e-06 2.25e-06 1.95e-06 2.1e-06 1.5e-06 2.25e-06 2e-06 2.75e-06 2.1e-06 1.4e-06 2.25e-06 2.45e-06 1.95e-06 3.75e-06 1.25e-06 1.5e-06 1.75e-06 2.85e-06 1.65e-06 3.05e-06 1.3e-06 2.85e-06 3e-06 2.3e-06 1.75e-06 1.6e-06 2.6e-06 2e-06 2.65e-06 1.9e-06 2.95e-06 2.35e-06 3.7e-06 2.4e-06 2.2e-06 2.9e-06 2.4e-06 2.2e-06 1.95e-06 1.9e-06 1.65e-06 2.1e-06 2.4e-06 2e-06
27 1.25e-06 1.05e-06 1.55e-06 1.25e-06 1.9e-06 2e-06 1.4e-06 1.85e-06 2.75e-06 1.1e-06 1.25e-06 1.7e-06 2.45e-06 1.35e-06 1.25e-06 1.1e-06 1.3e-06 1.05e-06 2.25e-06 2.05e-06 1.35e-06 1.2e-06 2.25e-06 1e-06 3.7e-06 1.2e-06 1.75e-06 1.9e-06 2.2e-06 1.2e-06 2.6e-06 1.8e-06 2.05e-06 2.4e-06 2.1e-06 1.2e-06 2.2e-06 1.1e-06 2.8e-06 1.75e-06 1.75e-06 1.45e-06 2.3e-06 2.8e-06 1.45e-06 1.2e-06 1.6e-06 1.05e-06 2.9e-06 1.55e-06 1.2e-06 1.75e-06 1.1e-06 1.4e-06 1.95e-06
28 2.8e-06 1.8e-06 2.25e-06 1.85e-06 2.3e-06 2.55e-06 1.75e-06 2.3e-06 2.2e-06 2.55e-06 2.4e-06 2.2e-06 2.8e-06 2.35e-06 2.15e-06 2.45e-06 2.2e-06 2.1e-06 1.85e-06 2.65e-06 2.65e-06 2e-06 2.6e-06 2.05e-06 2.5e-06 2.7e-06 2.85e-06 2.2e-06 3.2e-06 2.45e-06 2.9e-06 2.55e-06 2.4e-06 1.65e-06 2.5e-06 2.35e-06 2.8e-06 1.65e-06 2.55e-06 1.75e-06 2.2e-06 1.9e-06 1.95e-06 2.6e-06 1.85e-06 1.95e-06 1.85e-06 1.8e-06 2.85e-06 2e-06 2.05e-06 2.3e-06 2e-06 1.95e-06 2.5e-06
29 1.65e-06 1.75e-06 1.1e-06 1.8e-06 2e-06 2.6e-06 1.7e-06 2.05e-06 2.9e-06 9e-07 1.5e-06 1.5e-06 2.1e-06 1.3e-06 1.5e-06 1.5e-06 1.95e-06 1.1e-06 2.65e-06 2.3e-06 1.05e-06 1.3e-06 2.35e-06 1.1e-06 3.85e-06 1.6e-06 1.65e-06 1.2e-06 2.45e-06 1.2e-06 3.2e-06 1.55e-06 2.25e-06 2.6e-06 2.2e-06 1.45e-06 2.15e-06 1.65e-06 2.75e-06 2e-06 1.6e-06 2e-06 2.55e-06 3.25e-06 1.85e-06 1.1e-06 2.05e-06 1.75e-06 2.7e-06 1.8e-06 9.5e-07 1.35e-06 1.8e-06 1.45e-06 2.2e-06
30 2.55e-06 2.2e-06 3.15e-06 2.3e-06 2.9e-06 2.5e-06 2.3e-06 2.75e-06 3.2e-06 3.05e-06 2.75e-06 3e-06 3.55e-06 2.75e-06 2.6e-06 2.6e-06 2.25e-06 2.7e-06 2.95e-06 3.05e-06 3.2e-06 2.75e-06 3.2e-06 2.65e-06 3e-06 2.6e-06 3.05e-06 2.6e-06 2.9e-06 3.2e-06 4.2e-06 3.15e-06 2.85e-06 2.85e-06 3.1e-06 2.7e-06 3.15e-06 2.25e-06 3.3e-06 2.55e-06 3.1e-06 2.4e-06 2.7e-06 2.5e-06 2.5e-06 2.7e-06 2.4e-06 2.2e-06 3.5e-06 2.65e-06 3e-06 3.2e-06 2.15e-06 2.7e-06 2.95e-06
31 1.85e-06 2.25e-06 1.9e-06 2.4e-06 2.05e-06 2.4e-06 2.45e-06 1.95e-06 2.95e-06 1.35e-06 1.9e-06 1.8e-06 2.25e-06 2e-06 2.1e-06 1.8e-06 2.4e-06 1.85e-06 2.65e-06 2.25e-06 1.5e-06 1.8e-06 2.45e-06 1.8e-06 3.5e-06 1.8e-06 1.3e-06 1.8e-06 2.55e-06 1.55e-06 3.15e-06 2.6e-06 2.8e-06 2.7e-06 2.25e-06 1.85e-06 2e-06 2.25e-06 2e-06 2.2e-06 1.75e-06 2.7e-06 2.1e-06 3.45e-06 2.25e-06 1.9e-06 2.6e-06 2.25e-06 2.35e-06 1.85e-06 1.6e-06 1.5e-06 2.2e-06 1.95e-06 2.1e-06
32 2.25e-06 1.8e-06 1.9e-06 1.8e-06 2.4e-06 2.45e-06 1.55e-06 2.55e-06 2.2e-06 2.3e-06 2.15e-06 2.2e-06 2.6e-06 2.05e-06 1.8e-06 2.2e-06 1.95e-06 1.95e-06 2.65e-06 2.75e-06 2.35e-06 2e-06 2.7e-06 1.9e-06 3.5e-06 2.2e-06 2.85e-06 2.05e-06 2.4e-06 2.25e-06 2.85e-06 2.8e-06 2.4e-06 2.15e-06 2.6e-06 2.1e-06 2.5e-06 1.65e-06 3.15e-06 1.9e-06 2.45e-06 1.9e-06 2.65e-06 2.9e-06 1.75e-06 1.9e-06 1.75e-06 1.8e-06 3.1e-06 2.5e-06 2.05e-06 2.6e-06 1.75e-06 1.75e-06 2.75e-06
33 3e-06 2.05e-06 2.25e-06 2.1e-06 2.5e-06 2.8e-06 1.7e-06 2.5e-06 2.05e-06 2.7e-06 2.6e-06 2.1e-06 2.8e-06 2.55e-06 2.4e-06 2.65e-06 2.45e-06 2.3e-06 1.9e-06 2.85e-06 2.8e-06 2.2e-06 2.8e-06 2.25e-06 2.15e-06 2.9e-06 3e-06 2.4e-06 1.65e-06 2.6e-06 2.85e-06 2.7e-06 2.15e-06 2.5e-06 2.7e-06 2.55e-06 2.7e-06 1.9e-06 2.45e-06 1.7e-06 2.4e-06 2.15e-06 1.9e-06 2.55e-06 1.8e-06 2.15e-06 1.8e-06 2.05e-06 2.75e-06 2.2e-06 2.25e-06 2.45e-06 2.25e-06 1.85e-06 2.7e-06
34 2.35e-06 2e-06 2.4e-06 2.05e-06 1.95e-06 2.15e-06 2.2e-06 2.25e-06 2.85e-06 2.2e-06 2.2e-06 2.35e-06 2.2e-06 2.15e-06 1.9e-06 2.25e-06 2.25e-06 2e-06 2.75e-06 1.95e-06 2.3e-06 2.05e-06 2e-06 1.95e-06 3.55e-06 2.25e-06 2.3e-06 2.1e-06 2.5e-06 2.2e-06 3.1e-06 2.25e-06 2.6e-06 2.7e-06 3.6e-06 2.15e-06 2.45e-06 1.85e-06 2.65e-06 2.2e-06 1.85e-06 2.3e-06 2.45e-06 3.15e-06 2.3e-06 2e-06 2.3e-06 2e-06 2.25e-06 2.05e-06 2.05e-06 2.05e-06 1.95e-06 2.25e-06 2.05e-06
35 1.25e-06 1.2e-06 1.75e-06 1.35e-06 1.95e-06 2e-06 1.55e-06 1.95e-06 2.85e-06 1.2e-06 1.3e-06 1.9e-06 2.55e-06 1.45e-06 1.35e-06 1.15e-06 1.4e-06 1.25e-06 2.45e-06 2.15e-06 1.35e-06 1.3e-06 2.35e-06 1.2e-06 3.9e-06 1.15e-06 1.75e-06 1.2e-06 2.35e-06 1.45e-06 2.7e-06 1.85e-06 2.1e-06 2.55e-06 2.15e-06 2.3e-06 2.15e-06 1.2e-06 2.85e-06 1.85e-06 1.9e-06 1.65e-06 2.45e-06 3e-06 1.6e-06 1.35e-06 1.75e-06 1.2e-06 3e-06 1.75e-06 1.35e-06 1.85e-06 1.15e-06 1.5e-06 1.95e-06
36 1.9e-06 2.75e-06 2.5e-06 2.95e-06 2.2e-06 2.3e-06 2.75e-06 2.4e-06 2.6e-06 1.75e-06 2.25e-06 2.05e-06 2.35e-06 2.4e-06 2.15e-06 2.05e-06 2.6e-06 2.3e-06 2.85e-06 2.4e-06 2e-06 2.55e-06 2.6e-06 2.25e-06 3.45e-06 1.8e-06 1.6e-06 2.2e-06 2.8e-06 2.15e-06 3.15e-06 2e-06 2.5e-06 2.7e-06 2.45e-06 2.15e-06 2.9e-06 2.8e-06 2.2e-06 2.55e-06 2.15e-06 3.15e-06 2.5e-06 3.65e-06 2.45e-06 2.6e-06 2.85e-06 2.75e-06 2.05e-06 2.4e-06 2.3e-06 2.1e-06 2.45e-06 2.45e-06 2.4e-06
37 1.7e-06 3e-07 1.55e-06 3e-07 1.65e-06 1.7e-06 6e-07 1.8e-06 2.55e-06 1.8e-06 1.25e-06 1.95e-06 2.65e-06 1.2e-06 1e-06 1.35e-06 9e-07 9.5e-07 1.95e-06 2.05e-06 1.8e-06 8e-07 2.1e-06 9e-07 3.35e-06 1.6e-06 2.6e-06 1.1e-06 1.65e-06 1.65e-06 2.25e-06 2.25e-06 1.65e-06 1.9e-06 1.85e-06 1.2e-06 2.8e-06 1e-07 3.05e-06 1.1e-06 1.75e-06 6.5e-07 2e-06 2.1e-06 1.05e-06 7.5e-07 8e-07 3e-07 3.3e-06 1.4e-06 1.15e-06 1.95e-06 5e-07 1.05e-06 1.85e-06
38 2.9e-06 3.05e-06 2.85e-06 3.25e-06 2.35e-06 2.75e-06 3.05e-06 2.45e-06 2.8e-06 2.55e-06 2.9e-06 2.2e-06 2.6e-06 3e-06 2.95e-06 2.8e-06 3.25e-06 2.85e-06 2.65e-06 2.65e-06 2.7e-06 2.8e-06 2.85e-06 2.8e-06 2.75e-06 2.8e-06 2e-06 2.8e-06 2.55e-06 2.75e-06 3.3e-06 2e-06 3.15e-06 2.45e-06 2.65e-06 2.85e-06 2.2e-06 3.05e-06 2.6e-06 2.35e-06 2.15e-06 3.5e-06 1.85e-06 3.5e-06 2.55e-06 2.9e-06 3.05e-06 3.05e-06 1.95e-06 2.15e-06 2.65e-06 2e-06 3e-06 2.7e-06 2.5e-06
39 2.35e-06 1.3e-06 1.8e-06 1.3e-06 2e-06 2.35e-06 1.25e-06 2.2e-06 2.4e-06 2.1e-06 1.9e-06 1.6e-06 2.55e-06 1.9e-06 1.7e-06 2e-06 1.85e-06 1.6e-06 2.05e-06 2.4e-06 2.15e-06 1.35e-06 2.45e-06 1.55e-06 2.8e-06 2.25e-06 2.65e-06 1.75e-06 1.75e-06 2e-06 2.55e-06 2.2e-06 1.9e-06 1.7e-06 2.2e-06 1.85e-06 2.55e-06 1.1e-06 2.35e-06 2.1e-06 1.9e-06 1.65e-06 1.6e-06 2.45e-06 1.35e-06 1.45e-06 1.45e-06 1.3e-06 2.75e-06 1.75e-06 1.55e-06 2e-06 1.5e-06 1.3e-06 2.2e-06
40 2.2e-06 1.9e-06 1.8e-06 1.95e-06 1.7e-06 2.3e-06 2.1e-06 2e-06 2.7e-06 1.7e-06 1.95e-06 1.8e-06 2e-06 1.9e-06 1.7e-06 2e-06 2.25e-06 1.65e-06 2.45e-06 2e-06 1.8e-06 1.7e-06 2.05e-06 1.6e-06 3.25e-06 2.1e-06 1.9e-06 1.75e-06 2.2e-06 1.6e-06 3.1e-06 1.75e-06 2.45e-06 2.4e-06 1.85e-06 1.9e-06 2.15e-06 1.75e-06 2.15e-06 1.9e-06 2.4e-06 2.2e-06 2.1e-06 3.05e-06 2e-06 1.65e-06 2.2e-06 1.9e-06 2.05e-06 1.65e-06 1.45e-06 1.4e-06 1.95e-06 1.9e-06 1.95e-06
41 1.85e-06 7.5e-07 1.9e-06 6.5e-07 2.1e-06 2.05e-06 1.05e-06 1.75e-06 2.7e-06 2.15e-06 1.7e-06 2.4e-06 3e-06 1.55e-06 1.35e-06 1.7e-06 7.5e-07 1.4e-06 2.1e-06 2.4e-06 2.25e-06 1.35e-06 2.05e-06 1.35e-06 3.5e-06 1.95e-06 2.95e-06 1.45e-06 1.9e-06 2e-06 2.4e-06 2.7e-06 1.9e-06 2.15e-06 2.3e-06 1.65e-06 3.15e-06 6.5e-07 3.5e-06 1.65e-06 2.2e-06 0.0 2.45e-06 2.05e-06 1.5e-06 1.2e-06 1.25e-06 7.5e-07 3.65e-06 1.75e-06 1.6e-06 2.4e-06 9.5e-07 1.6e-06 2.3e-06
42 2.75e-06 2e-06 2.3e-06 2.2e-06 2.25e-06 2.35e-06 2e-06 2.15e-06 2.5e-06 2.55e-06 2.5e-06 1.95e-06 2.6e-06 2.5e-06 2.4e-06 2.4e-06 2.45e-06 2.35e-06 2.05e-06 2.45e-06 2.6e-06 2.15e-06 2.65e-06 2.3e-06 2.4e-06 2.65e-06 2.35e-06 2.3e-06 1.95e-06 2.55e-06 2.7e-06 2.1e-06 2.65e-06 1.9e-06 2.45e-06 2.45e-06 2.5e-06 2e-06 1.85e-06 1.6e-06 2.1e-06 2.45e-06 2.3e-06 2.7e-06 1.85e-06 2.15e-06 2.15e-06 2e-06 2.4e-06 1.8e-06 2.15e-06 2.1e-06 2.2e-06 2.1e-06 2.3e-06
43 3.35e-06 2.2e-06 3e-06 2.25e-06 2.95e-06 2.95e-06 2.15e-06 2.8e-06 3.15e-06 3.4e-06 3.05e-06 3.1e-06 3.6e-06 2.9e-06 2.75e-06 3.05e-06 2.45e-06 2.75e-06 2.8e-06 3.25e-06 3.5e-06 2.7e-06 3.1e-06 2.7e-06 2.45e-06 3.3e-06 3.7e-06 2.8e-06 2.6e-06 3.25e-06 2.5e-06 3.45e-06 2.9e-06 2.55e-06 3.15e-06 3e-06 3.65e-06 2.1e-06 3.5e-06 2.45e-06 3.05e-06 2.05e-06 2.7e-06 3.9e-06 2.5e-06 2.55e-06 2.25e-06 2.2e-06 3.7e-06 2.6e-06 2.9e-06 3.15e-06 2.4e-06 2.65e-06 3.15e-06
44 1.9e-06 1.05e-06 1.65e-06 1.25e-06 2.1e-06 2.25e-06 1.15e-06 2.1e-06 2.45e-06 1.8e-06 1.65e-06 1.8e-06 2.6e-06 1.7e-06 1.55e-06 1.55e-06 1.55e-06 1.5e-06 1.95e-06 2.3e-06 1.9e-06 1.4e-06 2.5e-06 1.45e-06 3.05e-06 1.8e-06 2.4e-06 1.45e-06 1.85e-06 1.85e-06 2.5e-06 2.25e-06 1.75e-06 1.8e-06 2.3e-06 1.6e-06 2.45e-06 1.05e-06 2.55e-06 1.35e-06 2e-06 1.5e-06 1.85e-06 2.5e-06 2e-06 1.35e-06 1.35e-06 1.05e-06 3e-06 1.65e-06 1.45e-06 2.1e-06 1.25e-06 1.35e-06 2.15e-06
45 1.8e-06 9e-07 1.1e-06 9.5e-07 1.8e-06 2.15e-06 9.5e-07 1.85e-06 2.7e-06 1.45e-06 1.4e-06 1.8e-06 2.3e-06 1.1e-06 1.25e-06 1.45e-06 1.4e-06 1.1e-06 2.2e-06 2.15e-06 1.4e-06 1e-06 2.2e-06 1.05e-06 3.5e-06 1.7e-06 2.2e-06 1.2e-06 1.95e-06 1.1e-06 2.7e-06 1.9e-06 1.9e-06 2.15e-06 2e-06 1.35e-06 2.6e-06 7.5e-07 2.9e-06 1.45e-06 1.65e-06 1.2e-06 2.15e-06 2.55e-06 1.35e-06 1.4e-06 1.3e-06 9e-07 3.1e-06 1.5e-06 9.5e-07 1.6e-06 1.1e-06 1.2e-06 2e-06
46 2.2e-06 9.5e-07 1.8e-06 1e-06 2.1e-06 2.15e-06 9e-07 2.2e-06 2.45e-06 2.2e-06 1.8e-06 2.15e-06 2.8e-06 1.65e-06 1.55e-06 1.85e-06 1.45e-06 1.5e-06 2.1e-06 2.45e-06 2.25e-06 1.4e-06 2.5e-06 1.45e-06 3.05e-06 2.1e-06 2.9e-06 1.6e-06 1.85e-06 2.05e-06 2.4e-06 2.6e-06 1.75e-06 1.8e-06 2.3e-06 1.75e-06 2.85e-06 8e-07 3.05e-06 1.45e-06 2.2e-06 1.25e-06 2.15e-06 2.25e-06 1.35e-06 1.3e-06 1.5e-06 9.5e-07 3.3e-06 1.8e-06 1.65e-06 2.3e-06 1.15e-06 1.35e-06 2.3e-06
47 1.5e-06 3e-07 1.65e-06 5e-07 1.8e-06 1.65e-06 7.5e-07 1.75e-06 2.65e-06 1.75e-06 1.25e-06 2.1e-06 2.75e-06 1.25e-06 1.1e-06 1.15e-06 8.5e-07 1.1e-06 1.9e-06 2e-06 1.8e-06 1e-06 2.2e-06 1.05e-06 3.45e-06 1.4e-06 2.4e-06 1.05e-06 1.8e-06 1.75e-06 2.2e-06 2.25e-06 1.8e-06 2.05e-06 2e-06 1.2e-06 2.75e-06 3e-07 3.05e-06 1.3e-06 1.9e-06 7.5e-07 2e-06 2.2e-06 1.05e-06 9e-07 9.5e-07 5e-07 3.4e-06 1.35e-06 1.3e-06 2.1e-06 5e-07 1.25e-06 1.85e-06
48 2.95e-06 3.4e-06 3e-06 3.45e-06 2.3e-06 2.7e-06 3.25e-06 2.7e-06 2.75e-06 2.6e-06 3.05e-06 2.3e-06 2.15e-06 3.05e-06 2.75e-06 3.05e-06 3.35e-06 2.85e-06 3.05e-06 2.35e-06 2.85e-06 3.1e-06 2.4e-06 2.8e-06 3.05e-06 2.9e-06 2.2e-06 2.9e-06 2.85e-06 2.7e-06 3.5e-06 2.35e-06 3.1e-06 2.75e-06 2.25e-06 3e-06 2.05e-06 3.3e-06 1.95e-06 2.75e-06 2.05e-06 3.65e-06 2.4e-06 3.7e-06 3e-06 3.1e-06 3.3e-06 3.4e-06 2.5e-06 2.5e-06 2.8e-06 2.1e-06 3.2e-06 3e-06 2.5e-06
49 2e-06 1.35e-06 1.85e-06 1.6e-06 1.75e-06 2.1e-06 1.7e-06 1.8e-06 2.7e-06 1.75e-06 1.8e-06 2e-06 2.4e-06 1.8e-06 1.75e-06 1.65e-06 1.8e-06 1.65e-06 2.05e-06 2e-06 1.9e-06 1.6e-06 2.2e-06 1.6e-06 3e-06 1.9e-06 1.95e-06 1.55e-06 2e-06 1.8e-06 2.65e-06 1.85e-06 2.5e-06 2.2e-06 2.05e-06 1.75e-06 2.4e-06 1.4e-06 2.15e-06 1.75e-06 1.65e-06 1.75e-06 1.8e-06 2.6e-06 1.65e-06 1.5e-06 1.8e-06 1.35e-06 2.5e-06 2.5e-06 1.55e-06 1.6e-06 1.55e-06 1.8e-06 1.9e-06
50 1.75e-06 1.3e-06 9.5e-07 1.3e-06 1.85e-06 2.5e-06 1.4e-06 1.95e-06 2.75e-06 1e-06 1.4e-06 1.5e-06 2.1e-06 1.35e-06 1.2e-06 1.45e-06 1.7e-06 1.1e-06 2.3e-06 2.2e-06 1.1e-06 1e-06 2.25e-06 1.05e-06 3.55e-06 1.7e-06 1.9e-06 1.2e-06 2.05e-06 9.5e-07 3e-06 1.6e-06 2.05e-06 2.25e-06 2.05e-06 1.35e-06 2.3e-06 1.15e-06 2.65e-06 1.55e-06 1.45e-06 1.6e-06 2.15e-06 2.9e-06 1.45e-06 9.5e-07 1.65e-06 1.3e-06 2.8e-06 1.55e-06 1e-06 1.3e-06 1.5e-06 1.2e-06 2.05e-06
51 2.2e-06 2.1e-06 1.55e-06 2.15e-06 1.75e-06 2.5e-06 2.15e-06 1.95e-06 2.8e-06 1.5e-06 1.95e-06 1.7e-06 2.05e-06 1.85e-06 1.95e-06 1.95e-06 2.4e-06 1.65e-06 2.55e-06 2.2e-06 1.45e-06 1.7e-06 2.25e-06 1.6e-06 3.25e-06 2.05e-06 1.65e-06 1.75e-06 2.3e-06 1.35e-06 3.2e-06 1.5e-06 2.6e-06 2.45e-06 2.05e-06 1.85e-06 2.1e-06 1.95e-06 2e-06 2e-06 1.4e-06 2.4e-06 2.1e-06 3.15e-06 2.1e-06 1.6e-06 2.3e-06 2.1e-06 2.1e-06 1.6e-06 1.3e-06 2e-06 2.15e-06 1.85e-06 2e-06
52 1.2e-06 5e-07 1.85e-06 7e-07 1.75e-06 1.35e-06 9.5e-07 1.7e-06 2.6e-06 1.7e-06 1.2e-06 2.15e-06 2.7e-06 1.2e-06 1.05e-06 1.1e-06 8e-07 1.15e-06 2.1e-06 1.95e-06 1.75e-06 1.2e-06 2.15e-06 1.1e-06 3.65e-06 1.1e-06 2.1e-06 1.1e-06 2e-06 1.8e-06 2.15e-06 2.2e-06 1.75e-06 2.25e-06 1.95e-06 1.15e-06 2.45e-06 5e-07 3e-06 1.5e-06 1.95e-06 9.5e-07 2.2e-06 2.4e-06 1.25e-06 1.1e-06 1.15e-06 5e-07 3.2e-06 1.55e-06 1.5e-06 2.15e-06 9e-07 1.45e-06 1.8e-06
53 1.95e-06 1.25e-06 1.45e-06 1.2e-06 2.05e-06 2.6e-06 1.15e-06 2.25e-06 2.55e-06 1.45e-06 1.55e-06 1.5e-06 2.5e-06 1.65e-06 1.55e-06 1.65e-06 1.75e-06 1.25e-06 2.25e-06 2.45e-06 1.6e-06 1e-06 2.5e-06 1.2e-06 3.25e-06 1.9e-06 2.4e-06 1.4e-06 1.95e-06 1.45e-06 2.7e-06 1.95e-06 1.75e-06 1.85e-06 2.25e-06 1.5e-06 2.45e-06 1.05e-06 2.7e-06 1.3e-06 1.9e-06 1.6e-06 2.1e-06 2.65e-06 1.35e-06 1.2e-06 1.35e-06 1.25e-06 3e-06 1.8e-06 1.2e-06 1.85e-06 1.45e-06 1.8e-06 2.25e-06
54 2.05e-06 1.85e-06 2.4e-06 2.05e-06 2.1e-06 2.15e-06 2.2e-06 2.1e-06 3e-06 2.05e-06 2.05e-06 2.35e-06 2.45e-06 2.1e-06 2.05e-06 1.9e-06 2.1e-06 2e-06 2.6e-06 2.05e-06 2.1e-06 2.05e-06 2.25e-06 1.95e-06 3.55e-06 1.9e-06 2e-06 1.95e-06 2.5e-06 2.2e-06 2.95e-06 2.1e-06 2.75e-06 2.7e-06 2.05e-06 1.95e-06 2.4e-06 1.85e-06 2.5e-06 2.2e-06 1.95e-06 2.3e-06 2.3e-06 3.15e-06 2.15e-06 2e-06 2.3e-06 1.85e-06 2.5e-06 1.9e-06 2.05e-06 2e-06 1.8e-06 2.25e-06 3.6e-06
