 slim_762359804 slim_762359795 slim_762359828 slim_762359836 slim_762359802 slim_762359834 slim_762359801 slim_762359817 slim_762359787 slim_762359794 slim_762359792 slim_762359813 slim_762359824 slim_762359815 slim_762359822 slim_762359791 slim_762359830 slim_762359809 slim_762359827 slim_762359797 slim_762359799 slim_762359833 slim_762359819 slim_762359807 slim_762359816 slim_762359818 slim_762359806 slim_762359789 slim_762359820 slim_762359821 slim_762359810 slim_762359800 slim_762359811 slim_762359812 slim_762359798 slim_762359805 slim_762359823 slim_762359793 slim_762359825 slim_762359803 slim_762359826 slim_762359808 slim_762359796 slim_762359829 slim_762359831 slim_762359788 slim_762359835 slim_762359790 slim_762359814 slim_762359832
0 2.2e-06 2.35e-06 2e-06 2.45e-06 2e-06 2.3e-06 2.1e-06 3e-06 1.8e-06 2.1e-06 1.95e-06 2.4e-06 2.6e-06 2e-06 2.45e-06 1.5e-06 2.35e-06 2.6e-06 2.1e-06 3.25e-06 1.6e-06 2.95e-06 1.9e-06 2.3e-06 2.05e-06 2.1e-06 2.85e-06 1.55e-06 1.85e-06 2.4e-06 1.95e-06 1.9e-06 2.05e-06 1.4e-06 1.9e-06 1.4e-06 3.1e-06 1.5e-06 1.75e-06 2.4e-06 1.5e-06 2.9e-06 1.65e-06 2.05e-06 1.9e-06 2.2e-06 2.7e-06 2.3e-06 2.3e-06 2.65e-06
1 2.35e-06 1.5e-06 1.3e-06 2.5e-06 1.35e-06 2.4e-06 9e-07 2.55e-06 7.5e-07 2.55e-06 1.15e-06 3.3e-06 3.05e-06 1.3e-06 1.7e-06 1.5e-06 1.75e-06 2.25e-06 2.25e-06 2.1e-06 2.3e-06 2.35e-06 1.95e-06 8e-07 3.4e-06 1.4e-06 2.1e-06 1.25e-06 1.6e-06 8.5e-07 1.1e-06 1.8e-06 1.55e-06 2.55e-06 1.1e-06 1.5e-06 2.5e-06 1.65e-06 1.4e-06 2.1e-06 1.2e-06 2.15e-06 1.3e-06 2.65e-06 1.85e-06 1.9e-06 2.05e-06 8e-07 2.3e-06 3.1e-06
2 2e-06 1.3e-06 1.2e-06 1.55e-06 1.65e-06 2.25e-06 1.2e-06 2.55e-06 8e-07 2.05e-06 1.05e-06 3.4e-06 2.2e-06 6e-07 1.6e-06 1.2e-06 2.2e-06 2.4e-06 2.45e-06 2.85e-06 2.05e-06 2.8e-06 2.2e-06 1.25e-06 2.7e-06 1.7e-06 2.2e-06 9.5e-07 1.85e-06 1.2e-06 1.05e-06 1.2e-06 9e-07 2.4e-06 1e-06 1.3e-06 3.2e-06 1.45e-06 1.3e-06 1.8e-06 9e-07 2.25e-06 1.15e-06 2.45e-06 1.3e-06 1.3e-06 1.95e-06 1.1e-06 1.85e-06 2.95e-06
3 2.45e-06 2.5e-06 1.55e-06 9e-07 2.65e-06 2.1e-06 2.35e-06 2.85e-06 1.85e-06 2.15e-06 2.15e-06 3.35e-06 1.6e-06 1.55e-06 1.95e-06 2.05e-06 2.8e-06 2.75e-06 3.1e-06 3.4e-06 2.35e-06 2.75e-06 2.95e-06 2.45e-06 2.35e-06 2.65e-06 2.6e-06 2.05e-06 2.7e-06 2.6e-06 1.8e-06 1.2e-06 1.25e-06 2.7e-06 2.1e-06 1.95e-06 3.55e-06 1.9e-06 2.1e-06 2.05e-06 2e-06 2.65e-06 1.75e-06 2.55e-06 1.75e-06 1.25e-06 2.15e-06 2.5e-06 2.05e-06 2.85e-06
4 2e-06 1.35e-06 1.65e-06 2.65e-06 2.4e-06 2.1e-06 1.25e-06 2.65e-06 1.3e-06 2.4e-06 1.55e-06 3e-06 3e-06 1.65e-06 1.9e-06 1.5e-06 1.6e-06 2.3e-06 2.05e-06 2.3e-06 2.25e-06 2e-06 1.95e-06 1.3e-06 3.1e-06 1.35e-06 2.3e-06 1.35e-06 1.3e-06 1.3e-06 1.55e-06 1.95e-06 1.85e-06 2.2e-06 1.5e-06 1.5e-06 2.25e-06 1.6e-06 1.55e-06 2.35e-06 1.3e-06 2.35e-06 1.5e-06 2.45e-06 1.85e-06 2.1e-06 2.1e-06 1.25e-06 2.4e-06 3e-06
5 2.3e-06 2.4e-06 2.25e-06 2.1e-06 2.1e-06 3.4e-06 2.2e-06 3e-06 2.3e-06 2.4e-06 2.5e-06 3.15e-06 2.45e-06 2.25e-06 2.05e-06 2.1e-06 2.25e-06 2.75e-06 2.55e-06 2.9e-06 2.65e-06 1.95e-06 2.6e-06 2.35e-06 2.95e-06 2.2e-06 2.7e-06 2.1e-06 1.9e-06 2.45e-06 2.35e-06 1.9e-06 2.15e-06 2.6e-06 2.45e-06 1.9e-06 2.75e-06 1.95e-06 2.25e-06 2.7e-06 2.05e-06 2.75e-06 2e-06 2.8e-06 2.2e-06 2.3e-06 2.15e-06 2.35e-06 2.65e-06 2.85e-06
6 2.1e-06 9e-07 1.2e-06 2.35e-06 1.25e-06 2.2e-06 1.6e-06 2.4e-06 8e-07 2.35e-06 1.2e-06 3.1e-06 2.85e-06 1.2e-06 1.6e-06 1.25e-06 1.8e-06 2.05e-06 2.15e-06 2.1e-06 2.15e-06 2.3e-06 1.85e-06 8.5e-07 3.2e-06 1.3e-06 2.05e-06 1.15e-06 1.5e-06 9e-07 1.1e-06 1.6e-06 1.35e-06 2.45e-06 1.15e-06 1.4e-06 2.45e-06 1.55e-06 1.3e-06 2.05e-06 1.1e-06 2.1e-06 1.2e-06 2.6e-06 1.75e-06 1.85e-06 2e-06 8.5e-07 2.1e-06 2.9e-06
7 3e-06 2.55e-06 2.55e-06 2.85e-06 2.65e-06 3e-06 2.4e-06 3.5e-06 2.35e-06 2.55e-06 2.6e-06 2.65e-06 2.75e-06 2.55e-06 2.75e-06 2.55e-06 2.7e-06 2e-06 3.05e-06 2.2e-06 3e-06 3.15e-06 3.05e-06 2.5e-06 3.35e-06 2.65e-06 2.55e-06 2.5e-06 2.7e-06 2.6e-06 2.4e-06 2.55e-06 2.5e-06 3.2e-06 2.55e-06 2.5e-06 2.3e-06 2.55e-06 2.4e-06 2.45e-06 2.45e-06 2.6e-06 2.4e-06 2.95e-06 2.75e-06 2.75e-06 3e-06 2.5e-06 2.45e-06 3e-06
8 1.8e-06 7.5e-07 8e-07 1.85e-06 1.3e-06 2.3e-06 8e-07 2.35e-06 0.0 1.95e-06 5.5e-07 3.1e-06 2.4e-06 8e-07 1.65e-06 8.5e-07 1.8e-06 1.95e-06 2.25e-06 2.5e-06 1.75e-06 2.8e-06 1.95e-06 7e-07 2.8e-06 1.3e-06 2.05e-06 7.5e-07 1.6e-06 8.5e-07 4.5e-07 1.1e-06 9e-07 2.05e-06 5e-07 9e-07 2.85e-06 1.1e-06 8e-07 1.4e-06 7e-07 2.1e-06 6.5e-07 2.1e-06 1.35e-06 1.35e-06 2e-06 8.5e-07 1.6e-06 2.85e-06
9 2.1e-06 2.55e-06 2.05e-06 2.15e-06 2.4e-06 2.4e-06 2.35e-06 2.55e-06 1.95e-06 2.7e-06 2.1e-06 3.05e-06 1.65e-06 2.05e-06 2.45e-06 1.75e-06 2.45e-06 2.5e-06 2.75e-06 3.15e-06 2.35e-06 3.25e-06 2.9e-06 2.5e-06 2.7e-06 2.5e-06 2.15e-06 1.75e-06 2.2e-06 2.6e-06 1.9e-06 1.85e-06 2e-06 2.55e-06 2.05e-06 1.6e-06 3.15e-06 1.55e-06 1.8e-06 1.65e-06 1.7e-06 2.2e-06 1.75e-06 2.4e-06 2.15e-06 2.15e-06 2.8e-06 2.5e-06 1.6e-06 2.65e-06
10 1.95e-06 1.15e-06 1.05e-06 2.15e-06 1.55e-06 2.5e-06 1.2e-06 2.6e-06 5.5e-07 2.1e-06 1.1e-06 3.25e-06 2.6e-06 1.05e-06 1.9e-06 1.2e-06 1.9e-06 2.3e-06 2.3e-06 2.7e-06 2e-06 2.95e-06 2.15e-06 1.1e-06 2.95e-06 1.6e-06 2.25e-06 9e-07 1.7e-06 1.1e-06 9e-07 1.5e-06 1.35e-06 2.1e-06 5.5e-07 1e-06 2.95e-06 1.2e-06 1.15e-06 1.75e-06 8.5e-07 2.3e-06 1e-06 2.15e-06 1.5e-06 1.5e-06 2.2e-06 1.05e-06 1.95e-06 3.1e-06
11 2.4e-06 3.3e-06 3.4e-06 3.35e-06 3e-06 3.15e-06 3.1e-06 2.65e-06 3.1e-06 3.05e-06 3.25e-06 4e-06 3.25e-06 3.4e-06 3.3e-06 3.05e-06 2.85e-06 2.45e-06 2.7e-06 2.7e-06 2.55e-06 3.15e-06 2.65e-06 3.25e-06 2.75e-06 3e-06 3.25e-06 3.1e-06 2.9e-06 3.4e-06 3.1e-06 3.1e-06 3.3e-06 2.3e-06 3.2e-06 2.85e-06 2.45e-06 2.85e-06 2.85e-06 3.15e-06 3.05e-06 3.3e-06 2.9e-06 2.75e-06 3.05e-06 3.3e-06 3.4e-06 3.3e-06 3.1e-06 3e-06
12 2.6e-06 3.05e-06 2.2e-06 1.6e-06 3e-06 2.45e-06 2.85e-06 2.75e-06 2.4e-06 1.65e-06 2.6e-06 3.25e-06 2.2e-06 2.2e-06 2.3e-06 2.35e-06 2.85e-06 2.8e-06 3.15e-06 3.5e-06 2.6e-06 3.15e-06 3.3e-06 3e-06 2.6e-06 3e-06 2.3e-06 2.4e-06 2.9e-06 3.15e-06 2.25e-06 1.7e-06 2e-06 2.9e-06 2.55e-06 2.1e-06 3.5e-06 2.1e-06 2.25e-06 1.75e-06 2.35e-06 2.35e-06 2e-06 2.7e-06 2.25e-06 2.15e-06 2.7e-06 3.05e-06 1.7e-06 2.55e-06
13 2e-06 1.3e-06 6e-07 1.55e-06 1.65e-06 2.25e-06 1.2e-06 2.55e-06 8e-07 2.05e-06 1.05e-06 3.4e-06 2.2e-06 1.2e-06 1.6e-06 1.2e-06 2.2e-06 2.4e-06 2.45e-06 2.85e-06 2.05e-06 2.8e-06 2.2e-06 1.25e-06 2.7e-06 1.7e-06 2.2e-06 9.5e-07 1.85e-06 1.2e-06 1.05e-06 1.2e-06 9e-07 2.4e-06 1e-06 1.3e-06 3.2e-06 1.45e-06 1.3e-06 1.8e-06 9e-07 2.25e-06 1.15e-06 2.45e-06 1.3e-06 1.3e-06 1.95e-06 1.1e-06 1.85e-06 2.95e-06
14 2.45e-06 1.7e-06 1.6e-06 1.95e-06 1.9e-06 2.05e-06 1.6e-06 2.75e-06 1.65e-06 2.45e-06 1.9e-06 3.3e-06 2.3e-06 1.6e-06 3.1e-06 1.9e-06 2.1e-06 2.55e-06 2.5e-06 2.55e-06 2.5e-06 2.15e-06 2.35e-06 1.65e-06 3.1e-06 1.95e-06 2.3e-06 1.75e-06 1.95e-06 1.7e-06 1.75e-06 1.65e-06 1.7e-06 2.75e-06 1.85e-06 1.75e-06 2.75e-06 1.85e-06 1.9e-06 2.35e-06 1.7e-06 2.35e-06 1.6e-06 2.85e-06 1.95e-06 1.95e-06 2e-06 1.6e-06 2.4e-06 2.8e-06
15 1.5e-06 1.5e-06 1.2e-06 2.05e-06 1.5e-06 2.1e-06 1.25e-06 2.55e-06 8.5e-07 1.75e-06 1.2e-06 3.05e-06 2.35e-06 1.2e-06 1.9e-06 1.1e-06 2.15e-06 2.1e-06 2.35e-06 2.85e-06 1.9e-06 3e-06 2.2e-06 1.45e-06 2.75e-06 1.5e-06 2.4e-06 8.5e-07 1.55e-06 1.55e-06 1.1e-06 1.25e-06 1.2e-06 2.15e-06 1.15e-06 9e-07 3.05e-06 1.05e-06 1.1e-06 1.85e-06 8e-07 2.45e-06 9.5e-07 2.3e-06 1.6e-06 1.7e-06 2.35e-06 1.5e-06 1.75e-06 2.8e-06
16 2.35e-06 1.75e-06 2.2e-06 2.8e-06 1.6e-06 2.25e-06 1.8e-06 2.7e-06 1.8e-06 2.45e-06 1.9e-06 2.85e-06 2.85e-06 2.2e-06 2.1e-06 2.15e-06 2.2e-06 2.45e-06 1.9e-06 2.2e-06 2.4e-06 1.85e-06 2.2e-06 1.7e-06 3.2e-06 1.7e-06 2.25e-06 1.8e-06 1.5e-06 1.7e-06 1.85e-06 2.35e-06 2.45e-06 2.25e-06 1.85e-06 1.75e-06 1.95e-06 1.75e-06 1.65e-06 2.4e-06 1.75e-06 2.3e-06 1.8e-06 2.4e-06 2.15e-06 2.3e-06 2.2e-06 1.6e-06 2.6e-06 2.9e-06
17 2.6e-06 2.25e-06 2.4e-06 2.75e-06 2.3e-06 2.75e-06 2.05e-06 2e-06 1.95e-06 2.5e-06 2.3e-06 2.45e-06 2.8e-06 2.4e-06 2.55e-06 2.1e-06 2.45e-06 3.5e-06 2.75e-06 2.1e-06 2.65e-06 3e-06 2.75e-06 2.2e-06 3.25e-06 2.3e-06 2.6e-06 2.2e-06 2.4e-06 2.35e-06 2.05e-06 2.25e-06 2.25e-06 2.85e-06 2.25e-06 2.15e-06 2.2e-06 2.2e-06 2e-06 2.4e-06 2.15e-06 2.65e-06 2e-06 2.8e-06 2.55e-06 2.6e-06 2.85e-06 2.3e-06 2.35e-06 2.95e-06
18 2.1e-06 2.25e-06 2.45e-06 3.1e-06 2.05e-06 2.55e-06 2.15e-06 3.05e-06 2.25e-06 2.75e-06 2.3e-06 2.7e-06 3.15e-06 2.45e-06 2.5e-06 2.35e-06 1.9e-06 2.75e-06 3.3e-06 2.7e-06 2.4e-06 2.35e-06 2.1e-06 2.2e-06 2.85e-06 2.1e-06 2.7e-06 2.15e-06 1.95e-06 2.2e-06 2.45e-06 2.6e-06 2.7e-06 2.1e-06 2.25e-06 2.1e-06 2.5e-06 2.2e-06 2e-06 2.8e-06 2.1e-06 2.75e-06 2.25e-06 2.5e-06 2.4e-06 2.65e-06 2.6e-06 2.1e-06 2.85e-06 2.8e-06
19 3.25e-06 2.1e-06 2.85e-06 3.4e-06 2.3e-06 2.9e-06 2.1e-06 2.2e-06 2.5e-06 3.15e-06 2.7e-06 2.7e-06 3.5e-06 2.85e-06 2.55e-06 2.85e-06 2.2e-06 2.1e-06 2.7e-06 3.2e-06 3.2e-06 2.45e-06 2.7e-06 2.1e-06 3.9e-06 2.35e-06 2.55e-06 2.65e-06 2.35e-06 2.15e-06 2.55e-06 3e-06 2.95e-06 3.3e-06 2.65e-06 2.7e-06 1.75e-06 2.7e-06 2.55e-06 3e-06 2.6e-06 2.6e-06 2.6e-06 3.25e-06 3e-06 3.05e-06 2.8e-06 2.05e-06 3.1e-06 3.25e-06
20 1.6e-06 2.3e-06 2.05e-06 2.35e-06 2.25e-06 2.65e-06 2.15e-06 3e-06 1.75e-06 2.35e-06 2e-06 2.55e-06 2.6e-06 2.05e-06 2.5e-06 1.9e-06 2.4e-06 2.65e-06 2.4e-06 3.2e-06 2.9e-06 3.1e-06 2.05e-06 2.25e-06 2.3e-06 2.3e-06 2.75e-06 1.85e-06 2.3e-06 2.35e-06 1.6e-06 2e-06 2.05e-06 1.65e-06 1.95e-06 1.8e-06 3.2e-06 1.8e-06 1.85e-06 2.3e-06 1.8e-06 2.8e-06 1.7e-06 2.2e-06 2.05e-06 2.2e-06 2.7e-06 2.25e-06 2.3e-06 2.8e-06
21 2.95e-06 2.35e-06 2.8e-06 2.75e-06 2e-06 1.95e-06 2.3e-06 3.15e-06 2.8e-06 3.25e-06 2.95e-06 3.15e-06 3.15e-06 2.8e-06 2.15e-06 3e-06 1.85e-06 3e-06 2.35e-06 2.45e-06 3.1e-06 2e-06 2.45e-06 2.3e-06 3.35e-06 2.05e-06 2.7e-06 2.8e-06 1.9e-06 2.35e-06 2.9e-06 2.65e-06 2.85e-06 2.75e-06 2.9e-06 2.65e-06 2.05e-06 2.75e-06 2.8e-06 3.25e-06 2.75e-06 2.75e-06 2.65e-06 3.05e-06 2.55e-06 2.8e-06 2e-06 2.25e-06 3.35e-06 3.1e-06
22 1.9e-06 1.95e-06 2.2e-06 2.95e-06 1.95e-06 2.6e-06 1.85e-06 3.05e-06 1.95e-06 2.9e-06 2.15e-06 2.65e-06 3.3e-06 2.2e-06 2.35e-06 2.2e-06 2.2e-06 2.75e-06 2.1e-06 2.7e-06 2.05e-06 2.45e-06 3.5e-06 1.9e-06 2.7e-06 2e-06 2.7e-06 2.05e-06 2e-06 1.95e-06 2.15e-06 2.45e-06 2.4e-06 1.9e-06 2.1e-06 2.1e-06 2.7e-06 2.2e-06 2.15e-06 2.8e-06 2e-06 2.75e-06 2.1e-06 2.55e-06 2.25e-06 2.55e-06 2.55e-06 1.85e-06 2.85e-06 2.95e-06
23 2.3e-06 8e-07 1.25e-06 2.45e-06 1.3e-06 2.35e-06 8.5e-07 2.5e-06 7e-07 2.5e-06 1.1e-06 3.25e-06 3e-06 1.25e-06 1.65e-06 1.45e-06 1.7e-06 2.2e-06 2.2e-06 2.1e-06 2.25e-06 2.3e-06 1.9e-06 1.4e-06 3.35e-06 1.35e-06 2.05e-06 1.2e-06 1.55e-06 8e-07 1.05e-06 1.75e-06 1.5e-06 2.5e-06 1.05e-06 1.45e-06 2.45e-06 1.6e-06 1.35e-06 2.05e-06 1.15e-06 2.1e-06 1.25e-06 2.6e-06 1.8e-06 1.85e-06 2e-06 7.5e-07 2.25e-06 3.05e-06
24 2.05e-06 3.4e-06 2.7e-06 2.35e-06 3.1e-06 2.95e-06 3.2e-06 3.35e-06 2.8e-06 2.7e-06 2.95e-06 2.75e-06 2.6e-06 2.7e-06 3.1e-06 2.75e-06 3.2e-06 3.25e-06 2.85e-06 3.9e-06 2.3e-06 3.35e-06 2.7e-06 3.35e-06 2.8e-06 3.1e-06 3.3e-06 2.8e-06 3e-06 3.5e-06 2.9e-06 2.5e-06 2.7e-06 2e-06 2.9e-06 2.55e-06 3.65e-06 2.65e-06 2.7e-06 2.8e-06 2.75e-06 3.35e-06 2.7e-06 1.9e-06 2.4e-06 2.6e-06 3.2e-06 3.4e-06 2.75e-06 2.95e-06
25 2.1e-06 1.4e-06 1.7e-06 2.65e-06 1.35e-06 2.2e-06 1.3e-06 2.65e-06 1.3e-06 2.5e-06 1.6e-06 3e-06 3e-06 1.7e-06 1.95e-06 1.5e-06 1.7e-06 2.3e-06 2.1e-06 2.35e-06 2.3e-06 2.05e-06 2e-06 1.35e-06 3.1e-06 2.6e-06 2.35e-06 1.5e-06 1.45e-06 1.4e-06 1.6e-06 1.95e-06 1.85e-06 2.25e-06 1.55e-06 1.6e-06 2.3e-06 1.75e-06 1.6e-06 2.35e-06 1.45e-06 2.4e-06 1.55e-06 2.5e-06 1.9e-06 2.15e-06 2.15e-06 1.35e-06 2.4e-06 3e-06
26 2.85e-06 2.1e-06 2.2e-06 2.6e-06 2.3e-06 2.7e-06 2.05e-06 2.55e-06 2.05e-06 2.15e-06 2.25e-06 3.25e-06 2.3e-06 2.2e-06 2.3e-06 2.4e-06 2.25e-06 2.6e-06 2.7e-06 2.55e-06 2.75e-06 2.7e-06 2.7e-06 2.05e-06 3.3e-06 2.35e-06 3.9e-06 2.2e-06 2.35e-06 2.1e-06 2.05e-06 2.35e-06 2.3e-06 3e-06 2.2e-06 2.25e-06 2.7e-06 2.25e-06 2.15e-06 2e-06 2.15e-06 2e-06 2.15e-06 2.85e-06 2.45e-06 2.45e-06 2.6e-06 2e-06 2.1e-06 2.9e-06
27 1.55e-06 1.25e-06 9.5e-07 2.05e-06 1.35e-06 2.1e-06 1.15e-06 2.5e-06 7.5e-07 1.75e-06 9e-07 3.1e-06 2.4e-06 9.5e-07 1.75e-06 8.5e-07 1.8e-06 2.2e-06 2.15e-06 2.65e-06 1.85e-06 2.8e-06 2.05e-06 1.2e-06 2.8e-06 1.5e-06 2.2e-06 1.1e-06 1.35e-06 1.15e-06 9.5e-07 1.35e-06 1.25e-06 2.05e-06 8.5e-07 8e-07 2.85e-06 9e-07 1.05e-06 1.8e-06 5.5e-07 2.25e-06 9e-07 2.15e-06 1.45e-06 1.45e-06 2.1e-06 1.05e-06 1.85e-06 2.85e-06
28 1.85e-06 1.6e-06 1.85e-06 2.7e-06 1.3e-06 1.9e-06 1.5e-06 2.7e-06 1.6e-06 2.2e-06 1.7e-06 2.9e-06 2.9e-06 1.85e-06 1.95e-06 1.55e-06 1.5e-06 2.4e-06 1.95e-06 2.35e-06 2.3e-06 1.9e-06 2e-06 1.55e-06 3e-06 1.45e-06 2.35e-06 1.35e-06 2.2e-06 1.55e-06 1.8e-06 2.05e-06 2.1e-06 2.1e-06 1.65e-06 1.35e-06 2.15e-06 1.4e-06 1.65e-06 2.45e-06 1.3e-06 2.4e-06 1.6e-06 2.35e-06 1.9e-06 2.15e-06 2.15e-06 1.45e-06 2.5e-06 2.9e-06
29 2.4e-06 8.5e-07 1.2e-06 2.6e-06 1.3e-06 2.45e-06 9e-07 2.6e-06 8.5e-07 2.6e-06 1.1e-06 3.4e-06 3.15e-06 1.2e-06 1.7e-06 1.55e-06 1.7e-06 2.35e-06 2.2e-06 2.15e-06 2.35e-06 2.35e-06 1.95e-06 8e-07 3.5e-06 1.4e-06 2.1e-06 1.15e-06 1.55e-06 1.3e-06 1.15e-06 1.9e-06 1.6e-06 2.6e-06 1.05e-06 1.55e-06 2.5e-06 1.65e-06 1.45e-06 2.2e-06 1.1e-06 2.15e-06 1.35e-06 2.7e-06 1.85e-06 1.85e-06 2e-06 6.5e-07 2.4e-06 3.2e-06
30 1.95e-06 1.1e-06 1.05e-06 1.8e-06 1.55e-06 2.35e-06 1.1e-06 2.4e-06 4.5e-07 1.9e-06 9e-07 3.1e-06 2.25e-06 1.05e-06 1.75e-06 1.1e-06 1.85e-06 2.05e-06 2.45e-06 2.55e-06 1.6e-06 2.9e-06 2.15e-06 1.05e-06 2.9e-06 1.6e-06 2.05e-06 9.5e-07 1.8e-06 1.15e-06 9e-07 1.25e-06 1.1e-06 2.2e-06 8.5e-07 1.1e-06 2.9e-06 1.15e-06 1e-06 1.5e-06 9e-07 2.1e-06 8e-07 2.2e-06 1.55e-06 1.45e-06 2.1e-06 1.1e-06 1.65e-06 2.85e-06
31 1.9e-06 1.8e-06 1.2e-06 1.2e-06 1.95e-06 1.9e-06 1.6e-06 2.55e-06 1.1e-06 1.85e-06 1.5e-06 3.1e-06 1.7e-06 1.2e-06 1.65e-06 1.25e-06 2.35e-06 2.25e-06 2.6e-06 3e-06 2e-06 2.65e-06 2.45e-06 1.75e-06 2.5e-06 1.95e-06 2.35e-06 1.35e-06 2.05e-06 1.9e-06 1.25e-06 1.8e-06 1e-06 2.35e-06 1.45e-06 1.25e-06 3.2e-06 1.4e-06 1.4e-06 1.75e-06 1.3e-06 2.4e-06 1.05e-06 2.4e-06 1.55e-06 1.45e-06 2e-06 1.85e-06 1.7e-06 2.55e-06
32 2.05e-06 1.55e-06 9e-07 1.25e-06 1.85e-06 2.15e-06 1.35e-06 2.5e-06 9e-07 2e-06 1.35e-06 3.3e-06 2e-06 9e-07 1.7e-06 1.2e-06 2.45e-06 2.25e-06 2.7e-06 2.95e-06 2.05e-06 2.85e-06 2.4e-06 1.5e-06 2.7e-06 1.85e-06 2.3e-06 1.25e-06 2.1e-06 1.6e-06 1.1e-06 1e-06 1.4e-06 2.55e-06 1.3e-06 1.45e-06 3.3e-06 1.55e-06 1.4e-06 1.75e-06 1.2e-06 2.35e-06 1.15e-06 2.6e-06 1.5e-06 1.4e-06 2.05e-06 1.55e-06 1.7e-06 2.85e-06
33 1.4e-06 2.55e-06 2.4e-06 2.7e-06 2.2e-06 2.6e-06 2.45e-06 3.2e-06 2.05e-06 2.55e-06 2.1e-06 2.3e-06 2.9e-06 2.4e-06 2.75e-06 2.15e-06 2.25e-06 2.85e-06 2.1e-06 3.3e-06 1.65e-06 2.75e-06 1.9e-06 2.5e-06 2e-06 2.25e-06 3e-06 2.05e-06 2.1e-06 2.6e-06 2.2e-06 2.35e-06 2.55e-06 1.9e-06 2.05e-06 1.8e-06 2.95e-06 1.9e-06 2.05e-06 2.6e-06 2e-06 3.05e-06 2e-06 1.7e-06 1.8e-06 2.4e-06 2.75e-06 2.5e-06 2.65e-06 2.9e-06
34 1.9e-06 1.1e-06 1e-06 2.1e-06 1.5e-06 2.45e-06 1.15e-06 2.55e-06 5e-07 2.05e-06 5.5e-07 3.2e-06 2.55e-06 1e-06 1.85e-06 1.15e-06 1.85e-06 2.25e-06 2.25e-06 2.65e-06 1.95e-06 2.9e-06 2.1e-06 1.05e-06 2.9e-06 1.55e-06 2.2e-06 8.5e-07 1.65e-06 1.05e-06 8.5e-07 1.45e-06 1.3e-06 2.05e-06 1e-06 9.5e-07 2.9e-06 1.15e-06 1.1e-06 1.7e-06 8e-07 2.25e-06 9.5e-07 2.1e-06 1.45e-06 1.45e-06 2.15e-06 1e-06 1.9e-06 3.05e-06
35 1.4e-06 1.5e-06 1.3e-06 1.95e-06 1.5e-06 1.9e-06 1.4e-06 2.5e-06 9e-07 1.6e-06 1e-06 2.85e-06 2.1e-06 1.3e-06 1.75e-06 9e-07 1.75e-06 2.15e-06 2.1e-06 2.7e-06 1.8e-06 2.65e-06 2.1e-06 1.45e-06 2.55e-06 1.6e-06 2.25e-06 8e-07 1.35e-06 1.55e-06 1.1e-06 1.25e-06 1.45e-06 1.8e-06 9.5e-07 1e-06 2.75e-06 8e-07 1.05e-06 1.75e-06 7.5e-07 2.3e-06 8.5e-07 1.9e-06 1.45e-06 1.55e-06 2.15e-06 1.45e-06 1.8e-06 2.55e-06
36 3.1e-06 2.5e-06 3.2e-06 3.55e-06 2.25e-06 2.75e-06 2.45e-06 2.3e-06 2.85e-06 3.15e-06 2.95e-06 2.45e-06 3.5e-06 3.2e-06 2.75e-06 3.05e-06 1.95e-06 2.2e-06 2.5e-06 1.75e-06 3.2e-06 2.05e-06 2.7e-06 2.45e-06 3.65e-06 2.3e-06 2.7e-06 2.85e-06 2.15e-06 2.5e-06 2.9e-06 3.2e-06 3.3e-06 2.95e-06 2.9e-06 2.75e-06 2.9e-06 2.75e-06 2.7e-06 3.15e-06 2.8e-06 2.75e-06 2.8e-06 3e-06 3e-06 3.2e-06 2.8e-06 2.4e-06 3.25e-06 3.2e-06
37 1.5e-06 1.65e-06 1.45e-06 1.9e-06 1.6e-06 1.95e-06 1.55e-06 2.55e-06 1.1e-06 1.55e-06 1.2e-06 2.85e-06 2.1e-06 1.45e-06 1.85e-06 1.05e-06 1.75e-06 2.2e-06 2.2e-06 2.7e-06 1.8e-06 2.75e-06 2.2e-06 1.6e-06 2.65e-06 1.75e-06 2.25e-06 9e-07 1.4e-06 1.65e-06 1.15e-06 1.4e-06 1.55e-06 1.9e-06 1.15e-06 8e-07 2.75e-06 1.2e-06 1.2e-06 1.8e-06 8.5e-07 2.3e-06 9.5e-07 2e-06 1.6e-06 1.55e-06 2.25e-06 1.55e-06 1.85e-06 2.7e-06
38 1.75e-06 1.4e-06 1.3e-06 2.1e-06 1.55e-06 2.25e-06 1.3e-06 2.4e-06 8e-07 1.8e-06 1.15e-06 2.85e-06 2.25e-06 1.3e-06 1.9e-06 1.1e-06 1.65e-06 2e-06 2e-06 2.55e-06 1.85e-06 2.8e-06 2.15e-06 1.35e-06 2.7e-06 1.6e-06 2.15e-06 1.05e-06 1.65e-06 1.45e-06 1e-06 1.4e-06 1.4e-06 2.05e-06 1.1e-06 1.05e-06 2.7e-06 1.2e-06 1.6e-06 1.65e-06 1e-06 2.2e-06 1e-06 2.1e-06 1.6e-06 1.7e-06 2.25e-06 1.4e-06 1.7e-06 2.65e-06
39 2.4e-06 2.1e-06 1.8e-06 2.05e-06 2.35e-06 2.7e-06 2.05e-06 2.45e-06 1.4e-06 1.65e-06 1.75e-06 3.15e-06 1.75e-06 1.8e-06 2.35e-06 1.85e-06 2.4e-06 2.4e-06 2.8e-06 3e-06 2.3e-06 3.25e-06 2.8e-06 2.05e-06 2.8e-06 2.35e-06 2e-06 1.8e-06 2.45e-06 2.2e-06 1.5e-06 1.75e-06 1.75e-06 2.6e-06 1.7e-06 1.75e-06 3.15e-06 1.8e-06 1.65e-06 2.8e-06 1.75e-06 2.05e-06 1.6e-06 2.4e-06 2.05e-06 2e-06 2.65e-06 2.15e-06 1.5e-06 2.75e-06
40 1.5e-06 1.2e-06 9e-07 2e-06 1.3e-06 2.05e-06 1.1e-06 2.45e-06 7e-07 1.7e-06 8.5e-07 3.05e-06 2.35e-06 9e-07 1.7e-06 8e-07 1.75e-06 2.15e-06 2.1e-06 2.6e-06 1.8e-06 2.75e-06 2e-06 1.15e-06 2.75e-06 1.45e-06 2.15e-06 5.5e-07 1.3e-06 1.1e-06 9e-07 1.3e-06 1.2e-06 2e-06 8e-07 7.5e-07 2.8e-06 8.5e-07 1e-06 1.75e-06 1e-06 2.2e-06 8.5e-07 2.1e-06 1.4e-06 1.4e-06 2.05e-06 1e-06 1.8e-06 2.8e-06
41 2.9e-06 2.15e-06 2.25e-06 2.65e-06 2.35e-06 2.75e-06 2.1e-06 2.6e-06 2.1e-06 2.2e-06 2.3e-06 3.3e-06 2.35e-06 2.25e-06 2.35e-06 2.45e-06 2.3e-06 2.65e-06 2.75e-06 2.6e-06 2.8e-06 2.75e-06 2.75e-06 2.1e-06 3.35e-06 2.4e-06 2e-06 2.25e-06 2.4e-06 2.15e-06 2.1e-06 2.4e-06 2.35e-06 3.05e-06 2.25e-06 2.3e-06 2.75e-06 2.3e-06 2.2e-06 2.05e-06 2.2e-06 4e-06 2.2e-06 2.9e-06 2.5e-06 2.5e-06 2.65e-06 2.05e-06 2.15e-06 2.95e-06
42 1.65e-06 1.3e-06 1.15e-06 1.75e-06 1.5e-06 2e-06 1.2e-06 2.4e-06 6.5e-07 1.75e-06 1e-06 2.9e-06 2e-06 1.15e-06 1.6e-06 9.5e-07 1.8e-06 2e-06 2.25e-06 2.6e-06 1.7e-06 2.65e-06 2.1e-06 1.25e-06 2.7e-06 1.55e-06 2.15e-06 9e-07 1.6e-06 1.35e-06 8e-07 1.05e-06 1.15e-06 2e-06 9.5e-07 8.5e-07 2.8e-06 9.5e-07 1e-06 1.6e-06 8.5e-07 2.2e-06 1.3e-06 2.1e-06 1.5e-06 1.45e-06 2e-06 1.3e-06 1.65e-06 2.55e-06
43 2.05e-06 2.65e-06 2.45e-06 2.55e-06 2.45e-06 2.8e-06 2.6e-06 2.95e-06 2.1e-06 2.4e-06 2.15e-06 2.75e-06 2.7e-06 2.45e-06 2.85e-06 2.3e-06 2.4e-06 2.8e-06 2.5e-06 3.25e-06 2.2e-06 3.05e-06 2.55e-06 2.6e-06 1.9e-06 2.5e-06 2.85e-06 2.15e-06 2.35e-06 2.7e-06 2.2e-06 2.4e-06 2.6e-06 1.7e-06 2.1e-06 1.9e-06 3e-06 2e-06 2.1e-06 2.4e-06 2.1e-06 2.9e-06 2.1e-06 2.6e-06 2e-06 2.3e-06 2.9e-06 2.6e-06 2.5e-06 2.95e-06
44 1.9e-06 1.85e-06 1.3e-06 1.75e-06 1.85e-06 2.2e-06 1.75e-06 2.75e-06 1.35e-06 2.15e-06 1.5e-06 3.05e-06 2.25e-06 1.3e-06 1.95e-06 1.6e-06 2.15e-06 2.55e-06 2.4e-06 3e-06 2.05e-06 2.55e-06 2.25e-06 1.8e-06 2.4e-06 1.9e-06 2.45e-06 1.45e-06 1.9e-06 1.85e-06 1.55e-06 1.55e-06 1.5e-06 1.8e-06 1.45e-06 1.45e-06 3e-06 1.6e-06 1.6e-06 2.05e-06 1.4e-06 2.5e-06 1.5e-06 2e-06 2.5e-06 1.65e-06 2.15e-06 1.75e-06 2.1e-06 2.95e-06
45 2.2e-06 1.9e-06 1.3e-06 1.25e-06 2.1e-06 2.3e-06 1.85e-06 2.75e-06 1.35e-06 2.15e-06 1.5e-06 3.3e-06 2.15e-06 1.3e-06 1.95e-06 1.7e-06 2.3e-06 2.6e-06 2.65e-06 3.05e-06 2.2e-06 2.8e-06 2.55e-06 1.85e-06 2.6e-06 2.15e-06 2.45e-06 1.45e-06 2.15e-06 1.85e-06 1.45e-06 1.45e-06 1.4e-06 2.4e-06 1.45e-06 1.55e-06 3.2e-06 1.55e-06 1.7e-06 2e-06 1.4e-06 2.5e-06 1.45e-06 2.3e-06 1.65e-06 2.5e-06 2.15e-06 1.75e-06 2.1e-06 3e-06
46 2.7e-06 2.05e-06 1.95e-06 2.15e-06 2.1e-06 2.15e-06 2e-06 3e-06 2e-06 2.8e-06 2.2e-06 3.4e-06 2.7e-06 1.95e-06 2e-06 2.35e-06 2.2e-06 2.85e-06 2.6e-06 2.8e-06 2.7e-06 2e-06 2.55e-06 2e-06 3.2e-06 2.15e-06 2.6e-06 2.1e-06 2.15e-06 2e-06 2.1e-06 2e-06 2.05e-06 2.75e-06 2.15e-06 2.15e-06 2.8e-06 2.25e-06 2.25e-06 2.65e-06 2.05e-06 2.65e-06 2e-06 2.9e-06 2.15e-06 2.15e-06 3.8e-06 1.9e-06 2.75e-06 3.1e-06
47 2.3e-06 8e-07 1.1e-06 2.5e-06 1.25e-06 2.35e-06 8.5e-07 2.5e-06 8.5e-07 2.5e-06 1.05e-06 3.3e-06 3.05e-06 1.1e-06 1.6e-06 1.5e-06 1.6e-06 2.3e-06 2.1e-06 2.05e-06 2.25e-06 2.25e-06 1.85e-06 7.5e-07 3.4e-06 1.35e-06 2e-06 1.05e-06 1.45e-06 6.5e-07 1.1e-06 1.85e-06 1.55e-06 2.5e-06 1e-06 1.45e-06 2.4e-06 1.55e-06 1.4e-06 2.15e-06 1e-06 2.05e-06 1.3e-06 2.6e-06 1.75e-06 1.75e-06 1.9e-06 1.1e-06 2.35e-06 3.1e-06
48 2.3e-06 2.3e-06 1.85e-06 2.05e-06 2.4e-06 2.65e-06 2.1e-06 2.45e-06 1.6e-06 1.6e-06 1.95e-06 3.1e-06 1.7e-06 1.85e-06 2.4e-06 1.75e-06 2.6e-06 2.35e-06 2.85e-06 3.1e-06 2.3e-06 3.35e-06 2.85e-06 2.25e-06 2.75e-06 2.4e-06 2.1e-06 1.85e-06 2.5e-06 2.4e-06 1.65e-06 1.7e-06 1.7e-06 2.65e-06 1.9e-06 1.8e-06 3.25e-06 1.85e-06 1.7e-06 1.5e-06 1.8e-06 2.15e-06 1.65e-06 2.5e-06 2.1e-06 2.1e-06 2.75e-06 2.35e-06 2.8e-06 2.7e-06
49 2.65e-06 3.1e-06 2.95e-06 2.85e-06 3e-06 2.85e-06 2.9e-06 3e-06 2.85e-06 2.65e-06 3.1e-06 3e-06 2.55e-06 2.95e-06 2.8e-06 2.8e-06 2.9e-06 2.95e-06 2.8e-06 3.25e-06 2.8e-06 3.1e-06 2.95e-06 3.05e-06 2.95e-06 3e-06 2.9e-06 2.85e-06 2.9e-06 3.2e-06 2.85e-06 2.55e-06 2.85e-06 2.9e-06 3.05e-06 2.55e-06 3.2e-06 2.7e-06 2.65e-06 2.75e-06 2.8e-06 2.95e-06 2.55e-06 2.95e-06 2.95e-06 3e-06 3.1e-06 3.1e-06 2.7e-06 4.1e-06
