 slim_762386598 slim_762386657 slim_762386651 slim_762386637 slim_762386622 slim_762386602 slim_762386644 slim_762386623 slim_762386650 slim_762386608 slim_762386628 slim_762386612 slim_762386646 slim_762386599 slim_762386641 slim_762386642 slim_762386636 slim_762386647 slim_762386601 slim_762386609 slim_762386640 slim_762386620 slim_762386649 slim_762386627 slim_762386658 slim_762386621 slim_762386656 slim_762386638 slim_762386615 slim_762386632 slim_762386624 slim_762386614 slim_762386654 slim_762386626 slim_762386616 slim_762386639 slim_762386610 slim_762386643 slim_762386611 slim_762386648 slim_762386653 slim_762386613 slim_762386625 slim_762386652 slim_762386634 slim_762386629 slim_762386607 slim_762386603 slim_762386619 slim_762386635 slim_762386630 slim_762386600 slim_762386633 slim_762386617 slim_762386606 slim_762386645 slim_762386618 slim_762386604 slim_762386631 slim_762386605 slim_762386655
0 1.7e-06 3.2e-06 3e-06 2.4e-06 1.7e-06 2.6e-06 2.45e-06 1.7e-06 1.35e-06 3.95e-06 2.45e-06 1.8e-06 2.7e-06 1.55e-06 2.5e-06 1.55e-06 2.3e-06 1.15e-06 3.2e-06 1.75e-06 2.1e-06 1.3e-06 2.25e-06 2.75e-06 3.3e-06 1.5e-06 3.1e-06 2.55e-06 2.05e-06 1.85e-06 3.85e-06 3.85e-06 2.85e-06 2.45e-06 2.6e-06 2.1e-06 3.5e-06 2.65e-06 1.8e-06 2.75e-06 3.05e-06 2.5e-06 2e-06 3.25e-06 1.85e-06 2.1e-06 2.65e-06 2.95e-06 1.5e-06 1.8e-06 1.8e-06 2.7e-06 3.5e-06 2.6e-06 2.1e-06 3.8e-06 3.4e-06 2.6e-06 4.55e-06 1.8e-06 2.25e-06
1 3.2e-06 4.3e-06 3.15e-06 2.6e-06 2.85e-06 2.85e-06 3.1e-06 2.95e-06 3.15e-06 3.15e-06 3.2e-06 2.8e-06 3.4e-06 2.6e-06 3.05e-06 2.75e-06 2.4e-06 3.05e-06 3.05e-06 2.8e-06 2.55e-06 3.2e-06 3e-06 3.05e-06 2.85e-06 2.9e-06 2.95e-06 3.05e-06 2.8e-06 2.8e-06 3.25e-06 3.25e-06 2.9e-06 3.25e-06 3.05e-06 2.95e-06 2.6e-06 3.15e-06 3.25e-06 2.75e-06 2.8e-06 3e-06 2.9e-06 2.6e-06 3e-06 2.55e-06 3e-06 2.4e-06 2.9e-06 2.7e-06 2.85e-06 3.15e-06 2.75e-06 3.05e-06 3e-06 3.2e-06 3.2e-06 2.75e-06 3.05e-06 2.9e-06 2.75e-06
2 3e-06 3.15e-06 4.1e-06 2.35e-06 3.45e-06 2.35e-06 2.85e-06 2.1e-06 2.95e-06 3.3e-06 2.9e-06 2.75e-06 3.3e-06 3.1e-06 3.2e-06 2.15e-06 3.2e-06 2.95e-06 2.85e-06 2.7e-06 2.95e-06 2.8e-06 3.3e-06 3.15e-06 3e-06 2.9e-06 2.75e-06 2.75e-06 3.05e-06 2.35e-06 3.35e-06 2.75e-06 2.7e-06 2.7e-06 3.05e-06 2.85e-06 3.4e-06 2.85e-06 3.1e-06 3.35e-06 3.5e-06 2.45e-06 2.45e-06 2.8e-06 2.6e-06 2.95e-06 3.2e-06 3.15e-06 2.9e-06 2.45e-06 2.75e-06 3.05e-06 3.45e-06 3.05e-06 2.95e-06 3.3e-06 3.2e-06 2.7e-06 3.25e-06 2.9e-06 2.45e-06
3 2.4e-06 2.6e-06 2.35e-06 2.5e-06 2.9e-06 1.55e-06 2.75e-06 1.6e-06 2.75e-06 3.4e-06 2.55e-06 1.9e-06 3.35e-06 2.65e-06 2.95e-06 1.35e-06 2.45e-06 2.35e-06 2.5e-06 2.15e-06 2.35e-06 2.05e-06 3e-06 2.85e-06 2.5e-06 2e-06 2.4e-06 2.35e-06 2.35e-06 1.8e-06 3.45e-06 3.1e-06 2.35e-06 2.65e-06 2.9e-06 2.45e-06 3.25e-06 2.45e-06 2.85e-06 3.15e-06 3.3e-06 2.5e-06 1.8e-06 2.95e-06 1.6e-06 2.35e-06 3.2e-06 2.25e-06 2e-06 1.45e-06 2.2e-06 2.45e-06 3.3e-06 2.9e-06 1.9e-06 3.4e-06 3.35e-06 1.4e-06 3.35e-06 2.1e-06 2.1e-06
4 1.7e-06 2.85e-06 3.45e-06 2.9e-06 2.7e-06 3.15e-06 2.8e-06 2.25e-06 2.05e-06 4e-06 2.75e-06 2.6e-06 3.05e-06 1.75e-06 2.95e-06 2.05e-06 2.1e-06 1.8e-06 3.45e-06 2.2e-06 1.8e-06 1.75e-06 2.3e-06 3e-06 3.7e-06 2.15e-06 3.35e-06 3e-06 2.65e-06 2.6e-06 3.9e-06 4.2e-06 3.1e-06 2.8e-06 3.15e-06 2.35e-06 2.95e-06 3.1e-06 2.5e-06 2.35e-06 2.7e-06 3.2e-06 2.65e-06 2.85e-06 2.5e-06 1.8e-06 2.9e-06 2.65e-06 2.15e-06 2.3e-06 2.25e-06 3.3e-06 3.05e-06 3.15e-06 2.6e-06 3.85e-06 3.65e-06 3.25e-06 4.55e-06 2.55e-06 2.25e-06
5 2.6e-06 2.85e-06 2.35e-06 1.55e-06 3.15e-06 2.9e-06 2.7e-06 1.6e-06 3e-06 3.4e-06 2.85e-06 2.15e-06 3.65e-06 2.9e-06 3.2e-06 1.75e-06 2.7e-06 2.65e-06 2.7e-06 2.45e-06 2.7e-06 2.35e-06 3.3e-06 3e-06 2.6e-06 2.25e-06 2.6e-06 2.7e-06 2.55e-06 1.95e-06 3.55e-06 3.45e-06 2.55e-06 2.55e-06 3.15e-06 2.8e-06 3.4e-06 2.8e-06 3.15e-06 3.4e-06 3.6e-06 2.8e-06 1.7e-06 3.3e-06 1.9e-06 2.7e-06 3.45e-06 2.5e-06 2.25e-06 1.75e-06 2.5e-06 2.7e-06 3.45e-06 3.15e-06 2.1e-06 3.5e-06 3.65e-06 1.6e-06 3.35e-06 2.35e-06 2.1e-06
6 2.45e-06 3.1e-06 2.85e-06 2.75e-06 2.8e-06 2.7e-06 2.4e-06 2.1e-06 2.25e-06 1.85e-06 3.1e-06 2.45e-06 3.15e-06 2.3e-06 3.2e-06 2.2e-06 2.55e-06 2.45e-06 2.45e-06 2.3e-06 2.55e-06 2.6e-06 2.8e-06 2.45e-06 2.35e-06 2.4e-06 2.35e-06 3e-06 2.4e-06 2.55e-06 3.1e-06 3.75e-06 2.1e-06 2.85e-06 2.7e-06 2.55e-06 2.55e-06 3.1e-06 2.45e-06 3.05e-06 3.3e-06 2.85e-06 2.2e-06 3.15e-06 2.4e-06 2.55e-06 3e-06 3.1e-06 2.4e-06 2.3e-06 2.35e-06 3.05e-06 2.6e-06 2.7e-06 3.1e-06 3.05e-06 3.65e-06 2.85e-06 2.4e-06 2.45e-06 2.35e-06
7 1.7e-06 2.95e-06 2.1e-06 1.6e-06 2.25e-06 1.6e-06 2.1e-06 9e-07 2.1e-06 3.8e-06 2.4e-06 1.65e-06 3.4e-06 2.1e-06 3.1e-06 5.5e-07 2.05e-06 1.65e-06 2.6e-06 1.6e-06 1.7e-06 1.25e-06 2.5e-06 2.95e-06 2.85e-06 1.45e-06 2.5e-06 2.35e-06 2.05e-06 1.6e-06 4.2e-06 3.95e-06 2.25e-06 2.2e-06 3.1e-06 1.9e-06 3.5e-06 2.45e-06 2.35e-06 3.15e-06 3.45e-06 2.65e-06 9.5e-07 3.15e-06 1.1e-06 1.7e-06 3.4e-06 2.75e-06 1.45e-06 1e-06 1.65e-06 2.75e-06 3.55e-06 3.1e-06 2.25e-06 4.15e-06 4.1e-06 2.05e-06 4.35e-06 1.65e-06 1.15e-06
8 1.35e-06 3.15e-06 2.95e-06 2.75e-06 2.05e-06 3e-06 2.25e-06 2.1e-06 1.8e-06 3.45e-06 2.4e-06 1.95e-06 1.9e-06 1.55e-06 2.2e-06 1.9e-06 2.35e-06 1.25e-06 3.1e-06 1.75e-06 2.2e-06 1.9e-06 2.15e-06 2.55e-06 3.15e-06 1.7e-06 3e-06 2.4e-06 2e-06 2.1e-06 3.35e-06 3.25e-06 2.75e-06 2.45e-06 2.3e-06 1.95e-06 3.15e-06 2.5e-06 1.5e-06 2.45e-06 2.65e-06 2.25e-06 2.35e-06 2.9e-06 2.3e-06 2.2e-06 2.1e-06 3.05e-06 1.7e-06 2.2e-06 1.8e-06 2.65e-06 3.2e-06 2.3e-06 2.7e-06 3.3e-06 2.7e-06 3.05e-06 4e-06 1.95e-06 2.4e-06
9 3.95e-06 3.15e-06 3.3e-06 3.4e-06 4e-06 3.4e-06 1.85e-06 3.8e-06 3.45e-06 1.3e-06 3.8e-06 3.55e-06 3.4e-06 3.5e-06 3.6e-06 3.85e-06 3.55e-06 3.95e-06 2.4e-06 3.65e-06 3.8e-06 4.2e-06 3.9e-06 2.4e-06 2.05e-06 3.8e-06 2.3e-06 3.6e-06 3.5e-06 3.45e-06 2.1e-06 3.1e-06 2.25e-06 3.6e-06 2.75e-06 3.7e-06 2.1e-06 3.7e-06 3.55e-06 3.35e-06 3.5e-06 3.15e-06 3.65e-06 3.15e-06 3.75e-06 3.8e-06 3.2e-06 3.35e-06 3.8e-06 3.65e-06 3.7e-06 3.35e-06 2.1e-06 2.75e-06 3.7e-06 2.05e-06 3.1e-06 3.2e-06 6.5e-07 3.7e-06 3.8e-06
10 2.45e-06 3.2e-06 2.9e-06 2.55e-06 2.75e-06 2.85e-06 3.1e-06 2.4e-06 2.4e-06 3.8e-06 4.1e-06 2.8e-06 2.55e-06 2.75e-06 2.8e-06 2.15e-06 3.1e-06 2.35e-06 2.95e-06 2.5e-06 2.7e-06 2.35e-06 3.15e-06 2.9e-06 3.4e-06 2.55e-06 3e-06 2.45e-06 3e-06 2.3e-06 2.95e-06 2.95e-06 2.95e-06 2.35e-06 3.05e-06 2.6e-06 3.4e-06 2.55e-06 2.75e-06 2.5e-06 2.95e-06 2.8e-06 2.9e-06 3.05e-06 2.6e-06 2.55e-06 2.7e-06 3.1e-06 2.55e-06 2.6e-06 2.55e-06 2.9e-06 3.45e-06 3.05e-06 2.7e-06 2.9e-06 2.6e-06 3.05e-06 3.75e-06 2.95e-06 2.7e-06
11 1.8e-06 2.8e-06 2.75e-06 1.9e-06 2.6e-06 2.15e-06 2.45e-06 1.65e-06 1.95e-06 3.55e-06 2.8e-06 2.1e-06 3.1e-06 2.05e-06 2.65e-06 1.45e-06 2e-06 1.55e-06 2.85e-06 1.9e-06 2.25e-06 1.95e-06 2.5e-06 2.9e-06 2.5e-06 1.5e-06 2.75e-06 2.5e-06 1.75e-06 1.85e-06 3.95e-06 3.6e-06 2.65e-06 2.85e-06 2.7e-06 2.2e-06 3.4e-06 2.6e-06 1.95e-06 3.25e-06 3.25e-06 2.45e-06 1.5e-06 3.2e-06 1.6e-06 2.25e-06 3.15e-06 2.7e-06 1.5e-06 1.5e-06 1.95e-06 2.5e-06 3.45e-06 2.7e-06 2.35e-06 3.9e-06 3.7e-06 1.95e-06 3.95e-06 1.25e-06 2.2e-06
12 2.7e-06 3.4e-06 3.3e-06 3.35e-06 3.05e-06 3.65e-06 3.15e-06 3.4e-06 1.9e-06 3.4e-06 2.55e-06 3.1e-06 2.9e-06 2.7e-06 2.1e-06 3.15e-06 3.4e-06 2.45e-06 3.4e-06 2.75e-06 3.2e-06 3.15e-06 3.15e-06 2.8e-06 3.5e-06 2.95e-06 3.3e-06 2.35e-06 3.05e-06 2.8e-06 2.55e-06 2.2e-06 3.25e-06 2.65e-06 2.45e-06 2.45e-06 3.2e-06 2.4e-06 2.15e-06 2.35e-06 2.3e-06 2.65e-06 3.7e-06 2.95e-06 3.6e-06 3.2e-06 2.1e-06 3.4e-06 2.95e-06 3.45e-06 2.8e-06 2.6e-06 3.25e-06 2.45e-06 3.3e-06 2.5e-06 1.6e-06 3.7e-06 3.35e-06 3.25e-06 3.45e-06
13 1.55e-06 2.6e-06 3.1e-06 2.65e-06 1.75e-06 2.9e-06 2.3e-06 2.1e-06 1.55e-06 3.5e-06 2.75e-06 2.05e-06 2.7e-06 2e-06 2.35e-06 1.9e-06 1.9e-06 1.55e-06 3.1e-06 1.65e-06 1.7e-06 2.1e-06 1.75e-06 2.8e-06 3.2e-06 2e-06 3e-06 2.6e-06 1.95e-06 2.15e-06 3.7e-06 3.6e-06 2.75e-06 2.8e-06 2.4e-06 2.05e-06 2.65e-06 2.7e-06 1.75e-06 2.35e-06 2.35e-06 2.45e-06 2.4e-06 2.55e-06 2.3e-06 1.7e-06 2.4e-06 2.45e-06 2e-06 2.15e-06 1.7e-06 2.85e-06 2.7e-06 2.4e-06 2.8e-06 3.65e-06 3.3e-06 2.95e-06 4e-06 2.05e-06 2.1e-06
14 2.5e-06 3.05e-06 3.2e-06 2.95e-06 2.95e-06 3.2e-06 3.2e-06 3.1e-06 2.2e-06 3.6e-06 2.8e-06 2.65e-06 2.1e-06 2.35e-06 3.2e-06 2.9e-06 2.95e-06 2.35e-06 3.35e-06 2.4e-06 2.9e-06 3.1e-06 2.9e-06 3e-06 3.35e-06 2.85e-06 3.25e-06 2.3e-06 2.6e-06 2.3e-06 3e-06 2.35e-06 3.2e-06 2.85e-06 2.3e-06 2.2e-06 3.1e-06 2.35e-06 2.05e-06 2.5e-06 2.2e-06 2.45e-06 3.25e-06 2.85e-06 3.2e-06 2.9e-06 2.3e-06 2.95e-06 2.85e-06 2.9e-06 2.45e-06 2.4e-06 3.25e-06 2.3e-06 3.1e-06 2.95e-06 2.1e-06 3.15e-06 3.5e-06 2.75e-06 3.05e-06
15 1.55e-06 2.75e-06 2.15e-06 1.35e-06 2.05e-06 1.75e-06 2.2e-06 5.5e-07 1.9e-06 3.85e-06 2.15e-06 1.45e-06 3.15e-06 1.9e-06 2.9e-06 2e-07 1.85e-06 1.4e-06 2.45e-06 1.35e-06 1.35e-06 9e-07 2.25e-06 2.85e-06 2.8e-06 1.25e-06 2.25e-06 2e-06 1.9e-06 1.5e-06 4.15e-06 3.65e-06 2.05e-06 2.35e-06 2.9e-06 1.6e-06 3.4e-06 2.05e-06 2.1e-06 2.95e-06 3.2e-06 2.4e-06 1.1e-06 2.85e-06 8.5e-07 1.4e-06 3.2e-06 2.55e-06 1.25e-06 7.5e-07 1.4e-06 2.55e-06 3.45e-06 2.9e-06 2.1e-06 4.1e-06 3.85e-06 1.9e-06 4.4e-06 1.45e-06 1.15e-06
16 2.3e-06 2.4e-06 3.2e-06 2.45e-06 2.1e-06 2.7e-06 2.55e-06 2.05e-06 2.35e-06 3.55e-06 3.1e-06 2e-06 3.4e-06 1.9e-06 2.95e-06 1.85e-06 3.1e-06 2.15e-06 3.1e-06 2.1e-06 1.8e-06 2.3e-06 2.4e-06 3.1e-06 2.85e-06 1.95e-06 3e-06 2.95e-06 2.05e-06 2.5e-06 4.1e-06 4.1e-06 2.75e-06 3.15e-06 3.1e-06 2.25e-06 2.8e-06 3.05e-06 2.55e-06 2.8e-06 2.85e-06 3.05e-06 1.9e-06 2.8e-06 2.1e-06 1.8e-06 3.25e-06 2.4e-06 1.95e-06 1.8e-06 2.15e-06 3.05e-06 3e-06 3.1e-06 2.85e-06 4.05e-06 4.05e-06 2.6e-06 4.05e-06 1.9e-06 2e-06
17 1.15e-06 3.05e-06 2.95e-06 2.35e-06 1.8e-06 2.65e-06 2.45e-06 1.65e-06 1.25e-06 3.95e-06 2.35e-06 1.55e-06 2.45e-06 1.55e-06 2.35e-06 1.4e-06 2.15e-06 1.4e-06 3.1e-06 1.65e-06 1.9e-06 1.45e-06 2.1e-06 2.6e-06 3.25e-06 1.35e-06 3e-06 2.35e-06 2e-06 1.85e-06 3.8e-06 3.65e-06 2.75e-06 2.45e-06 2.55e-06 1.9e-06 3.35e-06 2.45e-06 1.4e-06 2.6e-06 2.8e-06 2.45e-06 2e-06 3.05e-06 1.85e-06 1.9e-06 2.5e-06 2.85e-06 1.35e-06 1.75e-06 1.7e-06 2.65e-06 3.4e-06 2.55e-06 2.35e-06 3.75e-06 3.15e-06 2.7e-06 4.5e-06 1.45e-06 2.15e-06
18 3.2e-06 3.05e-06 2.85e-06 2.5e-06 3.45e-06 2.7e-06 2.45e-06 2.6e-06 3.1e-06 2.4e-06 2.95e-06 2.85e-06 3.4e-06 3.1e-06 3.35e-06 2.45e-06 3.1e-06 3.1e-06 4.7e-06 2.9e-06 3e-06 3.05e-06 3.5e-06 2.75e-06 2.55e-06 2.95e-06 2.45e-06 2.95e-06 3.1e-06 2.6e-06 2.95e-06 3.2e-06 2.4e-06 3.1e-06 2.95e-06 3.05e-06 2.85e-06 3.05e-06 3.25e-06 3.25e-06 3.45e-06 2.9e-06 2.8e-06 3.1e-06 2.6e-06 2.85e-06 3.3e-06 3.05e-06 2.95e-06 2.6e-06 2.95e-06 3.1e-06 2.9e-06 2.95e-06 3.05e-06 2.9e-06 3.3e-06 2.7e-06 2.35e-06 3e-06 2.9e-06
19 1.75e-06 2.8e-06 2.7e-06 2.15e-06 2.2e-06 2.45e-06 2.3e-06 1.6e-06 1.75e-06 3.65e-06 2.5e-06 1.9e-06 2.75e-06 1.65e-06 2.4e-06 1.35e-06 2.1e-06 1.65e-06 2.9e-06 2.5e-06 1.85e-06 1.85e-06 2e-06 2.9e-06 3.05e-06 1.8e-06 2.8e-06 2.3e-06 1.6e-06 1.95e-06 3.8e-06 3.4e-06 2.55e-06 2.6e-06 2.65e-06 1.75e-06 3.15e-06 2.4e-06 1.85e-06 2.65e-06 2.75e-06 2.4e-06 1.95e-06 2.8e-06 1.8e-06 1.85e-06 2.35e-06 2.65e-06 1.8e-06 1.65e-06 1.3e-06 2.6e-06 3.2e-06 2.65e-06 2.6e-06 3.75e-06 3.35e-06 2.5e-06 4.15e-06 1.9e-06 1.8e-06
20 2.1e-06 2.55e-06 2.95e-06 2.35e-06 1.8e-06 2.7e-06 2.55e-06 1.7e-06 2.2e-06 3.8e-06 2.7e-06 2.25e-06 3.2e-06 1.7e-06 2.9e-06 1.35e-06 1.8e-06 1.9e-06 3e-06 1.85e-06 2.6e-06 1.85e-06 2.15e-06 3.05e-06 3.3e-06 2.05e-06 2.85e-06 2.6e-06 2.35e-06 2.3e-06 4.05e-06 3.9e-06 2.6e-06 2.85e-06 3.05e-06 2e-06 2.8e-06 2.7e-06 2.4e-06 2.5e-06 2.65e-06 2.9e-06 2.15e-06 2.55e-06 2e-06 1.45e-06 3.05e-06 2.4e-06 2.05e-06 1.75e-06 1.9e-06 3.1e-06 2.95e-06 3.05e-06 2.8e-06 4e-06 3.8e-06 2.85e-06 4.3e-06 2.2e-06 1.65e-06
21 1.3e-06 3.2e-06 2.8e-06 2.05e-06 1.75e-06 2.35e-06 2.6e-06 1.25e-06 1.9e-06 4.2e-06 2.35e-06 1.95e-06 3.15e-06 2.1e-06 3.1e-06 9e-07 2.3e-06 1.45e-06 3.05e-06 1.85e-06 1.85e-06 1.8e-06 2.55e-06 2.95e-06 3.35e-06 1.5e-06 2.85e-06 2.5e-06 2.35e-06 1.95e-06 4.15e-06 4.1e-06 2.65e-06 2.45e-06 3.15e-06 2.1e-06 3.7e-06 2.55e-06 2.35e-06 2.95e-06 3.4e-06 2.85e-06 1.75e-06 3.3e-06 1.5e-06 1.9e-06 3.2e-06 2.95e-06 1.5e-06 1.45e-06 1.9e-06 2.9e-06 3.7e-06 3.15e-06 2.05e-06 4.1e-06 3.85e-06 2.45e-06 4.8e-06 1.95e-06 1.85e-06
22 2.25e-06 3e-06 3.3e-06 3e-06 2.3e-06 3.3e-06 2.8e-06 2.5e-06 2.15e-06 3.9e-06 3.15e-06 2.5e-06 3.15e-06 1.75e-06 2.9e-06 2.25e-06 2.4e-06 2.1e-06 3.5e-06 2e-06 2.15e-06 2.55e-06 2.3e-06 3.35e-06 3.65e-06 2.55e-06 3.4e-06 3e-06 2.35e-06 2.75e-06 4.15e-06 3.8e-06 3.15e-06 3.25e-06 3e-06 2.4e-06 3.15e-06 3.1e-06 2.2e-06 2.85e-06 2.85e-06 2.85e-06 2.85e-06 2.8e-06 2.7e-06 2.15e-06 2.8e-06 2.9e-06 2.55e-06 2.6e-06 2.05e-06 3.3e-06 3.2e-06 3e-06 3.25e-06 4.1e-06 3.75e-06 3.35e-06 4.45e-06 2.5e-06 2.45e-06
23 2.75e-06 3.05e-06 3.15e-06 2.85e-06 3e-06 3e-06 2.45e-06 2.95e-06 2.55e-06 2.4e-06 2.9e-06 2.9e-06 2.8e-06 2.8e-06 3e-06 2.85e-06 3.1e-06 2.6e-06 2.75e-06 2.9e-06 3.05e-06 2.95e-06 3.35e-06 4.7e-06 2.7e-06 2.7e-06 2.65e-06 2.95e-06 3.05e-06 2.65e-06 2.55e-06 3.15e-06 2.6e-06 2.85e-06 2.7e-06 3.05e-06 2.7e-06 3.05e-06 2.95e-06 2.8e-06 3.1e-06 2.9e-06 3.1e-06 3.1e-06 3.1e-06 3.05e-06 2.7e-06 3.05e-06 2.7e-06 2.95e-06 2.95e-06 3.05e-06 2.75e-06 2.7e-06 2.9e-06 2.5e-06 2.7e-06 3e-06 2.35e-06 3.05e-06 3.2e-06
24 3.3e-06 2.85e-06 3e-06 2.5e-06 3.7e-06 2.6e-06 2.35e-06 2.85e-06 3.15e-06 2.05e-06 3.4e-06 2.5e-06 3.5e-06 3.2e-06 3.35e-06 2.8e-06 2.85e-06 3.25e-06 2.55e-06 3.05e-06 3.3e-06 3.35e-06 3.65e-06 2.7e-06 4e-06 2.75e-06 2.45e-06 3.15e-06 2.7e-06 2.7e-06 2.9e-06 3.3e-06 2.4e-06 3.3e-06 2.9e-06 3.25e-06 2.8e-06 3.25e-06 3.3e-06 3.5e-06 3.6e-06 2.95e-06 2.5e-06 3.3e-06 2.75e-06 3.3e-06 3.4e-06 3e-06 2.75e-06 2.6e-06 3.1e-06 2.95e-06 2.85e-06 2.9e-06 3e-06 2.85e-06 3.45e-06 2.35e-06 2e-06 2.65e-06 3.15e-06
25 1.5e-06 2.9e-06 2.9e-06 2e-06 2.15e-06 2.25e-06 2.4e-06 1.45e-06 1.7e-06 3.8e-06 2.55e-06 1.5e-06 2.95e-06 2e-06 2.85e-06 1.25e-06 1.95e-06 1.35e-06 2.95e-06 1.8e-06 2.05e-06 1.5e-06 2.55e-06 2.7e-06 2.75e-06 2.1e-06 2.85e-06 2.55e-06 1.8e-06 1.95e-06 4e-06 4e-06 2.6e-06 2.6e-06 2.9e-06 2.1e-06 3.5e-06 2.65e-06 2.15e-06 3.05e-06 3.3e-06 2.75e-06 1.45e-06 3.35e-06 1.5e-06 2.05e-06 3e-06 2.8e-06 1.05e-06 1.4e-06 1.85e-06 2.65e-06 3.55e-06 2.9e-06 2.2e-06 3.95e-06 3.7e-06 2.15e-06 4.35e-06 1.5e-06 2.05e-06
26 3.1e-06 2.95e-06 2.75e-06 2.4e-06 3.35e-06 2.6e-06 2.35e-06 2.5e-06 3e-06 2.3e-06 3e-06 2.75e-06 3.3e-06 3e-06 3.25e-06 2.25e-06 3e-06 3e-06 2.45e-06 2.8e-06 2.85e-06 2.85e-06 3.4e-06 2.65e-06 2.45e-06 2.85e-06 4.5e-06 2.8e-06 3e-06 2.5e-06 2.85e-06 3.1e-06 2.25e-06 3e-06 2.85e-06 2.95e-06 2.75e-06 2.85e-06 3.15e-06 3.15e-06 3.35e-06 2.8e-06 2.7e-06 3e-06 2.65e-06 2.9e-06 3.2e-06 2.95e-06 2.85e-06 2.5e-06 2.85e-06 3e-06 2.8e-06 2.85e-06 2.95e-06 2.8e-06 3.2e-06 2.6e-06 2.25e-06 2.9e-06 2.75e-06
27 2.55e-06 3.05e-06 2.75e-06 2.35e-06 3e-06 2.7e-06 3e-06 2.35e-06 2.4e-06 3.6e-06 2.45e-06 2.5e-06 2.35e-06 2.6e-06 2.3e-06 2e-06 2.95e-06 2.35e-06 2.95e-06 2.3e-06 2.6e-06 2.5e-06 3e-06 2.95e-06 3.15e-06 2.55e-06 2.8e-06 3.9e-06 2.7e-06 2.15e-06 3.1e-06 2.45e-06 2.75e-06 2.6e-06 2.55e-06 2.2e-06 3.3e-06 2.1e-06 2.25e-06 2.7e-06 2.6e-06 2.5e-06 2.75e-06 2.9e-06 2.55e-06 2.65e-06 2.7e-06 2.95e-06 2.55e-06 2.4e-06 2.35e-06 2.4e-06 3.35e-06 2.55e-06 2.8e-06 3.05e-06 2.4e-06 2.75e-06 3.55e-06 2.65e-06 2.6e-06
28 2.05e-06 2.8e-06 3.05e-06 2.35e-06 2.65e-06 2.55e-06 2.4e-06 2.05e-06 2e-06 3.5e-06 3e-06 1.75e-06 3.05e-06 1.95e-06 2.6e-06 1.9e-06 2.05e-06 2e-06 3.1e-06 1.6e-06 2.35e-06 2.35e-06 2.35e-06 3.05e-06 2.7e-06 1.8e-06 3e-06 2.7e-06 2.8e-06 2.25e-06 3.95e-06 3.7e-06 2.75e-06 3e-06 2.8e-06 2.15e-06 3.3e-06 2.8e-06 2.1e-06 3.1e-06 3.1e-06 2.65e-06 1.85e-06 3.2e-06 2e-06 2.35e-06 2.65e-06 2.8e-06 1.8e-06 1.85e-06 1.65e-06 2.65e-06 3.35e-06 2.8e-06 2.75e-06 3.9e-06 3.7e-06 2.35e-06 4e-06 1.75e-06 2.25e-06
29 1.85e-06 2.8e-06 2.35e-06 1.8e-06 2.6e-06 1.95e-06 2.55e-06 1.6e-06 2.1e-06 3.45e-06 2.3e-06 1.85e-06 2.8e-06 2.15e-06 2.3e-06 1.5e-06 2.5e-06 1.85e-06 2.6e-06 1.95e-06 2.3e-06 1.95e-06 2.75e-06 2.65e-06 2.7e-06 1.95e-06 2.5e-06 2.15e-06 2.25e-06 2.6e-06 3.15e-06 2.9e-06 2.45e-06 2.25e-06 2.5e-06 2.3e-06 3.15e-06 2.25e-06 2.35e-06 2.75e-06 2.9e-06 2.2e-06 1.9e-06 2.9e-06 1.9e-06 2.3e-06 2.75e-06 2.6e-06 1.95e-06 1.75e-06 2e-06 2.4e-06 3.2e-06 2.5e-06 2.2e-06 3.1e-06 2.9e-06 2.1e-06 3.4e-06 2e-06 2.1e-06
30 3.85e-06 3.25e-06 3.35e-06 3.45e-06 3.9e-06 3.55e-06 3.1e-06 4.2e-06 3.35e-06 2.1e-06 2.95e-06 3.95e-06 2.55e-06 3.7e-06 3e-06 4.15e-06 4.1e-06 3.8e-06 2.95e-06 3.8e-06 4.05e-06 4.15e-06 4.15e-06 2.55e-06 2.9e-06 4e-06 2.85e-06 3.1e-06 3.95e-06 3.15e-06 2.9e-06 2.25e-06 3e-06 2.85e-06 2.85e-06 3.8e-06 2.6e-06 3.2e-06 3.65e-06 2.55e-06 2.95e-06 3.05e-06 4.35e-06 3.05e-06 4.4e-06 4.05e-06 2.55e-06 3.35e-06 4e-06 4.2e-06 3.85e-06 3.2e-06 2.65e-06 2.85e-06 3.4e-06 1.45e-06 1.8e-06 3.6e-06 1.45e-06 4.25e-06 4.15e-06
31 3.85e-06 3.25e-06 2.75e-06 3.1e-06 4.2e-06 3.45e-06 3.75e-06 3.95e-06 3.25e-06 3.1e-06 2.95e-06 3.6e-06 2.2e-06 3.6e-06 2.35e-06 3.65e-06 4.1e-06 3.65e-06 3.2e-06 3.4e-06 3.9e-06 4.1e-06 3.8e-06 3.15e-06 3.3e-06 4e-06 3.1e-06 2.45e-06 3.7e-06 2.9e-06 2.25e-06 2.3e-06 3.25e-06 3.1e-06 2.5e-06 3.1e-06 3.2e-06 2.5e-06 3e-06 2.9e-06 2.6e-06 2.3e-06 4.25e-06 2.55e-06 4.05e-06 3.9e-06 2.5e-06 3.35e-06 4e-06 3.85e-06 3.45e-06 2.65e-06 3.25e-06 2.5e-06 3.5e-06 2.2e-06 1.45e-06 3.4e-06 2.45e-06 3.9e-06 3.95e-06
32 2.85e-06 2.9e-06 2.7e-06 2.35e-06 3.1e-06 2.55e-06 2.1e-06 2.25e-06 2.75e-06 2.25e-06 2.95e-06 2.65e-06 3.25e-06 2.75e-06 3.2e-06 2.05e-06 2.75e-06 2.75e-06 2.4e-06 2.55e-06 2.6e-06 2.65e-06 3.15e-06 2.6e-06 2.4e-06 2.6e-06 2.25e-06 2.75e-06 2.75e-06 2.45e-06 3e-06 3.25e-06 4e-06 2.95e-06 2.8e-06 2.7e-06 2.7e-06 2.85e-06 2.9e-06 3.1e-06 3.3e-06 2.75e-06 2.45e-06 2.95e-06 2.4e-06 2.65e-06 3.15e-06 2.9e-06 2.6e-06 2.25e-06 2.6e-06 2.95e-06 2.75e-06 2.8e-06 2.9e-06 2.95e-06 3.35e-06 2.55e-06 2.4e-06 2.65e-06 2.5e-06
33 2.45e-06 3.25e-06 2.7e-06 2.65e-06 2.8e-06 2.55e-06 2.85e-06 2.2e-06 2.45e-06 3.6e-06 2.35e-06 2.85e-06 2.65e-06 2.8e-06 2.85e-06 2.35e-06 3.15e-06 2.45e-06 3.1e-06 2.6e-06 2.85e-06 2.45e-06 3.25e-06 2.85e-06 3.3e-06 2.6e-06 3e-06 2.6e-06 3e-06 2.25e-06 2.85e-06 3.1e-06 2.95e-06 4.1e-06 3.1e-06 2.75e-06 3.35e-06 2.7e-06 2.85e-06 2.55e-06 3.05e-06 2.9e-06 2.6e-06 3.2e-06 2.85e-06 2.85e-06 2.75e-06 3.15e-06 2.6e-06 2.7e-06 2.65e-06 2.95e-06 3.4e-06 3.1e-06 2.7e-06 2.8e-06 2.7e-06 3.05e-06 3.55e-06 3e-06 2.5e-06
34 2.6e-06 3.05e-06 3.05e-06 2.9e-06 3.15e-06 3.15e-06 2.7e-06 3.1e-06 2.3e-06 2.75e-06 3.05e-06 2.7e-06 2.45e-06 2.4e-06 2.3e-06 2.9e-06 3.1e-06 2.55e-06 2.95e-06 2.65e-06 3.05e-06 3.15e-06 3e-06 2.7e-06 2.9e-06 2.9e-06 2.85e-06 2.55e-06 2.8e-06 2.5e-06 2.85e-06 2.5e-06 2.8e-06 3.1e-06 3.8e-06 2.65e-06 2.85e-06 2.65e-06 2.25e-06 2.9e-06 2.65e-06 2.35e-06 3.25e-06 2.85e-06 3.15e-06 3.05e-06 2.5e-06 3.05e-06 2.9e-06 3e-06 2.7e-06 2.65e-06 2.9e-06 1.9e-06 3.1e-06 2.8e-06 2.35e-06 3.05e-06 2.7e-06 2.85e-06 3.3e-06
35 2.1e-06 2.95e-06 2.85e-06 2.45e-06 2.35e-06 2.8e-06 2.55e-06 1.9e-06 1.95e-06 3.7e-06 2.6e-06 2.2e-06 2.45e-06 2.05e-06 2.2e-06 1.6e-06 2.25e-06 1.9e-06 3.05e-06 1.75e-06 2e-06 2.1e-06 2.4e-06 3.05e-06 3.25e-06 2.1e-06 2.95e-06 2.2e-06 2.15e-06 2.3e-06 3.8e-06 3.1e-06 2.7e-06 2.75e-06 2.65e-06 3e-06 3.2e-06 2.25e-06 1.8e-06 2.65e-06 2.5e-06 2.6e-06 2.25e-06 2.8e-06 2.1e-06 2e-06 2.7e-06 2.85e-06 2.1e-06 1.85e-06 1.8e-06 2.5e-06 3.35e-06 2.65e-06 2.9e-06 3.75e-06 3.05e-06 2.85e-06 4.2e-06 2.15e-06 2e-06
36 3.5e-06 2.6e-06 3.4e-06 3.25e-06 2.95e-06 3.4e-06 2.55e-06 3.5e-06 3.15e-06 2.1e-06 3.4e-06 3.4e-06 3.2e-06 2.65e-06 3.1e-06 3.4e-06 2.8e-06 3.35e-06 2.85e-06 3.15e-06 2.8e-06 3.7e-06 3.15e-06 2.7e-06 2.8e-06 3.5e-06 2.75e-06 3.3e-06 3.3e-06 3.15e-06 2.6e-06 3.2e-06 2.7e-06 3.35e-06 2.85e-06 3.2e-06 4e-06 3.4e-06 3.3e-06 2.55e-06 2.65e-06 3.15e-06 3.6e-06 2.55e-06 3.65e-06 2.8e-06 2.9e-06 2.65e-06 3.5e-06 3.35e-06 3.2e-06 3.4e-06 2.15e-06 2.85e-06 3.5e-06 2.55e-06 3e-06 3.4e-06 2e-06 3.5e-06 3.15e-06
37 2.65e-06 3.15e-06 2.85e-06 2.45e-06 3.1e-06 2.8e-06 3.1e-06 2.45e-06 2.5e-06 3.7e-06 2.55e-06 2.6e-06 2.4e-06 2.7e-06 2.35e-06 2.05e-06 3.05e-06 2.45e-06 3.05e-06 2.4e-06 2.7e-06 2.55e-06 3.1e-06 3.05e-06 3.25e-06 2.65e-06 2.85e-06 2.1e-06 2.8e-06 2.25e-06 3.2e-06 2.5e-06 2.85e-06 2.7e-06 2.65e-06 2.25e-06 3.4e-06 4.1e-06 2.35e-06 2.8e-06 2.65e-06 2.6e-06 2.85e-06 3e-06 2.65e-06 2.75e-06 2.8e-06 3.05e-06 2.65e-06 2.5e-06 2.45e-06 2.45e-06 3.45e-06 2.65e-06 2.9e-06 3.15e-06 2.45e-06 2.85e-06 3.65e-06 2.75e-06 2.7e-06
38 1.8e-06 3.25e-06 3.1e-06 2.85e-06 2.5e-06 3.15e-06 2.45e-06 2.35e-06 1.5e-06 3.55e-06 2.75e-06 1.95e-06 2.15e-06 1.75e-06 2.05e-06 2.1e-06 2.55e-06 1.4e-06 3.25e-06 1.85e-06 2.4e-06 2.35e-06 2.2e-06 2.95e-06 3.3e-06 2.15e-06 3.15e-06 2.25e-06 2.1e-06 2.35e-06 3.65e-06 3e-06 2.9e-06 2.85e-06 2.25e-06 1.8e-06 3.3e-06 2.35e-06 2e-06 2.75e-06 2.45e-06 2.35e-06 2.6e-06 3e-06 2.45e-06 2.4e-06 2.45e-06 3.15e-06 2.15e-06 2.35e-06 1.9e-06 2.45e-06 3.35e-06 2.25e-06 3.05e-06 3.6e-06 2.8e-06 3.1e-06 4.1e-06 1.85e-06 2.6e-06
39 2.75e-06 2.75e-06 3.35e-06 3.15e-06 2.35e-06 3.4e-06 3.05e-06 3.15e-06 2.45e-06 3.35e-06 2.5e-06 3.25e-06 2.35e-06 2.35e-06 2.5e-06 2.95e-06 2.8e-06 2.6e-06 3.25e-06 2.65e-06 2.5e-06 2.95e-06 2.85e-06 2.8e-06 3.5e-06 3.05e-06 3.15e-06 2.7e-06 3.1e-06 2.75e-06 2.55e-06 2.9e-06 3.1e-06 2.55e-06 2.9e-06 2.65e-06 2.55e-06 2.8e-06 2.75e-06 3.5e-06 2.2e-06 3e-06 3.55e-06 2.55e-06 3.5e-06 2.5e-06 2.3e-06 2.7e-06 3.05e-06 3.2e-06 2.7e-06 3.1e-06 2.7e-06 2.9e-06 3.1e-06 2.5e-06 2.3e-06 3.6e-06 3.25e-06 3.35e-06 2.8e-06
40 3.05e-06 2.8e-06 3.5e-06 3.3e-06 2.7e-06 3.6e-06 3.3e-06 3.45e-06 2.65e-06 3.5e-06 2.95e-06 3.25e-06 2.3e-06 2.35e-06 2.2e-06 3.2e-06 2.85e-06 2.8e-06 3.45e-06 2.75e-06 2.65e-06 3.4e-06 2.85e-06 3.1e-06 3.6e-06 3.3e-06 3.35e-06 2.6e-06 3.1e-06 2.9e-06 2.95e-06 2.6e-06 3.3e-06 3.05e-06 2.65e-06 2.5e-06 2.65e-06 2.65e-06 2.45e-06 2.2e-06 3.8e-06 2.95e-06 3.75e-06 2.55e-06 3.65e-06 2.65e-06 2.5e-06 2.75e-06 3.3e-06 3.35e-06 2.8e-06 2.85e-06 2.8e-06 2.65e-06 3.45e-06 2.9e-06 2.25e-06 3.65e-06 3.4e-06 3.35e-06 3.1e-06
41 2.5e-06 3e-06 2.45e-06 2.5e-06 3.2e-06 2.8e-06 2.85e-06 2.65e-06 2.25e-06 3.15e-06 2.8e-06 2.45e-06 2.65e-06 2.45e-06 2.45e-06 2.4e-06 3.05e-06 2.45e-06 2.9e-06 2.4e-06 2.9e-06 2.85e-06 2.85e-06 2.9e-06 2.95e-06 2.75e-06 2.8e-06 2.5e-06 2.65e-06 2.2e-06 3.05e-06 2.3e-06 2.75e-06 2.9e-06 2.35e-06 2.6e-06 3.15e-06 2.6e-06 2.35e-06 3e-06 2.95e-06 3.6e-06 2.9e-06 2.55e-06 2.75e-06 2.9e-06 2.5e-06 3e-06 2.75e-06 2.6e-06 2.45e-06 2.7e-06 3.2e-06 2.35e-06 2.9e-06 3e-06 2.55e-06 2.75e-06 3.1e-06 2.6e-06 2.9e-06
42 2e-06 2.9e-06 2.45e-06 1.8e-06 2.65e-06 1.7e-06 2.2e-06 9.5e-07 2.35e-06 3.65e-06 2.9e-06 1.5e-06 3.7e-06 2.4e-06 3.25e-06 1.1e-06 1.9e-06 2e-06 2.8e-06 1.95e-06 2.15e-06 1.75e-06 2.85e-06 3.1e-06 2.5e-06 1.45e-06 2.7e-06 2.75e-06 1.85e-06 1.9e-06 4.35e-06 4.25e-06 2.45e-06 2.6e-06 3.25e-06 2.25e-06 3.6e-06 2.85e-06 2.6e-06 3.55e-06 3.75e-06 2.9e-06 1.6e-06 3.5e-06 1.3e-06 2.15e-06 3.7e-06 2.85e-06 1.45e-06 1.15e-06 2e-06 2.8e-06 3.7e-06 3.25e-06 2.4e-06 4.3e-06 4.45e-06 1.9e-06 4.2e-06 1.45e-06 1.55e-06
43 3.25e-06 2.6e-06 2.8e-06 2.95e-06 2.85e-06 3.3e-06 3.15e-06 3.15e-06 2.9e-06 3.15e-06 3.05e-06 3.2e-06 2.95e-06 2.55e-06 2.85e-06 2.85e-06 2.8e-06 3.05e-06 3.1e-06 2.8e-06 2.55e-06 3.3e-06 2.8e-06 3.1e-06 3.3e-06 3.35e-06 3e-06 2.9e-06 3.2e-06 2.9e-06 3.05e-06 2.55e-06 2.95e-06 3.2e-06 2.85e-06 2.8e-06 2.55e-06 3e-06 3e-06 2.55e-06 2.55e-06 2.55e-06 3.5e-06 4.1e-06 3.35e-06 2.55e-06 2.7e-06 2.65e-06 3.35e-06 3.05e-06 2.85e-06 3.25e-06 2.7e-06 2.85e-06 3.35e-06 3e-06 2.75e-06 3.35e-06 3.05e-06 3.3e-06 2.85e-06
44 1.85e-06 3e-06 2.6e-06 1.6e-06 2.5e-06 1.9e-06 2.4e-06 1.1e-06 2.3e-06 3.75e-06 2.6e-06 1.6e-06 3.6e-06 2.3e-06 3.2e-06 8.5e-07 2.1e-06 1.85e-06 2.6e-06 1.8e-06 2e-06 1.5e-06 2.7e-06 3.1e-06 2.75e-06 1.5e-06 2.65e-06 2.55e-06 2e-06 1.9e-06 4.4e-06 4.05e-06 2.4e-06 2.85e-06 3.15e-06 2.1e-06 3.65e-06 2.65e-06 2.45e-06 3.5e-06 3.65e-06 2.75e-06 1.3e-06 3.35e-06 1.5e-06 1.85e-06 3.6e-06 2.75e-06 1.5e-06 9e-07 1.85e-06 2.55e-06 3.6e-06 3.15e-06 2.2e-06 4.35e-06 4.3e-06 1.6e-06 4.35e-06 1.6e-06 1.75e-06
45 2.1e-06 2.55e-06 2.95e-06 2.35e-06 1.8e-06 2.7e-06 2.55e-06 1.7e-06 2.2e-06 3.8e-06 2.55e-06 2.25e-06 3.2e-06 1.7e-06 2.9e-06 1.4e-06 1.8e-06 1.9e-06 2.85e-06 1.85e-06 1.45e-06 1.9e-06 2.15e-06 3.05e-06 3.3e-06 2.05e-06 2.9e-06 2.65e-06 2.35e-06 2.3e-06 4.05e-06 3.9e-06 2.65e-06 2.85e-06 3.05e-06 2e-06 2.8e-06 2.75e-06 2.4e-06 2.5e-06 2.65e-06 2.9e-06 2.15e-06 2.55e-06 1.85e-06 2.6e-06 3.05e-06 2.4e-06 2.05e-06 1.75e-06 1.9e-06 3.1e-06 2.95e-06 3.05e-06 2.8e-06 4e-06 3.8e-06 2.85e-06 4.3e-06 2.2e-06 1.7e-06
46 2.65e-06 3e-06 3.2e-06 3.2e-06 2.9e-06 3.45e-06 3e-06 3.4e-06 2.1e-06 3.2e-06 2.7e-06 3.15e-06 2.1e-06 2.4e-06 2.3e-06 3.2e-06 3.25e-06 2.5e-06 3.3e-06 2.35e-06 3.05e-06 3.2e-06 2.8e-06 2.7e-06 3.4e-06 3e-06 3.2e-06 2.7e-06 2.65e-06 2.75e-06 2.55e-06 2.5e-06 3.15e-06 2.75e-06 2.5e-06 2.7e-06 2.9e-06 2.8e-06 2.45e-06 2.3e-06 2.5e-06 2.5e-06 3.7e-06 2.7e-06 3.6e-06 3.05e-06 3.2e-06 3.05e-06 3e-06 3.4e-06 2.4e-06 2.95e-06 2.95e-06 2.5e-06 3.15e-06 2.5e-06 1.9e-06 3.5e-06 3.1e-06 3.3e-06 3.25e-06
47 2.95e-06 2.4e-06 3.15e-06 2.25e-06 2.65e-06 2.5e-06 3.1e-06 2.75e-06 3.05e-06 3.35e-06 3.1e-06 2.7e-06 3.4e-06 2.45e-06 2.95e-06 2.55e-06 2.4e-06 2.85e-06 3.05e-06 2.65e-06 2.4e-06 2.95e-06 2.9e-06 3.05e-06 3e-06 2.8e-06 2.95e-06 2.95e-06 2.8e-06 2.6e-06 3.35e-06 3.35e-06 2.9e-06 3.15e-06 3.05e-06 2.85e-06 2.65e-06 3.05e-06 3.15e-06 2.7e-06 2.75e-06 3e-06 2.85e-06 2.65e-06 2.75e-06 2.4e-06 3.05e-06 4.1e-06 2.8e-06 2.45e-06 2.7e-06 3e-06 2.8e-06 3.05e-06 2.6e-06 3.3e-06 3.3e-06 2.35e-06 3.25e-06 2.85e-06 2.6e-06
48 1.5e-06 2.9e-06 2.9e-06 2e-06 2.15e-06 2.25e-06 2.4e-06 1.45e-06 1.7e-06 3.8e-06 2.55e-06 1.5e-06 2.95e-06 2e-06 2.85e-06 1.25e-06 1.95e-06 1.35e-06 2.95e-06 1.8e-06 2.05e-06 1.5e-06 2.55e-06 2.7e-06 2.75e-06 1.05e-06 2.85e-06 2.55e-06 1.8e-06 1.95e-06 4e-06 4e-06 2.6e-06 2.6e-06 2.9e-06 2.1e-06 3.5e-06 2.65e-06 2.15e-06 3.05e-06 3.3e-06 2.75e-06 1.45e-06 3.35e-06 1.5e-06 2.05e-06 3e-06 2.8e-06 2.1e-06 1.4e-06 1.85e-06 2.65e-06 3.55e-06 2.9e-06 2.2e-06 3.95e-06 3.7e-06 2.15e-06 4.35e-06 1.5e-06 2.05e-06
49 1.8e-06 2.7e-06 2.45e-06 1.45e-06 2.3e-06 1.75e-06 2.3e-06 1e-06 2.2e-06 3.65e-06 2.6e-06 1.5e-06 3.45e-06 2.15e-06 2.9e-06 7.5e-07 1.8e-06 1.75e-06 2.6e-06 1.65e-06 1.75e-06 1.45e-06 2.6e-06 2.95e-06 2.6e-06 1.4e-06 2.5e-06 2.4e-06 1.85e-06 1.75e-06 4.2e-06 3.85e-06 2.25e-06 2.7e-06 3e-06 1.85e-06 3.35e-06 2.5e-06 2.35e-06 3.2e-06 3.35e-06 2.6e-06 1.15e-06 3.05e-06 9e-07 1.75e-06 3.4e-06 2.45e-06 1.4e-06 1.3e-06 1.7e-06 2.45e-06 3.5e-06 3e-06 2.1e-06 4.15e-06 4.1e-06 1.5e-06 4.15e-06 1.45e-06 1.5e-06
50 1.8e-06 2.85e-06 2.75e-06 2.2e-06 2.25e-06 2.5e-06 2.35e-06 1.65e-06 1.8e-06 3.7e-06 2.55e-06 1.95e-06 2.8e-06 1.7e-06 2.45e-06 1.4e-06 2.15e-06 1.7e-06 2.95e-06 1.3e-06 1.9e-06 1.9e-06 2.05e-06 2.95e-06 3.1e-06 1.85e-06 2.85e-06 2.35e-06 1.65e-06 2e-06 3.85e-06 3.45e-06 2.6e-06 2.65e-06 2.7e-06 1.8e-06 3.2e-06 2.45e-06 1.9e-06 2.7e-06 2.8e-06 2.45e-06 2e-06 2.85e-06 1.85e-06 1.9e-06 2.4e-06 2.7e-06 1.85e-06 1.7e-06 2.6e-06 2.65e-06 3.25e-06 2.7e-06 2.65e-06 3.8e-06 3.4e-06 2.55e-06 4.2e-06 1.95e-06 1.85e-06
51 2.7e-06 3.15e-06 3.05e-06 2.45e-06 3.3e-06 2.7e-06 3.05e-06 2.75e-06 2.65e-06 3.35e-06 2.9e-06 2.5e-06 2.6e-06 2.85e-06 2.4e-06 2.55e-06 3.05e-06 2.65e-06 3.1e-06 2.6e-06 3.1e-06 2.9e-06 3.3e-06 3.05e-06 2.95e-06 2.65e-06 3e-06 2.4e-06 2.65e-06 2.4e-06 3.2e-06 2.65e-06 2.95e-06 2.95e-06 2.65e-06 2.5e-06 3.4e-06 2.45e-06 2.45e-06 3.1e-06 2.85e-06 2.7e-06 2.8e-06 3.25e-06 2.55e-06 3.1e-06 2.95e-06 3e-06 2.65e-06 2.45e-06 2.65e-06 4.3e-06 3.4e-06 2.65e-06 2.75e-06 3.15e-06 2.65e-06 2.35e-06 3.35e-06 2.65e-06 3.05e-06
52 3.5e-06 2.75e-06 3.45e-06 3.3e-06 3.05e-06 3.45e-06 2.6e-06 3.55e-06 3.2e-06 2.1e-06 3.45e-06 3.45e-06 3.25e-06 2.7e-06 3.25e-06 3.45e-06 3e-06 3.4e-06 2.9e-06 3.2e-06 2.95e-06 3.7e-06 3.2e-06 2.75e-06 2.85e-06 3.55e-06 2.8e-06 3.35e-06 3.35e-06 3.2e-06 2.65e-06 3.25e-06 2.75e-06 3.4e-06 2.9e-06 3.35e-06 2.15e-06 3.45e-06 3.35e-06 2.7e-06 2.8e-06 3.2e-06 3.7e-06 2.7e-06 3.6e-06 2.95e-06 2.95e-06 2.8e-06 3.55e-06 3.5e-06 3.25e-06 3.4e-06 4.1e-06 2.9e-06 3.5e-06 2.6e-06 3.05e-06 3.4e-06 2.05e-06 3.6e-06 3.3e-06
53 2.6e-06 3.05e-06 3.05e-06 2.9e-06 3.15e-06 3.15e-06 2.7e-06 3.1e-06 2.3e-06 2.75e-06 3.05e-06 2.7e-06 2.45e-06 2.4e-06 2.3e-06 2.9e-06 3.1e-06 2.55e-06 2.95e-06 2.65e-06 3.05e-06 3.15e-06 3e-06 2.7e-06 2.9e-06 2.9e-06 2.85e-06 2.55e-06 2.8e-06 2.5e-06 2.85e-06 2.5e-06 2.8e-06 3.1e-06 1.9e-06 2.65e-06 2.85e-06 2.65e-06 2.25e-06 2.9e-06 2.65e-06 2.35e-06 3.25e-06 2.85e-06 3.15e-06 3.05e-06 2.5e-06 3.05e-06 2.9e-06 3e-06 2.7e-06 2.65e-06 2.9e-06 3.8e-06 3.1e-06 2.8e-06 2.35e-06 3.05e-06 2.7e-06 2.85e-06 3.3e-06
54 2.1e-06 3e-06 2.95e-06 1.9e-06 2.6e-06 2.1e-06 3.1e-06 2.25e-06 2.7e-06 3.7e-06 2.7e-06 2.35e-06 3.3e-06 2.8e-06 3.1e-06 2.1e-06 2.85e-06 2.35e-06 3.05e-06 2.6e-06 2.8e-06 2.05e-06 3.25e-06 2.9e-06 3e-06 2.2e-06 2.95e-06 2.8e-06 2.75e-06 2.2e-06 3.4e-06 3.5e-06 2.9e-06 2.7e-06 3.1e-06 2.9e-06 3.5e-06 2.9e-06 3.05e-06 3.1e-06 3.45e-06 2.9e-06 2.4e-06 3.35e-06 2.2e-06 2.8e-06 3.15e-06 2.6e-06 2.2e-06 2.1e-06 2.65e-06 2.75e-06 3.5e-06 3.1e-06 3.6e-06 3.35e-06 3.3e-06 1.9e-06 3.7e-06 2.55e-06 2.75e-06
55 3.8e-06 3.2e-06 3.3e-06 3.4e-06 3.85e-06 3.5e-06 3.05e-06 4.15e-06 3.3e-06 2.05e-06 2.9e-06 3.9e-06 2.5e-06 3.65e-06 2.95e-06 4.1e-06 4.05e-06 3.75e-06 2.9e-06 3.75e-06 4e-06 4.1e-06 4.1e-06 2.5e-06 2.85e-06 3.95e-06 2.8e-06 3.05e-06 3.9e-06 3.1e-06 1.45e-06 2.2e-06 2.95e-06 2.8e-06 2.8e-06 3.75e-06 2.55e-06 3.15e-06 3.6e-06 2.5e-06 2.9e-06 3e-06 4.3e-06 3e-06 4.35e-06 4e-06 2.5e-06 3.3e-06 3.95e-06 4.15e-06 3.8e-06 3.15e-06 2.6e-06 2.8e-06 3.35e-06 2.8e-06 1.75e-06 3.55e-06 1.4e-06 4.2e-06 4.1e-06
56 3.4e-06 3.2e-06 3.2e-06 3.35e-06 3.65e-06 3.65e-06 3.65e-06 4.1e-06 2.7e-06 3.1e-06 2.6e-06 3.7e-06 1.6e-06 3.3e-06 2.1e-06 3.85e-06 4.05e-06 3.15e-06 3.3e-06 3.35e-06 3.8e-06 3.85e-06 3.75e-06 2.7e-06 3.45e-06 3.7e-06 3.2e-06 2.4e-06 3.7e-06 2.9e-06 1.8e-06 1.45e-06 3.35e-06 2.7e-06 2.35e-06 3.05e-06 3e-06 2.45e-06 2.8e-06 2.3e-06 2.25e-06 2.55e-06 4.45e-06 2.75e-06 4.3e-06 3.8e-06 1.9e-06 3.3e-06 3.7e-06 4.1e-06 3.4e-06 2.65e-06 3.05e-06 2.35e-06 3.3e-06 1.75e-06 1.7e-06 3.7e-06 2.45e-06 4e-06 4.05e-06
57 2.6e-06 2.75e-06 2.7e-06 1.4e-06 3.25e-06 1.6e-06 2.85e-06 2.05e-06 3.05e-06 3.2e-06 3.05e-06 1.95e-06 3.7e-06 2.95e-06 3.15e-06 1.9e-06 2.6e-06 2.7e-06 2.7e-06 2.5e-06 2.85e-06 2.45e-06 3.35e-06 3e-06 2.35e-06 2.15e-06 2.6e-06 2.75e-06 2.35e-06 2.1e-06 3.6e-06 3.4e-06 2.55e-06 3.05e-06 3.05e-06 2.85e-06 3.4e-06 2.85e-06 3.1e-06 3.6e-06 3.65e-06 2.75e-06 1.9e-06 3.35e-06 1.6e-06 2.85e-06 3.5e-06 2.35e-06 2.15e-06 1.5e-06 2.55e-06 2.35e-06 3.4e-06 3.05e-06 1.9e-06 3.55e-06 3.7e-06 2e-06 3.2e-06 2.15e-06 2.55e-06
58 4.55e-06 3.05e-06 3.25e-06 3.35e-06 4.55e-06 3.35e-06 2.4e-06 4.35e-06 4e-06 6.5e-07 3.75e-06 3.95e-06 3.35e-06 4e-06 3.5e-06 4.4e-06 4.05e-06 4.5e-06 2.35e-06 4.15e-06 4.3e-06 4.8e-06 4.45e-06 2.35e-06 2e-06 4.35e-06 2.25e-06 3.55e-06 4e-06 3.4e-06 1.45e-06 2.45e-06 2.4e-06 3.55e-06 2.7e-06 4.2e-06 2e-06 3.65e-06 4.1e-06 3.25e-06 3.4e-06 3.1e-06 4.2e-06 3.05e-06 4.35e-06 4.3e-06 3.1e-06 3.25e-06 4.35e-06 4.15e-06 4.2e-06 3.35e-06 2.05e-06 2.7e-06 3.7e-06 1.4e-06 2.45e-06 3.2e-06 0.0 4.25e-06 4.3e-06
59 1.8e-06 2.9e-06 2.9e-06 2.1e-06 2.55e-06 2.35e-06 2.45e-06 1.65e-06 1.95e-06 3.7e-06 2.95e-06 1.25e-06 3.25e-06 2.05e-06 2.75e-06 1.45e-06 1.9e-06 1.45e-06 3e-06 1.9e-06 2.2e-06 1.95e-06 2.5e-06 3.05e-06 2.65e-06 1.5e-06 2.9e-06 2.65e-06 1.75e-06 2e-06 4.25e-06 3.9e-06 2.65e-06 3e-06 2.85e-06 2.15e-06 3.5e-06 2.75e-06 1.85e-06 3.35e-06 3.35e-06 2.6e-06 1.45e-06 3.3e-06 1.6e-06 2.2e-06 3.3e-06 2.85e-06 1.5e-06 1.45e-06 1.95e-06 2.65e-06 3.6e-06 2.85e-06 2.55e-06 4.2e-06 4e-06 2.15e-06 4.25e-06 2.1e-06 2.15e-06
60 2.25e-06 2.75e-06 2.45e-06 2.1e-06 2.25e-06 2.1e-06 2.35e-06 1.15e-06 2.4e-06 3.8e-06 2.7e-06 2.2e-06 3.45e-06 2.1e-06 3.05e-06 1.15e-06 2e-06 2.15e-06 2.9e-06 1.8e-06 1.65e-06 1.85e-06 2.45e-06 3.2e-06 3.15e-06 2.05e-06 2.75e-06 2.6e-06 2.25e-06 2.1e-06 4.15e-06 3.95e-06 2.5e-06 2.5e-06 3.3e-06 2e-06 3.15e-06 2.7e-06 2.6e-06 2.8e-06 3.1e-06 2.9e-06 1.55e-06 2.85e-06 1.75e-06 1.7e-06 3.25e-06 2.6e-06 2.05e-06 1.5e-06 1.85e-06 3.05e-06 3.3e-06 3.3e-06 2.75e-06 4.1e-06 4.05e-06 2.55e-06 4.3e-06 2.15e-06 2.2e-06
