 slim_762302138 slim_762302145 slim_762302146 slim_762302141 slim_762302111 slim_762302121 slim_762302149 slim_762302144 slim_762302133 slim_762302135 slim_762302123 slim_762302148 slim_762302122 slim_762302130 slim_762302128 slim_762302114 slim_762302124 slim_762302147 slim_762302113 slim_762302117 slim_762302136 slim_762302116 slim_762302140 slim_762302139 slim_762302137 slim_762302115 slim_762302118 slim_762302110 slim_762302151 slim_762302129 slim_762302142 slim_762302119 slim_762302131 slim_762302150 slim_762302112 slim_762302134 slim_762302127 slim_762302143 slim_762302126 slim_762302125 slim_762302120 slim_762302132
0 2.1e-06 1.25e-06 1.55e-06 2.35e-06 2.15e-06 1.8e-06 2e-06 2.3e-06 1.6e-06 2.2e-06 2.05e-06 1.55e-06 1.85e-06 2.25e-06 2e-06 2.55e-06 2.35e-06 2.25e-06 2e-06 1.55e-06 1.8e-06 1.9e-06 1.4e-06 1.8e-06 1.6e-06 1.55e-06 1.55e-06 2.2e-06 1.85e-06 1.95e-06 1.8e-06 1.1e-06 1.85e-06 1.6e-06 1.8e-06 1.85e-06 2.45e-06 2.15e-06 2e-06 2.05e-06 1.55e-06 2.2e-06
1 1.25e-06 1e-06 9e-07 2.05e-06 1.9e-06 1.95e-06 1.55e-06 1.9e-06 1.3e-06 1.9e-06 1.7e-06 8.5e-07 1.9e-06 1.85e-06 1.6e-06 2.15e-06 2.1e-06 1.95e-06 1.65e-06 1.05e-06 1.65e-06 1.6e-06 1.45e-06 1.95e-06 1.45e-06 1e-06 1.05e-06 2.15e-06 1.45e-06 1.85e-06 1.15e-06 6e-07 2.2e-06 1.15e-06 1.6e-06 1.45e-06 1.95e-06 1.8e-06 1.55e-06 2e-06 1.35e-06 1.9e-06
2 1.55e-06 9e-07 1.3e-06 2e-06 1.85e-06 1.9e-06 1.5e-06 1.8e-06 1.6e-06 1.85e-06 1.85e-06 7e-07 2e-06 1.75e-06 1.25e-06 2.25e-06 2.05e-06 1.6e-06 1.95e-06 1.4e-06 1.7e-06 1.8e-06 1.75e-06 1.75e-06 1.55e-06 1.35e-06 1.15e-06 2.05e-06 1.55e-06 1.75e-06 1.4e-06 1.05e-06 1.85e-06 1.5e-06 1.6e-06 1.55e-06 1.85e-06 2e-06 1.85e-06 1.95e-06 1.4e-06 2.1e-06
3 2.35e-06 2.05e-06 2e-06 2.8e-06 1.75e-06 2.4e-06 2.3e-06 2e-06 2.5e-06 1.8e-06 2.7e-06 2e-06 2.1e-06 2e-06 2e-06 2.25e-06 1.5e-06 1.6e-06 2.1e-06 2.35e-06 2.5e-06 2.6e-06 2.4e-06 2.25e-06 2.2e-06 2.35e-06 2.15e-06 1.95e-06 1.8e-06 2.4e-06 1.7e-06 2.15e-06 2.2e-06 2.45e-06 2.25e-06 1.8e-06 1.85e-06 2.1e-06 2.05e-06 1.8e-06 2.05e-06 2.2e-06
4 2.15e-06 1.9e-06 1.85e-06 1.75e-06 3.1e-06 2.35e-06 2.15e-06 2.2e-06 2.3e-06 1.9e-06 2.65e-06 1.85e-06 2.2e-06 2.15e-06 1.9e-06 2.35e-06 1.8e-06 1.8e-06 2.1e-06 2.2e-06 2.5e-06 2.55e-06 2.3e-06 2.35e-06 2.15e-06 2.2e-06 1.9e-06 2.1e-06 1.9e-06 2.35e-06 1.8e-06 1.85e-06 2.15e-06 2.3e-06 2.25e-06 1.9e-06 1.95e-06 2.2e-06 2e-06 1.9e-06 1.85e-06 2.3e-06
5 1.8e-06 1.95e-06 1.9e-06 2.4e-06 2.35e-06 2.3e-06 2.1e-06 2.3e-06 2.3e-06 2.35e-06 2.45e-06 1.9e-06 1.95e-06 2.25e-06 1.95e-06 2.85e-06 2.4e-06 2.05e-06 2.2e-06 2.15e-06 2.05e-06 1.75e-06 1.3e-06 1.55e-06 1.75e-06 2.15e-06 2e-06 2e-06 2.15e-06 1.75e-06 2.25e-06 2e-06 1.15e-06 2.25e-06 1.8e-06 2.15e-06 2.6e-06 2.55e-06 2.7e-06 1.9e-06 1.9e-06 2.6e-06
6 2e-06 1.55e-06 1.5e-06 2.3e-06 2.15e-06 2.1e-06 2.2e-06 1.65e-06 1.7e-06 2.25e-06 1.5e-06 1.45e-06 2.5e-06 1.6e-06 1.6e-06 2.3e-06 2.35e-06 1.85e-06 2.45e-06 1.4e-06 1.95e-06 1.75e-06 2.1e-06 2.1e-06 1.9e-06 1.4e-06 1.6e-06 2.3e-06 1.9e-06 1.55e-06 2e-06 1.6e-06 1.9e-06 1.6e-06 1.7e-06 1.9e-06 2.35e-06 2.2e-06 2.45e-06 2.2e-06 1.7e-06 2.15e-06
7 2.3e-06 1.9e-06 1.8e-06 2e-06 2.2e-06 2.3e-06 1.65e-06 2.8e-06 2.1e-06 2.3e-06 1.8e-06 1.8e-06 2.55e-06 1.4e-06 1.8e-06 2.35e-06 2.1e-06 1.5e-06 2.7e-06 1.75e-06 2.1e-06 2e-06 2.45e-06 2.05e-06 2.05e-06 1.7e-06 2e-06 2.35e-06 1.75e-06 1.7e-06 2.2e-06 2e-06 2e-06 1.95e-06 1.85e-06 1.75e-06 2.2e-06 2.4e-06 2.55e-06 2.3e-06 2e-06 2.35e-06
8 1.6e-06 1.3e-06 1.6e-06 2.5e-06 2.3e-06 2.3e-06 1.7e-06 2.1e-06 2.2e-06 2.4e-06 1.2e-06 1.6e-06 2.35e-06 2.05e-06 2.15e-06 2.15e-06 2.55e-06 2.5e-06 2.05e-06 1.25e-06 1.8e-06 1.7e-06 1.7e-06 2.45e-06 2e-06 1.25e-06 1.6e-06 2.65e-06 2e-06 2e-06 1.85e-06 1.15e-06 2.6e-06 1.2e-06 1.8e-06 2e-06 2.6e-06 1.9e-06 2.05e-06 2.4e-06 1.7e-06 1.75e-06
9 2.2e-06 1.9e-06 1.85e-06 1.8e-06 1.9e-06 2.35e-06 2.25e-06 2.3e-06 2.4e-06 3.2e-06 2.7e-06 1.85e-06 2.1e-06 2.25e-06 1.8e-06 2.45e-06 1.75e-06 1.8e-06 2e-06 2.25e-06 2.5e-06 2.6e-06 2.4e-06 2.2e-06 2.05e-06 2.25e-06 2e-06 1.9e-06 2e-06 2.35e-06 1.75e-06 1.95e-06 2.1e-06 2.35e-06 2.25e-06 2e-06 2e-06 2.2e-06 2.2e-06 1.8e-06 1.95e-06 2.2e-06
10 2.05e-06 1.7e-06 1.85e-06 2.7e-06 2.65e-06 2.45e-06 1.5e-06 1.8e-06 1.2e-06 2.7e-06 0.0 1.85e-06 2.55e-06 1.75e-06 2.3e-06 1.8e-06 2.75e-06 2.6e-06 2.55e-06 1.2e-06 1.45e-06 1.55e-06 2.2e-06 2.45e-06 2.25e-06 1.2e-06 1.9e-06 2.75e-06 2.25e-06 1.7e-06 2.2e-06 1.55e-06 2.6e-06 9.5e-07 1.6e-06 2.25e-06 2.8e-06 1.75e-06 2.65e-06 2.6e-06 2.2e-06 1.55e-06
11 1.55e-06 8.5e-07 7e-07 2e-06 1.85e-06 1.9e-06 1.45e-06 1.8e-06 1.6e-06 1.85e-06 1.85e-06 1.3e-06 2e-06 1.75e-06 1.25e-06 2.25e-06 2.05e-06 1.6e-06 1.95e-06 1.4e-06 1.7e-06 1.8e-06 1.75e-06 1.75e-06 1.55e-06 1.35e-06 1.15e-06 2.05e-06 1.55e-06 1.75e-06 1.35e-06 1.05e-06 1.85e-06 1.5e-06 1.6e-06 1.55e-06 1.85e-06 2e-06 1.85e-06 1.95e-06 1.4e-06 2.1e-06
12 1.85e-06 1.9e-06 2e-06 2.1e-06 2.2e-06 1.95e-06 2.5e-06 2.55e-06 2.35e-06 2.1e-06 2.55e-06 2e-06 2.3e-06 2.5e-06 2.5e-06 2.45e-06 2.05e-06 2.55e-06 2e-06 2.2e-06 1.9e-06 2.15e-06 1.65e-06 1.75e-06 2.1e-06 2.2e-06 2.25e-06 1.95e-06 2.35e-06 2.25e-06 1.7e-06 2e-06 2.05e-06 2.3e-06 2e-06 2.35e-06 2.4e-06 2.1e-06 2.2e-06 1.75e-06 2.25e-06 2.1e-06
13 2.25e-06 1.85e-06 1.75e-06 2e-06 2.15e-06 2.25e-06 1.6e-06 1.4e-06 2.05e-06 2.25e-06 1.75e-06 1.75e-06 2.5e-06 2.7e-06 1.75e-06 2.3e-06 2.05e-06 1.5e-06 2.65e-06 1.7e-06 2.05e-06 1.95e-06 2.4e-06 2e-06 2e-06 1.65e-06 1.95e-06 2.3e-06 1.75e-06 1.65e-06 2.15e-06 1.95e-06 1.95e-06 1.9e-06 1.8e-06 1.75e-06 2.15e-06 2.35e-06 2.5e-06 2.25e-06 1.95e-06 2.3e-06
14 2e-06 1.6e-06 1.25e-06 2e-06 1.9e-06 1.95e-06 1.6e-06 1.8e-06 2.15e-06 1.8e-06 2.3e-06 1.25e-06 2.5e-06 1.75e-06 1.2e-06 2.7e-06 2.05e-06 9.5e-07 2.6e-06 1.95e-06 2.05e-06 2.45e-06 2.4e-06 1.6e-06 1.5e-06 1.95e-06 1.2e-06 2.05e-06 1.5e-06 1.8e-06 2.15e-06 1.55e-06 1.3e-06 2e-06 1.8e-06 1.5e-06 1.95e-06 2.5e-06 2.6e-06 2e-06 1.4e-06 2.65e-06
15 2.55e-06 2.15e-06 2.25e-06 2.25e-06 2.35e-06 2.85e-06 2.3e-06 2.35e-06 2.15e-06 2.45e-06 1.8e-06 2.25e-06 2.45e-06 2.3e-06 2.7e-06 3.4e-06 2.25e-06 2.75e-06 2.3e-06 2.05e-06 2.4e-06 2.35e-06 2.55e-06 2.95e-06 2.7e-06 2.05e-06 2.35e-06 2.55e-06 2.45e-06 2.5e-06 2e-06 2.15e-06 3e-06 1.95e-06 2.3e-06 2.45e-06 2.4e-06 2e-06 2.2e-06 2.35e-06 2.55e-06 1.9e-06
16 2.35e-06 2.1e-06 2.05e-06 1.5e-06 1.8e-06 2.4e-06 2.35e-06 2.1e-06 2.55e-06 1.75e-06 2.75e-06 2.05e-06 2.05e-06 2.05e-06 2.05e-06 2.25e-06 2.9e-06 1.7e-06 2.05e-06 2.4e-06 2.55e-06 2.65e-06 2.45e-06 2.25e-06 2.2e-06 2.4e-06 2.2e-06 1.85e-06 1.9e-06 2.4e-06 1.75e-06 2.2e-06 2.15e-06 2.5e-06 2.3e-06 1.9e-06 1.9e-06 2.15e-06 2.1e-06 1.75e-06 2.1e-06 2.15e-06
17 2.25e-06 1.95e-06 1.6e-06 1.6e-06 1.8e-06 2.05e-06 1.85e-06 1.5e-06 2.5e-06 1.8e-06 2.6e-06 1.6e-06 2.55e-06 1.5e-06 9.5e-07 2.75e-06 1.7e-06 8e-07 2.85e-06 2.3e-06 2.25e-06 2.75e-06 2.7e-06 1.45e-06 1.55e-06 2.3e-06 1.75e-06 1.95e-06 1.25e-06 1.9e-06 2.35e-06 1.95e-06 1.2e-06 2.35e-06 1.9e-06 1.25e-06 1.75e-06 2.75e-06 2.7e-06 2e-06 1.6e-06 2.85e-06
18 2e-06 1.65e-06 1.95e-06 2.1e-06 2.1e-06 2.2e-06 2.45e-06 2.7e-06 2.05e-06 2e-06 2.55e-06 1.95e-06 2e-06 2.65e-06 2.6e-06 2.3e-06 2.05e-06 2.85e-06 2.3e-06 1.95e-06 2.55e-06 1.9e-06 1.6e-06 2.85e-06 2.4e-06 1.95e-06 2.05e-06 2.3e-06 2.35e-06 2.65e-06 1.45e-06 1.7e-06 2.95e-06 2.1e-06 2.4e-06 2.35e-06 2.4e-06 1.9e-06 1.8e-06 2e-06 2.1e-06 1.9e-06
19 1.55e-06 1.05e-06 1.4e-06 2.35e-06 2.2e-06 2.15e-06 1.4e-06 1.75e-06 1.25e-06 2.25e-06 1.2e-06 1.4e-06 2.2e-06 1.7e-06 1.95e-06 2.05e-06 2.4e-06 2.3e-06 1.95e-06 1.6e-06 1.7e-06 1.4e-06 1.7e-06 2.25e-06 1.75e-06 8.5e-07 1.35e-06 2.45e-06 1.75e-06 1.65e-06 1.7e-06 9e-07 2.4e-06 1.05e-06 1.6e-06 1.75e-06 2.4e-06 1.85e-06 2e-06 2.25e-06 1.65e-06 1.8e-06
20 1.8e-06 1.65e-06 1.7e-06 2.5e-06 2.5e-06 2.05e-06 1.95e-06 2.1e-06 1.8e-06 2.5e-06 1.45e-06 1.7e-06 1.9e-06 2.05e-06 2.05e-06 2.4e-06 2.55e-06 2.25e-06 2.55e-06 1.7e-06 2.1e-06 1.9e-06 1.9e-06 1.7e-06 1.95e-06 1.7e-06 1.85e-06 2.45e-06 2.1e-06 1.9e-06 2.1e-06 1.6e-06 2.05e-06 1.6e-06 1.65e-06 2.1e-06 2.6e-06 1.8e-06 2.6e-06 2.3e-06 2e-06 2.15e-06
21 1.9e-06 1.6e-06 1.8e-06 2.6e-06 2.55e-06 1.75e-06 1.75e-06 2e-06 1.7e-06 2.6e-06 1.55e-06 1.8e-06 2.15e-06 1.95e-06 2.45e-06 2.35e-06 2.65e-06 2.75e-06 1.9e-06 1.4e-06 1.9e-06 2.1e-06 1.25e-06 2.3e-06 2.2e-06 1.35e-06 2e-06 2.6e-06 2.35e-06 1.75e-06 1.9e-06 1.75e-06 2.45e-06 1.65e-06 1.75e-06 2.35e-06 2.75e-06 2.1e-06 2.35e-06 2.35e-06 2.1e-06 2.05e-06
22 1.4e-06 1.45e-06 1.75e-06 2.4e-06 2.3e-06 1.3e-06 2.1e-06 2.45e-06 1.7e-06 2.4e-06 2.2e-06 1.75e-06 1.65e-06 2.4e-06 2.4e-06 2.55e-06 2.45e-06 2.7e-06 1.6e-06 1.7e-06 1.9e-06 1.25e-06 1e-06 1.95e-06 1.9e-06 1.7e-06 1.85e-06 2.35e-06 2.2e-06 2.05e-06 1.7e-06 1.55e-06 2.1e-06 1.85e-06 1.75e-06 2.2e-06 2.7e-06 2.1e-06 2e-06 2e-06 1.75e-06 2.2e-06
23 1.8e-06 1.95e-06 1.75e-06 2.25e-06 2.35e-06 1.55e-06 2.1e-06 2.05e-06 2.45e-06 2.2e-06 2.45e-06 1.75e-06 1.75e-06 2e-06 1.6e-06 2.95e-06 2.25e-06 1.45e-06 2.85e-06 2.25e-06 1.7e-06 2.3e-06 1.95e-06 1.5e-06 1.45e-06 2.25e-06 2e-06 1.9e-06 1.9e-06 1.7e-06 2.35e-06 2e-06 9.5e-07 2.3e-06 1.65e-06 1.9e-06 2.35e-06 2.7e-06 2.9e-06 1.95e-06 1.9e-06 2.75e-06
24 1.6e-06 1.45e-06 1.55e-06 2.2e-06 2.15e-06 1.75e-06 1.9e-06 2.05e-06 2e-06 2.05e-06 2.25e-06 1.55e-06 2.1e-06 2e-06 1.5e-06 2.7e-06 2.2e-06 1.55e-06 2.4e-06 1.75e-06 1.95e-06 2.2e-06 1.9e-06 1.45e-06 2.5e-06 1.75e-06 1.5e-06 2e-06 1.6e-06 1.8e-06 2.1e-06 1.3e-06 1.35e-06 1.8e-06 1.75e-06 1.6e-06 2.25e-06 2.45e-06 2.45e-06 2e-06 1.6e-06 2.5e-06
25 1.55e-06 1e-06 1.35e-06 2.35e-06 2.2e-06 2.15e-06 1.4e-06 1.7e-06 1.25e-06 2.25e-06 1.2e-06 1.35e-06 2.2e-06 1.65e-06 1.95e-06 2.05e-06 2.4e-06 2.3e-06 1.95e-06 8.5e-07 1.7e-06 1.35e-06 1.7e-06 2.25e-06 1.75e-06 1.6e-06 1.35e-06 2.45e-06 1.75e-06 1.6e-06 1.65e-06 9e-07 2.4e-06 1.05e-06 1.6e-06 1.75e-06 2.35e-06 1.85e-06 1.95e-06 2.25e-06 1.65e-06 1.8e-06
26 1.55e-06 1.05e-06 1.15e-06 2.15e-06 1.9e-06 2e-06 1.6e-06 2e-06 1.6e-06 2e-06 1.9e-06 1.15e-06 2.25e-06 1.95e-06 1.2e-06 2.35e-06 2.2e-06 1.75e-06 2.05e-06 1.35e-06 1.85e-06 2e-06 1.85e-06 2e-06 1.5e-06 1.35e-06 1.6e-06 2.25e-06 1.5e-06 1.9e-06 1.75e-06 8e-07 1.9e-06 1.4e-06 1.75e-06 1.5e-06 2.15e-06 2.05e-06 2.05e-06 2.05e-06 1.35e-06 2.2e-06
27 2.2e-06 2.15e-06 2.05e-06 1.95e-06 2.1e-06 2e-06 2.3e-06 2.35e-06 2.65e-06 1.9e-06 2.75e-06 2.05e-06 1.95e-06 2.3e-06 2.05e-06 2.55e-06 1.85e-06 1.95e-06 2.3e-06 2.45e-06 2.45e-06 2.6e-06 2.35e-06 1.9e-06 2e-06 2.45e-06 2.25e-06 2.9e-06 2.2e-06 2.05e-06 1.95e-06 2.25e-06 1.45e-06 2.55e-06 2.2e-06 2.2e-06 2.1e-06 2.35e-06 2.4e-06 1.65e-06 2.15e-06 2.3e-06
28 1.85e-06 1.45e-06 1.55e-06 1.8e-06 1.9e-06 2.15e-06 1.9e-06 1.75e-06 2e-06 2e-06 2.25e-06 1.55e-06 2.35e-06 1.75e-06 1.5e-06 2.45e-06 1.9e-06 1.25e-06 2.35e-06 1.75e-06 2.1e-06 2.35e-06 2.2e-06 1.9e-06 1.6e-06 1.75e-06 1.5e-06 2.2e-06 2.5e-06 2.05e-06 2e-06 1.3e-06 1.85e-06 1.8e-06 1.9e-06 1.3e-06 2e-06 2.35e-06 2.2e-06 2.1e-06 1.6e-06 2.45e-06
29 1.95e-06 1.85e-06 1.75e-06 2.4e-06 2.35e-06 1.75e-06 1.55e-06 1.7e-06 2e-06 2.35e-06 1.7e-06 1.75e-06 2.25e-06 1.65e-06 1.8e-06 2.5e-06 2.4e-06 1.9e-06 2.65e-06 1.65e-06 1.9e-06 1.75e-06 2.05e-06 1.7e-06 1.8e-06 1.6e-06 1.9e-06 2.05e-06 2.05e-06 2.6e-06 2.25e-06 1.9e-06 1.3e-06 1.85e-06 1.65e-06 2.05e-06 2.45e-06 2.4e-06 2.7e-06 2.05e-06 1.9e-06 2.3e-06
30 1.8e-06 1.15e-06 1.4e-06 1.7e-06 1.8e-06 2.25e-06 2e-06 2.2e-06 1.85e-06 1.75e-06 2.2e-06 1.35e-06 1.7e-06 2.15e-06 2.15e-06 2e-06 1.75e-06 2.35e-06 1.45e-06 1.7e-06 2.1e-06 1.9e-06 1.7e-06 2.35e-06 2.1e-06 1.65e-06 1.75e-06 1.95e-06 2e-06 2.25e-06 1.8e-06 1.5e-06 2.6e-06 1.85e-06 2e-06 2e-06 1.85e-06 1.6e-06 1.45e-06 1.75e-06 1.85e-06 1.7e-06
31 1.1e-06 6e-07 1.05e-06 2.15e-06 1.85e-06 2e-06 1.6e-06 2e-06 1.15e-06 1.95e-06 1.55e-06 1.05e-06 2e-06 1.95e-06 1.55e-06 2.15e-06 2.2e-06 1.95e-06 1.7e-06 9e-07 1.6e-06 1.75e-06 1.55e-06 2e-06 1.3e-06 9e-07 8e-07 2.25e-06 1.3e-06 1.9e-06 1.5e-06 3e-07 2.15e-06 9e-07 1.65e-06 1.3e-06 2.1e-06 1.8e-06 1.65e-06 2.05e-06 1.25e-06 1.9e-06
32 1.85e-06 2.2e-06 1.85e-06 2.2e-06 2.15e-06 1.15e-06 1.9e-06 2e-06 2.6e-06 2.1e-06 2.6e-06 1.85e-06 2.05e-06 1.95e-06 1.3e-06 3e-06 2.15e-06 1.2e-06 2.95e-06 2.4e-06 2.05e-06 2.45e-06 2.1e-06 9.5e-07 1.35e-06 2.4e-06 1.9e-06 1.45e-06 1.85e-06 1.3e-06 2.6e-06 2.15e-06 0.0 2.45e-06 1.7e-06 1.85e-06 2.3e-06 2.85e-06 3.05e-06 1.6e-06 1.7e-06 2.85e-06
33 1.6e-06 1.15e-06 1.5e-06 2.45e-06 2.3e-06 2.25e-06 1.6e-06 1.95e-06 1.2e-06 2.35e-06 9.5e-07 1.5e-06 2.3e-06 1.9e-06 2e-06 1.95e-06 2.5e-06 2.35e-06 2.1e-06 1.05e-06 1.6e-06 1.65e-06 1.85e-06 2.3e-06 1.8e-06 1.05e-06 1.4e-06 2.55e-06 1.8e-06 1.85e-06 1.85e-06 9e-07 2.45e-06 1.7e-06 1.65e-06 1.8e-06 2.5e-06 1.8e-06 2.15e-06 2.35e-06 1.75e-06 1.75e-06
34 1.8e-06 1.6e-06 1.6e-06 2.25e-06 2.25e-06 1.8e-06 1.7e-06 1.85e-06 1.8e-06 2.25e-06 1.6e-06 1.6e-06 2e-06 1.8e-06 1.8e-06 2.3e-06 2.3e-06 1.9e-06 2.4e-06 1.6e-06 1.65e-06 1.75e-06 1.75e-06 1.65e-06 1.75e-06 1.6e-06 1.75e-06 2.2e-06 1.9e-06 1.65e-06 2e-06 1.65e-06 1.7e-06 1.65e-06 2.2e-06 1.9e-06 2.4e-06 2.15e-06 2.5e-06 2.05e-06 1.8e-06 2.15e-06
35 1.85e-06 1.45e-06 1.55e-06 1.8e-06 1.9e-06 2.15e-06 1.9e-06 1.75e-06 2e-06 2e-06 2.25e-06 1.55e-06 2.35e-06 1.75e-06 1.5e-06 2.45e-06 1.9e-06 1.25e-06 2.35e-06 1.75e-06 2.1e-06 2.35e-06 2.2e-06 1.9e-06 1.6e-06 1.75e-06 1.5e-06 2.2e-06 1.3e-06 2.05e-06 2e-06 1.3e-06 1.85e-06 1.8e-06 1.9e-06 2.5e-06 2e-06 2.35e-06 2.2e-06 2.1e-06 1.6e-06 2.45e-06
36 2.45e-06 1.95e-06 1.85e-06 1.85e-06 1.95e-06 2.6e-06 2.35e-06 2.2e-06 2.6e-06 2e-06 2.8e-06 1.85e-06 2.4e-06 2.15e-06 1.95e-06 2.4e-06 1.9e-06 1.75e-06 2.4e-06 2.4e-06 2.6e-06 2.75e-06 2.7e-06 2.35e-06 2.25e-06 2.35e-06 2.15e-06 2.1e-06 2e-06 2.45e-06 1.85e-06 2.1e-06 2.3e-06 2.5e-06 2.4e-06 2e-06 3.4e-06 2.4e-06 2.05e-06 2.1e-06 2.15e-06 2.5e-06
37 2.15e-06 1.8e-06 2e-06 2.1e-06 2.2e-06 2.55e-06 2.2e-06 2.4e-06 1.9e-06 2.2e-06 1.75e-06 2e-06 2.1e-06 2.35e-06 2.5e-06 2e-06 2.15e-06 2.75e-06 1.9e-06 1.85e-06 1.8e-06 2.1e-06 2.1e-06 2.7e-06 2.45e-06 1.85e-06 2.05e-06 2.35e-06 2.35e-06 2.4e-06 1.6e-06 1.8e-06 2.85e-06 1.8e-06 2.15e-06 2.35e-06 2.4e-06 2.7e-06 2.05e-06 2.1e-06 2.2e-06 1.7e-06
38 2e-06 1.55e-06 1.85e-06 2.05e-06 2e-06 2.7e-06 2.45e-06 2.55e-06 2.05e-06 2.2e-06 2.65e-06 1.85e-06 2.2e-06 2.5e-06 2.6e-06 2.2e-06 2.1e-06 2.7e-06 1.8e-06 2e-06 2.6e-06 2.35e-06 2e-06 2.9e-06 2.45e-06 1.95e-06 2.05e-06 2.4e-06 2.2e-06 2.7e-06 1.45e-06 1.65e-06 3.05e-06 2.15e-06 2.5e-06 2.2e-06 2.05e-06 2.05e-06 2.7e-06 2.2e-06 2.05e-06 2.15e-06
39 2.05e-06 2e-06 1.95e-06 1.8e-06 1.9e-06 1.9e-06 2.2e-06 2.3e-06 2.4e-06 1.8e-06 2.6e-06 1.95e-06 1.75e-06 2.25e-06 2e-06 2.35e-06 1.75e-06 2e-06 2e-06 2.25e-06 2.3e-06 2.35e-06 2e-06 1.95e-06 2e-06 2.25e-06 2.05e-06 1.65e-06 2.1e-06 2.05e-06 1.75e-06 2.05e-06 1.6e-06 2.35e-06 2.05e-06 2.1e-06 2.1e-06 2.1e-06 2.2e-06 3e-06 1.95e-06 2.1e-06
40 1.55e-06 1.35e-06 1.4e-06 2.05e-06 1.85e-06 1.9e-06 1.7e-06 2e-06 1.7e-06 1.95e-06 2.2e-06 1.4e-06 2.25e-06 1.95e-06 1.4e-06 2.55e-06 2.1e-06 1.6e-06 2.1e-06 1.65e-06 2e-06 2.1e-06 1.75e-06 1.9e-06 1.6e-06 1.65e-06 1.35e-06 2.15e-06 1.6e-06 1.9e-06 1.85e-06 1.25e-06 1.7e-06 1.75e-06 1.8e-06 1.6e-06 2.15e-06 2.2e-06 2.05e-06 1.95e-06 2.2e-06 2.35e-06
41 2.2e-06 1.9e-06 2.1e-06 2.2e-06 2.3e-06 2.6e-06 2.15e-06 2.35e-06 1.75e-06 2.2e-06 1.55e-06 2.1e-06 2.1e-06 2.3e-06 2.65e-06 1.9e-06 2.15e-06 2.85e-06 1.9e-06 1.8e-06 2.15e-06 2.05e-06 2.2e-06 2.75e-06 2.5e-06 1.8e-06 2.2e-06 2.3e-06 2.45e-06 2.3e-06 1.7e-06 1.9e-06 2.85e-06 1.75e-06 2.15e-06 2.45e-06 2.5e-06 1.7e-06 2.15e-06 2.1e-06 2.35e-06 2.9e-06
