 slim_762008924 slim_762008892 slim_762008893 slim_762008904 slim_762008894 slim_762008872 slim_762008918 slim_762008919 slim_762008923 slim_762008925 slim_762008902 slim_762008895 slim_762008878 slim_762008900 slim_762008921 slim_762008913 slim_762008926 slim_762008881 slim_762008899 slim_762008912 slim_762008882 slim_762008898 slim_762008879 slim_762008896 slim_762008886 slim_762008889 slim_762008883 slim_762008885 slim_762008908 slim_762008910 slim_762008906 slim_762008891 slim_762008911 slim_762008877 slim_762008914 slim_762008875 slim_762008888 slim_762008901 slim_762008876 slim_762008922 slim_762008887 slim_762008880 slim_762008905 slim_762008874 slim_762008909 slim_762008890 slim_762008915 slim_762008920 slim_762008916 slim_762008897 slim_762008903 slim_762008873 slim_762008907 slim_762008917 slim_762008884
0 4.1e-06 2.6e-06 3.05e-06 3.2e-06 2.25e-06 3e-06 2.15e-06 2.45e-06 2.35e-06 2.35e-06 2.4e-06 2.95e-06 2.7e-06 3.2e-06 2.6e-06 2.25e-06 2.4e-06 2.75e-06 2.8e-06 3.3e-06 2.75e-06 3.1e-06 3.15e-06 2.45e-06 3.45e-06 2.8e-06 2.8e-06 3.45e-06 2.6e-06 3.65e-06 2.85e-06 3.05e-06 3.15e-06 3.45e-06 2.4e-06 2.9e-06 2.7e-06 2.6e-06 2.95e-06 2.35e-06 2.9e-06 2.8e-06 3.3e-06 3.2e-06 2.85e-06 2.7e-06 2.3e-06 2.25e-06 2.2e-06 2.85e-06 3.05e-06 3.45e-06 2.6e-06 2.45e-06 3e-06
1 2.6e-06 2.9e-06 2.7e-06 2.35e-06 2.05e-06 2.15e-06 2.3e-06 2.7e-06 2.35e-06 2.3e-06 1.8e-06 3.05e-06 2.1e-06 3e-06 1.95e-06 2.4e-06 2.35e-06 2.15e-06 2.1e-06 2.9e-06 1.5e-06 2.65e-06 3.1e-06 2.9e-06 3.2e-06 2.8e-06 1.8e-06 3.15e-06 2.7e-06 2.85e-06 1.85e-06 2.55e-06 2.15e-06 3.2e-06 2.55e-06 2.9e-06 2.75e-06 2.15e-06 2.95e-06 1.85e-06 2.9e-06 2.4e-06 3.25e-06 2.5e-06 3.05e-06 2.4e-06 1.95e-06 2.05e-06 2e-06 2.7e-06 2.55e-06 3.15e-06 2.7e-06 2.4e-06 2.55e-06
2 3.05e-06 2.7e-06 3.9e-06 2.9e-06 2.85e-06 2.9e-06 3.2e-06 3.45e-06 3.05e-06 3e-06 3.05e-06 2.9e-06 2.75e-06 2.95e-06 2.5e-06 3.3e-06 3.05e-06 3e-06 3.1e-06 3.1e-06 3.05e-06 3.15e-06 3.15e-06 3.55e-06 3.1e-06 3.2e-06 2.9e-06 3.1e-06 3.35e-06 3.15e-06 2.85e-06 2.55e-06 3.05e-06 2.55e-06 3.2e-06 3.35e-06 3.05e-06 2.85e-06 3.4e-06 2.95e-06 3.2e-06 2.35e-06 2.75e-06 2.5e-06 3.3e-06 3.45e-06 2.65e-06 2.85e-06 2.8e-06 3.25e-06 3.25e-06 3.1e-06 3.35e-06 3.1e-06 2.65e-06
3 3.2e-06 2.35e-06 2.9e-06 2.6e-06 2.95e-06 2e-06 2.5e-06 2.8e-06 3.2e-06 3.15e-06 1.75e-06 2.75e-06 2.05e-06 2.65e-06 3.55e-06 2.6e-06 3.2e-06 2.25e-06 2.4e-06 2.95e-06 1.5e-06 3.05e-06 3.3e-06 2.75e-06 3.1e-06 3.35e-06 2.65e-06 3.1e-06 2.95e-06 2.9e-06 2.25e-06 2.35e-06 2.15e-06 3e-06 2.85e-06 3.15e-06 2.9e-06 2.95e-06 3.2e-06 1.9e-06 3.05e-06 3.25e-06 3.05e-06 2.75e-06 3.5e-06 2.3e-06 2.9e-06 2.95e-06 2.9e-06 2.7e-06 2.7e-06 3.1e-06 2.95e-06 3.25e-06 1.95e-06
4 2.25e-06 2.05e-06 2.85e-06 2.95e-06 3.1e-06 2.75e-06 1.6e-06 2.2e-06 1.85e-06 1.8e-06 1.8e-06 2.7e-06 2.3e-06 3e-06 1.85e-06 1.9e-06 1.85e-06 2.5e-06 2.7e-06 3.35e-06 2.3e-06 3.1e-06 3.3e-06 2.2e-06 3.65e-06 2.5e-06 2.3e-06 3.6e-06 2.4e-06 3.4e-06 2.35e-06 2.85e-06 3.05e-06 3.6e-06 2.2e-06 2.65e-06 2.75e-06 2.25e-06 2.7e-06 2e-06 2.75e-06 2.55e-06 3.4e-06 2.95e-06 2.85e-06 2.45e-06 1.65e-06 1.6e-06 1.55e-06 2.6e-06 2.7e-06 3.6e-06 2.35e-06 1.85e-06 2.8e-06
5 3e-06 2.15e-06 2.9e-06 2e-06 2.75e-06 2.7e-06 2.5e-06 2.85e-06 3.05e-06 3e-06 1.85e-06 3.1e-06 1.8e-06 3e-06 3.15e-06 2.5e-06 3.05e-06 2.1e-06 2.35e-06 2.3e-06 1.55e-06 2.55e-06 2.5e-06 2.6e-06 1.95e-06 3e-06 2.5e-06 1.85e-06 2.8e-06 2e-06 1.95e-06 2.6e-06 1.55e-06 2.6e-06 2.8e-06 3.25e-06 2.2e-06 2.75e-06 3.3e-06 1.85e-06 2.4e-06 2.8e-06 3.35e-06 1.9e-06 3e-06 2.4e-06 2.65e-06 2.75e-06 2.7e-06 2.1e-06 2.2e-06 1.85e-06 2.8e-06 3.1e-06 2.6e-06
6 2.15e-06 2.3e-06 3.2e-06 2.5e-06 1.6e-06 2.5e-06 7e-07 1.05e-06 1.85e-06 1.8e-06 1.05e-06 2.3e-06 1.85e-06 2.65e-06 3.15e-06 7e-07 1.85e-06 2e-06 2.35e-06 3.3e-06 1.7e-06 2.95e-06 3e-06 1e-06 3.6e-06 2.55e-06 2.65e-06 3.55e-06 1.6e-06 3.75e-06 2.55e-06 2.95e-06 2.8e-06 4.05e-06 1.55e-06 2.5e-06 2.05e-06 2.3e-06 2.55e-06 1.1e-06 2.05e-06 2.8e-06 3.55e-06 2.95e-06 2.85e-06 1.6e-06 1.7e-06 1.65e-06 1.6e-06 2.05e-06 2.65e-06 3.55e-06 1.55e-06 1.85e-06 2.65e-06
7 2.45e-06 2.7e-06 3.45e-06 2.8e-06 2.2e-06 2.85e-06 1.05e-06 1.8e-06 2.3e-06 2.25e-06 1.75e-06 2.65e-06 2.4e-06 2.95e-06 3.45e-06 1.2e-06 2.3e-06 2e-06 2.3e-06 3.1e-06 2.2e-06 2.4e-06 2.65e-06 1.5e-06 3.5e-06 2.75e-06 2.9e-06 3.6e-06 1.6e-06 3.85e-06 3.05e-06 3.25e-06 3e-06 4.05e-06 1.7e-06 2.2e-06 2.15e-06 2.3e-06 2.25e-06 1.5e-06 2.35e-06 2.7e-06 3.3e-06 3.25e-06 3.05e-06 1.55e-06 2.1e-06 2.25e-06 2.2e-06 2.45e-06 2.9e-06 3.6e-06 1.55e-06 2.3e-06 2.9e-06
8 2.35e-06 2.35e-06 3.05e-06 3.2e-06 1.85e-06 3.05e-06 1.85e-06 2.3e-06 3.5e-06 1.75e-06 2.1e-06 2.95e-06 2.55e-06 3.2e-06 1.95e-06 2.05e-06 1.8e-06 2.6e-06 2.8e-06 3.5e-06 2.6e-06 3.05e-06 3.35e-06 2.45e-06 3.75e-06 2.55e-06 2.4e-06 3.85e-06 2.45e-06 3.5e-06 2.6e-06 3.05e-06 3.35e-06 3.8e-06 2.25e-06 2.55e-06 2.95e-06 2.35e-06 2.6e-06 2.25e-06 2.95e-06 2.6e-06 3.45e-06 3.25e-06 3e-06 2.55e-06 1.8e-06 1.85e-06 1.8e-06 2.9e-06 3e-06 3.85e-06 2.45e-06 1.85e-06 3e-06
9 2.35e-06 2.3e-06 3e-06 3.15e-06 1.8e-06 3e-06 1.8e-06 2.25e-06 1.75e-06 3.4e-06 2.05e-06 2.9e-06 2.5e-06 3.15e-06 1.9e-06 2e-06 1.75e-06 2.55e-06 2.75e-06 3.45e-06 2.55e-06 3e-06 3.3e-06 2.4e-06 3.7e-06 2.5e-06 2.35e-06 3.8e-06 2.4e-06 3.45e-06 2.55e-06 3e-06 3.3e-06 3.75e-06 2.2e-06 2.5e-06 2.9e-06 2.3e-06 2.55e-06 2.2e-06 2.9e-06 2.55e-06 3.4e-06 3.2e-06 2.95e-06 2.5e-06 1.75e-06 1.8e-06 1.75e-06 2.85e-06 2.95e-06 3.8e-06 2.4e-06 1.8e-06 2.95e-06
10 2.4e-06 1.8e-06 3.05e-06 1.75e-06 1.8e-06 1.85e-06 1.05e-06 1.75e-06 2.1e-06 2.05e-06 1.1e-06 2.5e-06 1.6e-06 2.65e-06 2.95e-06 1.3e-06 2.1e-06 1.75e-06 1.95e-06 2.95e-06 9e-07 2.85e-06 3.3e-06 1.6e-06 3.5e-06 2.75e-06 2.15e-06 3.45e-06 2e-06 3.25e-06 1.9e-06 2.55e-06 2.15e-06 3.8e-06 1.8e-06 2.65e-06 2.55e-06 2.4e-06 2.7e-06 1.05e-06 2.55e-06 2.65e-06 3.45e-06 2.55e-06 3.15e-06 1.5e-06 1.95e-06 1.8e-06 1.75e-06 2.1e-06 2.35e-06 3.45e-06 2e-06 2.15e-06 2.3e-06
11 2.95e-06 3.05e-06 2.9e-06 2.75e-06 2.7e-06 3.1e-06 2.3e-06 2.65e-06 2.95e-06 2.9e-06 2.5e-06 4.5e-06 2.8e-06 2.55e-06 3.4e-06 2.45e-06 2.95e-06 3e-06 3.15e-06 3.3e-06 2.85e-06 3.55e-06 3.45e-06 2.45e-06 3.6e-06 3.15e-06 3.25e-06 3.6e-06 2.9e-06 3.75e-06 3.25e-06 2.85e-06 3.25e-06 3.25e-06 2.8e-06 3.15e-06 2.95e-06 3.15e-06 3.2e-06 2.55e-06 3.1e-06 3.3e-06 2.85e-06 3.35e-06 3.25e-06 2.9e-06 2.8e-06 2.75e-06 2.7e-06 2.95e-06 3.25e-06 3.6e-06 2.85e-06 2.95e-06 2.75e-06
12 2.7e-06 2.1e-06 2.75e-06 2.05e-06 2.3e-06 1.8e-06 1.85e-06 2.4e-06 2.55e-06 2.5e-06 1.6e-06 2.8e-06 2.4e-06 2.75e-06 2.9e-06 2.1e-06 2.55e-06 1.9e-06 2.35e-06 2.8e-06 1.55e-06 2.6e-06 2.6e-06 2.35e-06 2.6e-06 2.95e-06 2.45e-06 2.55e-06 2.35e-06 2.6e-06 1.9e-06 2.55e-06 2.1e-06 3.1e-06 2.4e-06 3.05e-06 2.3e-06 2.5e-06 3.1e-06 1.65e-06 2.3e-06 2.65e-06 3.3e-06 2.2e-06 3.15e-06 2.2e-06 2.2e-06 2.3e-06 2.25e-06 2.25e-06 2.5e-06 2.55e-06 2.35e-06 2.6e-06 2.5e-06
13 3.2e-06 3e-06 2.95e-06 2.65e-06 3e-06 3e-06 2.65e-06 2.95e-06 3.2e-06 3.15e-06 2.65e-06 2.55e-06 2.75e-06 4.6e-06 3.45e-06 2.75e-06 3.2e-06 2.95e-06 3.1e-06 3.3e-06 2.7e-06 3.55e-06 3.5e-06 2.95e-06 3.6e-06 3.4e-06 3.2e-06 3.6e-06 3.15e-06 3.7e-06 3.1e-06 2.8e-06 3.15e-06 3.25e-06 3.05e-06 3.35e-06 3.05e-06 3.25e-06 3.4e-06 2.55e-06 3.2e-06 3.35e-06 2.9e-06 3.35e-06 3.5e-06 3e-06 2.9e-06 3e-06 2.95e-06 3.2e-06 3.4e-06 3.6e-06 3.15e-06 3.25e-06 2.75e-06
14 2.6e-06 1.95e-06 2.5e-06 3.55e-06 1.85e-06 3.15e-06 3.15e-06 3.45e-06 1.95e-06 1.9e-06 2.95e-06 3.4e-06 2.9e-06 3.45e-06 6e-07 3.35e-06 1.95e-06 3e-06 3.05e-06 3.3e-06 3.15e-06 3e-06 3.5e-06 3.95e-06 3.6e-06 2.45e-06 1.85e-06 3.7e-06 3.35e-06 2.9e-06 2.25e-06 2.85e-06 3.45e-06 3.15e-06 3e-06 2.7e-06 3.5e-06 2.1e-06 2.75e-06 3.05e-06 3.5e-06 2.2e-06 3.1e-06 3e-06 3.05e-06 3.45e-06 1.55e-06 1.85e-06 1.8e-06 3.5e-06 2.95e-06 3.7e-06 3.35e-06 2e-06 3e-06
15 2.25e-06 2.4e-06 3.3e-06 2.6e-06 1.9e-06 2.5e-06 7e-07 1.2e-06 2.05e-06 2e-06 1.3e-06 2.45e-06 2.1e-06 2.75e-06 3.35e-06 1.2e-06 2.05e-06 2.1e-06 2.3e-06 3.15e-06 1.8e-06 2.9e-06 2.85e-06 1.05e-06 3.35e-06 2.5e-06 2.7e-06 3.3e-06 1.7e-06 3.7e-06 2.7e-06 3.05e-06 2.65e-06 3.9e-06 1.6e-06 2.55e-06 1.9e-06 2.4e-06 2.6e-06 1.2e-06 2.05e-06 2.9e-06 3.5e-06 2.95e-06 2.55e-06 1.7e-06 1.95e-06 1.9e-06 1.85e-06 2.1e-06 2.65e-06 3.3e-06 1.7e-06 2.1e-06 2.75e-06
16 2.4e-06 2.35e-06 3.05e-06 3.2e-06 1.85e-06 3.05e-06 1.85e-06 2.3e-06 1.8e-06 1.75e-06 2.1e-06 2.95e-06 2.55e-06 3.2e-06 1.95e-06 2.05e-06 3.5e-06 2.6e-06 2.8e-06 3.5e-06 2.6e-06 3.05e-06 3.35e-06 2.45e-06 3.75e-06 2.55e-06 2.4e-06 3.85e-06 2.45e-06 3.5e-06 2.6e-06 3.05e-06 3.35e-06 3.8e-06 2.25e-06 2.55e-06 2.95e-06 2.35e-06 2.6e-06 2.25e-06 2.95e-06 2.6e-06 3.45e-06 3.25e-06 3e-06 2.55e-06 1.8e-06 1.85e-06 1.8e-06 2.9e-06 3e-06 3.85e-06 2.45e-06 1.85e-06 3e-06
17 2.75e-06 2.15e-06 3e-06 2.25e-06 2.5e-06 2.1e-06 2e-06 2e-06 2.6e-06 2.55e-06 1.75e-06 3e-06 1.9e-06 2.95e-06 3e-06 2.1e-06 2.6e-06 2.7e-06 1.9e-06 2.6e-06 1.55e-06 1.65e-06 2.25e-06 2.55e-06 2.85e-06 3.05e-06 2.35e-06 2.95e-06 1.9e-06 3e-06 2.2e-06 2.75e-06 2.25e-06 3.45e-06 2.1e-06 2.65e-06 2.35e-06 2.15e-06 2.7e-06 1.6e-06 2.55e-06 2.3e-06 3.05e-06 2.55e-06 3.4e-06 1.8e-06 2.3e-06 2.5e-06 2.45e-06 2.55e-06 2.85e-06 2.95e-06 1.9e-06 2.65e-06 2.7e-06
18 2.8e-06 2.1e-06 3.1e-06 2.4e-06 2.7e-06 2.35e-06 2.35e-06 2.3e-06 2.8e-06 2.75e-06 1.95e-06 3.15e-06 2.35e-06 3.1e-06 3.05e-06 2.3e-06 2.8e-06 1.9e-06 2.6e-06 2.5e-06 1.5e-06 2.15e-06 2.85e-06 2.75e-06 3.25e-06 3.1e-06 2.2e-06 3.35e-06 2.4e-06 3.4e-06 2.55e-06 2.75e-06 2.2e-06 3.45e-06 1.9e-06 2.7e-06 2.65e-06 2.35e-06 2.75e-06 1.75e-06 3e-06 2.45e-06 2.6e-06 2.9e-06 3.3e-06 2.05e-06 2.5e-06 2.7e-06 2.65e-06 2.85e-06 3.1e-06 3.35e-06 2.4e-06 2.85e-06 2.6e-06
19 3.3e-06 2.9e-06 3.1e-06 2.95e-06 3.35e-06 2.3e-06 3.3e-06 3.1e-06 3.5e-06 3.45e-06 2.95e-06 3.3e-06 2.8e-06 3.3e-06 3.3e-06 3.15e-06 3.5e-06 2.6e-06 2.5e-06 3.7e-06 2.7e-06 2.35e-06 2.5e-06 3.25e-06 2.2e-06 3.2e-06 3e-06 2.25e-06 3.1e-06 2.5e-06 2.9e-06 3.15e-06 2.25e-06 2.75e-06 2.9e-06 3.2e-06 2.5e-06 2.85e-06 3.25e-06 2.65e-06 2.9e-06 2.75e-06 2.75e-06 2.45e-06 3.2e-06 2.95e-06 3.05e-06 3.35e-06 3.3e-06 2.8e-06 2.85e-06 2.25e-06 3.1e-06 3.55e-06 3.1e-06
20 2.75e-06 1.5e-06 3.05e-06 1.5e-06 2.3e-06 1.55e-06 1.7e-06 2.2e-06 2.6e-06 2.55e-06 9e-07 2.85e-06 1.55e-06 2.7e-06 3.15e-06 1.8e-06 2.6e-06 1.55e-06 1.5e-06 2.7e-06 7e-07 2.55e-06 3.1e-06 2.25e-06 3.2e-06 3.1e-06 1.85e-06 3.15e-06 2.3e-06 3e-06 1.7e-06 2.4e-06 1.55e-06 3.55e-06 2.15e-06 2.95e-06 2.55e-06 2.45e-06 3e-06 1.05e-06 2.7e-06 2.65e-06 3.35e-06 2.4e-06 3.35e-06 1.6e-06 2.3e-06 2.3e-06 2.25e-06 2.3e-06 2.55e-06 3.15e-06 2.3e-06 2.65e-06 2.25e-06
21 3.1e-06 2.65e-06 3.15e-06 3.05e-06 3.1e-06 2.55e-06 2.95e-06 2.4e-06 3.05e-06 3e-06 2.85e-06 3.55e-06 2.6e-06 3.55e-06 3e-06 2.9e-06 3.05e-06 1.65e-06 2.15e-06 2.35e-06 2.55e-06 1.6e-06 1.8e-06 3.35e-06 2.3e-06 3.25e-06 2.7e-06 2.5e-06 2.15e-06 2.7e-06 2.7e-06 3.25e-06 2.55e-06 3.15e-06 2.45e-06 2.8e-06 2.4e-06 2.15e-06 2.85e-06 2.4e-06 2.8e-06 2.2e-06 2.9e-06 2.55e-06 3.6e-06 2.35e-06 2.7e-06 3.1e-06 3.05e-06 2.85e-06 2.95e-06 2.55e-06 2.15e-06 3.1e-06 3.35e-06
22 3.15e-06 3.1e-06 3.15e-06 3.3e-06 3.3e-06 2.5e-06 3e-06 2.65e-06 3.35e-06 3.3e-06 3.3e-06 3.45e-06 2.6e-06 3.5e-06 3.5e-06 2.85e-06 3.35e-06 2.25e-06 2.85e-06 2.5e-06 3.1e-06 1.8e-06 2.5e-06 2.95e-06 1.6e-06 3.15e-06 3.3e-06 1.65e-06 2.3e-06 2.5e-06 3.1e-06 3.35e-06 2.5e-06 2.7e-06 2.9e-06 3.1e-06 1.8e-06 2.6e-06 3.15e-06 2.7e-06 2.2e-06 2.7e-06 3.2e-06 2.45e-06 3.05e-06 2.85e-06 3e-06 3.3e-06 3.25e-06 2.6e-06 2.9e-06 1.65e-06 2.3e-06 3.4e-06 3.45e-06
23 2.45e-06 2.9e-06 3.55e-06 2.75e-06 2.2e-06 2.6e-06 1e-06 1.5e-06 2.45e-06 2.4e-06 1.6e-06 2.45e-06 2.35e-06 2.95e-06 3.95e-06 1.05e-06 2.45e-06 2.55e-06 2.75e-06 3.25e-06 2.25e-06 3.35e-06 2.95e-06 1.5e-06 3.15e-06 2.5e-06 3.25e-06 3.05e-06 2e-06 3.7e-06 3.15e-06 3.25e-06 2.75e-06 3.75e-06 1.95e-06 2.7e-06 2e-06 2.9e-06 2.75e-06 1.65e-06 2.2e-06 3.4e-06 3.7e-06 3.1e-06 2.45e-06 2e-06 2.5e-06 2.25e-06 2.2e-06 2e-06 2.65e-06 3.05e-06 1.95e-06 2.45e-06 2.95e-06
24 3.45e-06 3.2e-06 3.1e-06 3.1e-06 3.65e-06 1.95e-06 3.6e-06 3.5e-06 3.75e-06 3.7e-06 3.5e-06 3.6e-06 2.6e-06 3.6e-06 3.6e-06 3.35e-06 3.75e-06 2.85e-06 3.25e-06 2.2e-06 3.2e-06 2.3e-06 1.6e-06 3.15e-06 1.1e-06 3.1e-06 3.4e-06 6e-07 3.25e-06 1.4e-06 2.95e-06 3.25e-06 1.95e-06 1.85e-06 3.55e-06 3.55e-06 1.75e-06 3.15e-06 3.6e-06 3.05e-06 2.15e-06 3.2e-06 3.4e-06 1.85e-06 2.8e-06 3.45e-06 3.35e-06 3.65e-06 3.6e-06 2.2e-06 2.3e-06 6e-07 3.25e-06 3.8e-06 3.4e-06
25 2.8e-06 2.8e-06 3.2e-06 3.35e-06 2.5e-06 3e-06 2.55e-06 2.75e-06 2.55e-06 2.5e-06 2.75e-06 3.15e-06 2.95e-06 3.4e-06 2.45e-06 2.5e-06 2.55e-06 3.05e-06 3.1e-06 3.2e-06 3.1e-06 3.25e-06 3.15e-06 2.5e-06 3.1e-06 4.8e-06 2.8e-06 3.15e-06 2.95e-06 3.2e-06 3.05e-06 3.25e-06 3.15e-06 3.3e-06 2.75e-06 2.75e-06 2.75e-06 2.75e-06 2.8e-06 2.7e-06 2.95e-06 3.05e-06 3.4e-06 3.15e-06 2.65e-06 3e-06 2.4e-06 2.5e-06 2.45e-06 2.9e-06 2.9e-06 3.15e-06 2.95e-06 2.6e-06 3.15e-06
26 2.8e-06 1.8e-06 2.9e-06 2.65e-06 2.3e-06 2.5e-06 2.65e-06 2.9e-06 2.4e-06 2.35e-06 2.15e-06 3.25e-06 2.45e-06 3.2e-06 1.85e-06 2.7e-06 2.4e-06 2.35e-06 2.2e-06 3e-06 1.85e-06 2.7e-06 3.3e-06 3.25e-06 3.4e-06 2.8e-06 3.6e-06 3.5e-06 2.9e-06 3e-06 2.15e-06 2.75e-06 2.5e-06 3.4e-06 2.65e-06 2.8e-06 3.1e-06 2.35e-06 2.85e-06 2.2e-06 3.25e-06 2.5e-06 3.2e-06 2.85e-06 3.25e-06 2.6e-06 2.1e-06 2.3e-06 2.25e-06 3.05e-06 2.9e-06 3.5e-06 2.9e-06 2.45e-06 2.75e-06
27 3.45e-06 3.15e-06 3.1e-06 3.1e-06 3.6e-06 1.85e-06 3.55e-06 3.6e-06 3.85e-06 3.8e-06 3.45e-06 3.6e-06 2.55e-06 3.6e-06 3.7e-06 3.3e-06 3.85e-06 2.95e-06 3.35e-06 2.25e-06 3.15e-06 2.5e-06 1.65e-06 3.05e-06 6e-07 3.15e-06 3.5e-06 8e-07 3.35e-06 1.45e-06 2.9e-06 3.25e-06 1.85e-06 1.8e-06 3.65e-06 3.8e-06 1.65e-06 3.25e-06 3.85e-06 3e-06 2.05e-06 3.3e-06 3.55e-06 1.75e-06 2.7e-06 3.55e-06 3.4e-06 3.6e-06 3.55e-06 2.1e-06 2.15e-06 4.5e-07 3.35e-06 3.9e-06 3.4e-06
28 2.6e-06 2.7e-06 3.35e-06 2.95e-06 2.4e-06 2.8e-06 1.6e-06 1.6e-06 2.45e-06 2.4e-06 2e-06 2.9e-06 2.35e-06 3.15e-06 3.35e-06 1.7e-06 2.45e-06 1.9e-06 2.4e-06 3.1e-06 2.3e-06 2.15e-06 2.3e-06 2e-06 3.25e-06 2.95e-06 2.9e-06 3.35e-06 3e-06 3.65e-06 2.9e-06 3.25e-06 2.95e-06 3.9e-06 1.95e-06 2.55e-06 2.3e-06 2.35e-06 2.6e-06 1.85e-06 2.5e-06 2.6e-06 3.35e-06 3.1e-06 3.25e-06 1.9e-06 2.35e-06 2.4e-06 2.35e-06 2.6e-06 3.1e-06 3.35e-06 1.55e-06 2.5e-06 3.15e-06
29 3.65e-06 2.85e-06 3.15e-06 2.9e-06 3.4e-06 2e-06 3.75e-06 3.85e-06 3.5e-06 3.45e-06 3.25e-06 3.75e-06 2.6e-06 3.7e-06 2.9e-06 3.7e-06 3.5e-06 3e-06 3.4e-06 2.5e-06 3e-06 2.7e-06 2.5e-06 3.7e-06 1.4e-06 3.2e-06 3e-06 1.45e-06 3.65e-06 2.2e-06 2.45e-06 3.2e-06 2.1e-06 2.25e-06 3.8e-06 3.5e-06 2.6e-06 3.15e-06 3.55e-06 3.15e-06 2.8e-06 3.3e-06 3.65e-06 2.05e-06 3.3e-06 3.55e-06 3.1e-06 3.4e-06 3.35e-06 2.55e-06 2.25e-06 1.45e-06 3.65e-06 3.5e-06 3.35e-06
30 2.85e-06 1.85e-06 2.85e-06 2.25e-06 2.35e-06 1.95e-06 2.55e-06 3.05e-06 2.6e-06 2.55e-06 1.9e-06 3.25e-06 1.9e-06 3.1e-06 2.25e-06 2.7e-06 2.6e-06 2.2e-06 2.55e-06 2.9e-06 1.7e-06 2.7e-06 3.1e-06 3.15e-06 2.95e-06 3.05e-06 2.15e-06 2.9e-06 2.9e-06 2.45e-06 2.4e-06 2.65e-06 2.2e-06 3.15e-06 2.9e-06 3.2e-06 2.9e-06 2.5e-06 3.25e-06 2.05e-06 2.95e-06 2.7e-06 3.55e-06 2.35e-06 3.15e-06 2.6e-06 2.25e-06 2.35e-06 2.3e-06 2.65e-06 2.5e-06 2.9e-06 2.9e-06 2.65e-06 2.75e-06
31 3.05e-06 2.55e-06 2.55e-06 2.35e-06 2.85e-06 2.6e-06 2.95e-06 3.25e-06 3.05e-06 3e-06 2.55e-06 2.85e-06 2.55e-06 2.8e-06 2.85e-06 3.05e-06 3.05e-06 2.75e-06 2.75e-06 3.15e-06 2.4e-06 3.25e-06 3.35e-06 3.25e-06 3.25e-06 3.25e-06 2.75e-06 3.25e-06 3.25e-06 3.2e-06 2.65e-06 4.4e-06 2.75e-06 2.7e-06 3e-06 3.2e-06 3.1e-06 2.95e-06 3.25e-06 2.55e-06 3.25e-06 2.95e-06 2.85e-06 3e-06 3.35e-06 2.9e-06 2.75e-06 2.85e-06 2.8e-06 3.1e-06 3.2e-06 3.25e-06 3.25e-06 3.1e-06 2.4e-06
32 3.15e-06 2.15e-06 3.05e-06 2.15e-06 3.05e-06 1.55e-06 2.8e-06 3e-06 3.35e-06 3.3e-06 2.15e-06 3.25e-06 2.1e-06 3.15e-06 3.45e-06 2.65e-06 3.35e-06 2.25e-06 2.2e-06 2.25e-06 1.55e-06 2.55e-06 2.5e-06 2.75e-06 1.95e-06 3.15e-06 2.5e-06 1.85e-06 2.95e-06 2.1e-06 2.2e-06 2.75e-06 2.7e-06 2.6e-06 2.95e-06 3.4e-06 2.2e-06 2.9e-06 3.45e-06 2e-06 2.55e-06 2.95e-06 3.35e-06 2.05e-06 3e-06 2.55e-06 2.95e-06 3.05e-06 3e-06 2.25e-06 2.35e-06 1.85e-06 2.95e-06 3.4e-06 2.75e-06
33 3.45e-06 3.2e-06 2.55e-06 3e-06 3.6e-06 2.6e-06 4.05e-06 4.05e-06 3.8e-06 3.75e-06 3.8e-06 3.25e-06 3.1e-06 3.25e-06 3.15e-06 3.9e-06 3.8e-06 3.45e-06 3.45e-06 2.75e-06 3.55e-06 3.15e-06 2.7e-06 3.75e-06 1.85e-06 3.3e-06 3.4e-06 1.8e-06 3.9e-06 2.25e-06 3.15e-06 2.7e-06 2.6e-06 3.2e-06 3.8e-06 3.65e-06 2.7e-06 3.4e-06 3.7e-06 3.5e-06 3.05e-06 3.25e-06 2.85e-06 2.55e-06 3e-06 3.95e-06 3.4e-06 3.6e-06 3.55e-06 2.95e-06 2.9e-06 1.8e-06 3.9e-06 3.85e-06 2.9e-06
34 2.4e-06 2.55e-06 3.2e-06 2.85e-06 2.2e-06 2.8e-06 1.55e-06 1.7e-06 2.25e-06 2.2e-06 1.8e-06 2.8e-06 2.4e-06 3.05e-06 3e-06 1.6e-06 2.25e-06 2.1e-06 1.9e-06 2.9e-06 2.15e-06 2.45e-06 2.9e-06 1.95e-06 3.55e-06 2.75e-06 2.65e-06 3.65e-06 1.95e-06 3.8e-06 2.9e-06 3e-06 2.95e-06 3.8e-06 2.9e-06 2.4e-06 2.5e-06 2.3e-06 2.45e-06 1.75e-06 2.7e-06 2.55e-06 2.85e-06 3.2e-06 3.05e-06 1.95e-06 2.15e-06 2.2e-06 2.15e-06 2.65e-06 3.1e-06 3.65e-06 1.95e-06 2.3e-06 2.8e-06
35 2.9e-06 2.9e-06 3.35e-06 3.15e-06 2.65e-06 3.25e-06 2.5e-06 2.2e-06 2.55e-06 2.5e-06 2.65e-06 3.15e-06 3.05e-06 3.35e-06 2.7e-06 2.55e-06 2.55e-06 2.65e-06 2.7e-06 3.2e-06 2.95e-06 2.8e-06 3.1e-06 2.7e-06 3.55e-06 2.75e-06 2.8e-06 3.8e-06 2.55e-06 3.5e-06 3.2e-06 3.2e-06 3.4e-06 3.65e-06 2.4e-06 3.7e-06 3.05e-06 2.6e-06 1.9e-06 2.6e-06 3.25e-06 2.8e-06 3.1e-06 3.6e-06 3.2e-06 2.4e-06 2.45e-06 2.65e-06 2.6e-06 3.2e-06 3.25e-06 3.8e-06 2.55e-06 2.6e-06 3e-06
36 2.7e-06 2.75e-06 3.05e-06 2.9e-06 2.75e-06 2.2e-06 2.05e-06 2.15e-06 2.95e-06 2.9e-06 2.55e-06 2.95e-06 2.3e-06 3.05e-06 3.5e-06 1.9e-06 2.95e-06 2.35e-06 2.65e-06 2.5e-06 2.55e-06 2.4e-06 1.8e-06 2e-06 1.75e-06 2.75e-06 3.1e-06 1.65e-06 2.3e-06 2.6e-06 2.9e-06 3.1e-06 2.2e-06 2.7e-06 2.5e-06 3.05e-06 2.6e-06 2.55e-06 3.1e-06 1.9e-06 1.75e-06 2.9e-06 3.25e-06 2.3e-06 2.5e-06 2.55e-06 2.55e-06 2.75e-06 2.7e-06 2.1e-06 2.45e-06 1.65e-06 2.3e-06 3e-06 3e-06
37 2.6e-06 2.15e-06 2.85e-06 2.95e-06 2.25e-06 2.75e-06 2.3e-06 2.3e-06 2.35e-06 2.3e-06 2.4e-06 3.15e-06 2.5e-06 3.25e-06 2.1e-06 2.4e-06 2.35e-06 2.15e-06 2.35e-06 2.85e-06 2.45e-06 2.15e-06 2.6e-06 2.9e-06 3.15e-06 2.75e-06 2.35e-06 3.25e-06 2.35e-06 3.15e-06 2.5e-06 2.95e-06 2.9e-06 3.4e-06 2.3e-06 2.6e-06 2.55e-06 3.5e-06 2.65e-06 2.15e-06 2.75e-06 2.3e-06 3e-06 2.85e-06 3.1e-06 2.45e-06 1.95e-06 2.25e-06 2.2e-06 2.95e-06 2.9e-06 3.25e-06 2.35e-06 2.4e-06 2.85e-06
38 2.95e-06 2.95e-06 3.4e-06 3.2e-06 2.7e-06 3.3e-06 2.55e-06 2.25e-06 2.6e-06 2.55e-06 2.7e-06 3.2e-06 3.1e-06 3.4e-06 2.75e-06 2.6e-06 2.6e-06 2.7e-06 2.75e-06 3.25e-06 3e-06 2.85e-06 3.15e-06 2.75e-06 3.6e-06 2.8e-06 2.85e-06 3.85e-06 2.6e-06 3.55e-06 3.25e-06 3.25e-06 3.45e-06 3.7e-06 2.45e-06 1.9e-06 3.1e-06 2.65e-06 3.8e-06 2.65e-06 3.3e-06 2.85e-06 3.15e-06 3.65e-06 3.25e-06 2.45e-06 2.5e-06 2.7e-06 2.65e-06 3.25e-06 3.3e-06 3.85e-06 2.6e-06 2.65e-06 3.05e-06
39 2.35e-06 1.85e-06 2.95e-06 1.9e-06 2e-06 1.85e-06 1.1e-06 1.5e-06 2.25e-06 2.2e-06 1.05e-06 2.55e-06 1.65e-06 2.55e-06 3.05e-06 1.2e-06 2.25e-06 1.6e-06 1.75e-06 2.65e-06 1.05e-06 2.4e-06 2.7e-06 1.65e-06 3.05e-06 2.7e-06 2.2e-06 3e-06 1.85e-06 3.15e-06 2.05e-06 2.55e-06 2e-06 3.5e-06 1.75e-06 2.6e-06 1.9e-06 2.15e-06 2.65e-06 1.7e-06 2.15e-06 2.5e-06 3.15e-06 2.45e-06 2.9e-06 1.5e-06 1.9e-06 2e-06 1.95e-06 2.1e-06 2.45e-06 3e-06 1.85e-06 2.3e-06 2.3e-06
40 2.9e-06 2.9e-06 3.2e-06 3.05e-06 2.75e-06 2.4e-06 2.05e-06 2.35e-06 2.95e-06 2.9e-06 2.55e-06 3.1e-06 2.3e-06 3.2e-06 3.5e-06 2.05e-06 2.95e-06 2.55e-06 3e-06 2.9e-06 2.7e-06 2.8e-06 2.2e-06 2.2e-06 2.15e-06 2.95e-06 3.25e-06 2.05e-06 2.5e-06 2.8e-06 2.95e-06 3.25e-06 2.55e-06 3.05e-06 2.7e-06 3.25e-06 1.75e-06 2.75e-06 3.3e-06 2.15e-06 3.4e-06 3.1e-06 3.6e-06 2.5e-06 2.85e-06 2.75e-06 2.55e-06 2.75e-06 2.7e-06 2.3e-06 2.65e-06 2.05e-06 2.5e-06 3e-06 3.15e-06
41 2.8e-06 2.4e-06 2.35e-06 3.25e-06 2.55e-06 2.8e-06 2.8e-06 2.7e-06 2.6e-06 2.55e-06 2.65e-06 3.3e-06 2.65e-06 3.35e-06 2.2e-06 2.9e-06 2.6e-06 2.3e-06 2.45e-06 2.75e-06 2.65e-06 2.2e-06 2.7e-06 3.4e-06 3.2e-06 3.05e-06 2.5e-06 3.3e-06 2.6e-06 3.3e-06 2.7e-06 2.95e-06 2.95e-06 3.25e-06 2.55e-06 2.8e-06 2.9e-06 2.3e-06 2.85e-06 2.5e-06 3.1e-06 3.1e-06 2.9e-06 2.4e-06 3.4e-06 2.7e-06 2.25e-06 2.55e-06 2.5e-06 3.15e-06 3.25e-06 3.3e-06 2.6e-06 2.65e-06 3e-06
42 3.3e-06 3.25e-06 2.75e-06 3.05e-06 3.4e-06 3.35e-06 3.55e-06 3.3e-06 3.45e-06 3.4e-06 3.45e-06 2.85e-06 3.3e-06 2.9e-06 3.1e-06 3.5e-06 3.45e-06 3.05e-06 2.6e-06 2.75e-06 3.35e-06 2.9e-06 3.2e-06 3.7e-06 3.4e-06 3.4e-06 3.2e-06 3.55e-06 3.35e-06 3.65e-06 3.55e-06 2.85e-06 3.35e-06 2.85e-06 2.85e-06 3.1e-06 3.25e-06 3e-06 3.15e-06 3.15e-06 3.6e-06 2.9e-06 3.8e-06 3.45e-06 3.5e-06 3.35e-06 3.1e-06 3.4e-06 3.35e-06 3.65e-06 3.7e-06 3.55e-06 3.35e-06 3.5e-06 2.75e-06
43 3.2e-06 2.5e-06 2.5e-06 2.75e-06 2.95e-06 1.9e-06 2.95e-06 3.25e-06 3.25e-06 3.2e-06 2.55e-06 3.35e-06 2.2e-06 3.35e-06 3e-06 2.95e-06 3.25e-06 2.55e-06 2.9e-06 2.45e-06 2.4e-06 2.55e-06 2.45e-06 3.1e-06 1.85e-06 3.15e-06 2.85e-06 1.75e-06 3.1e-06 2.05e-06 2.35e-06 3e-06 2.05e-06 2.55e-06 3.2e-06 3.6e-06 2.3e-06 2.85e-06 3.65e-06 2.45e-06 2.5e-06 2.4e-06 3.45e-06 3e-06 3.15e-06 3.05e-06 2.75e-06 2.95e-06 2.9e-06 2.35e-06 2.35e-06 1.75e-06 3.1e-06 3.3e-06 3.05e-06
44 2.85e-06 3.05e-06 3.3e-06 3.5e-06 2.85e-06 3e-06 2.85e-06 3.05e-06 3e-06 2.95e-06 3.15e-06 3.25e-06 3.15e-06 3.5e-06 3.05e-06 2.55e-06 3e-06 3.4e-06 3.3e-06 3.2e-06 3.35e-06 3.6e-06 3.05e-06 2.45e-06 2.8e-06 2.65e-06 3.25e-06 2.7e-06 3.25e-06 3.3e-06 3.15e-06 3.35e-06 3e-06 3e-06 3.05e-06 3.2e-06 2.5e-06 3.1e-06 3.25e-06 2.9e-06 2.85e-06 3.4e-06 3.5e-06 3.15e-06 4e-06 3.35e-06 2.85e-06 2.85e-06 2.8e-06 2.85e-06 2.9e-06 2.7e-06 3.25e-06 3.05e-06 3.25e-06
45 2.7e-06 2.4e-06 3.45e-06 2.3e-06 2.45e-06 2.4e-06 1.6e-06 1.55e-06 2.55e-06 2.5e-06 1.5e-06 2.9e-06 2.2e-06 3e-06 3.45e-06 1.7e-06 2.55e-06 1.8e-06 2.05e-06 2.95e-06 1.6e-06 2.35e-06 2.85e-06 2e-06 3.45e-06 3e-06 2.6e-06 3.55e-06 1.9e-06 3.55e-06 2.6e-06 2.9e-06 2.55e-06 3.95e-06 1.95e-06 2.4e-06 2.55e-06 2.45e-06 2.45e-06 1.5e-06 2.75e-06 2.7e-06 3.35e-06 3.05e-06 3.35e-06 2.8e-06 2.4e-06 2.45e-06 2.4e-06 2.55e-06 2.85e-06 3.55e-06 1.9e-06 2.6e-06 2.75e-06
46 2.3e-06 1.95e-06 2.65e-06 2.9e-06 1.65e-06 2.65e-06 1.7e-06 2.1e-06 1.8e-06 1.75e-06 1.95e-06 2.8e-06 2.2e-06 2.9e-06 1.55e-06 1.95e-06 1.8e-06 2.3e-06 2.5e-06 3.05e-06 2.3e-06 2.7e-06 3e-06 2.5e-06 3.35e-06 2.4e-06 2.1e-06 3.4e-06 2.35e-06 3.1e-06 2.25e-06 2.75e-06 2.95e-06 3.4e-06 2.15e-06 2.45e-06 2.55e-06 1.95e-06 2.5e-06 1.9e-06 2.55e-06 2.25e-06 3.1e-06 2.75e-06 2.85e-06 2.4e-06 2.7e-06 1.65e-06 1.6e-06 2.7e-06 2.65e-06 3.4e-06 2.35e-06 1.85e-06 2.65e-06
47 2.25e-06 2.05e-06 2.85e-06 2.95e-06 1.6e-06 2.75e-06 1.65e-06 2.25e-06 1.85e-06 1.8e-06 1.8e-06 2.75e-06 2.3e-06 3e-06 1.85e-06 1.9e-06 1.85e-06 2.5e-06 2.7e-06 3.35e-06 2.3e-06 3.1e-06 3.3e-06 2.25e-06 3.65e-06 2.5e-06 2.3e-06 3.6e-06 2.4e-06 3.4e-06 2.35e-06 2.85e-06 3.05e-06 3.6e-06 2.2e-06 2.65e-06 2.75e-06 2.25e-06 2.7e-06 2e-06 2.75e-06 2.55e-06 3.4e-06 2.95e-06 2.85e-06 2.45e-06 1.65e-06 3.1e-06 1.55e-06 2.65e-06 2.7e-06 3.6e-06 2.4e-06 1.9e-06 2.8e-06
48 2.2e-06 2e-06 2.8e-06 2.9e-06 1.55e-06 2.7e-06 1.6e-06 2.2e-06 1.8e-06 1.75e-06 1.75e-06 2.7e-06 2.25e-06 2.95e-06 1.8e-06 1.85e-06 1.8e-06 2.45e-06 2.65e-06 3.3e-06 2.25e-06 3.05e-06 3.25e-06 2.2e-06 3.6e-06 2.45e-06 2.25e-06 3.55e-06 2.35e-06 3.35e-06 2.3e-06 2.8e-06 3e-06 3.55e-06 2.15e-06 2.6e-06 2.7e-06 2.2e-06 2.65e-06 1.95e-06 2.7e-06 2.5e-06 3.35e-06 2.9e-06 2.8e-06 2.4e-06 1.6e-06 1.55e-06 3e-06 2.6e-06 2.65e-06 3.55e-06 2.35e-06 1.85e-06 2.75e-06
49 2.85e-06 2.7e-06 3.25e-06 2.7e-06 2.6e-06 2.1e-06 2.05e-06 2.45e-06 2.9e-06 2.85e-06 2.1e-06 2.95e-06 2.25e-06 3.2e-06 3.5e-06 2.1e-06 2.9e-06 2.55e-06 2.85e-06 2.8e-06 2.3e-06 2.85e-06 2.6e-06 2e-06 2.2e-06 2.9e-06 3.05e-06 2.1e-06 2.6e-06 2.55e-06 2.65e-06 3.1e-06 2.25e-06 2.95e-06 2.65e-06 3.2e-06 2.1e-06 2.95e-06 3.25e-06 2.1e-06 2.3e-06 3.15e-06 3.65e-06 2.35e-06 2.85e-06 2.55e-06 2.7e-06 2.65e-06 2.6e-06 4e-06 2.35e-06 2.1e-06 2.55e-06 2.9e-06 3.05e-06
50 3.05e-06 2.55e-06 3.25e-06 2.7e-06 2.7e-06 2.2e-06 2.65e-06 2.9e-06 3e-06 2.95e-06 2.35e-06 3.25e-06 2.5e-06 3.4e-06 2.95e-06 2.65e-06 3e-06 2.85e-06 3.1e-06 2.85e-06 2.55e-06 2.95e-06 2.9e-06 2.65e-06 2.3e-06 2.9e-06 2.9e-06 2.15e-06 3.1e-06 2.25e-06 2.5e-06 3.2e-06 2.35e-06 2.9e-06 3.1e-06 3.25e-06 2.45e-06 2.9e-06 3.3e-06 2.45e-06 2.65e-06 3.25e-06 3.7e-06 2.35e-06 2.9e-06 2.85e-06 2.65e-06 2.7e-06 2.65e-06 2.35e-06 3.9e-06 2.2e-06 3.1e-06 3.05e-06 3.05e-06
51 3.45e-06 3.15e-06 3.1e-06 3.1e-06 3.6e-06 1.85e-06 3.55e-06 3.6e-06 3.85e-06 3.8e-06 3.45e-06 3.6e-06 2.55e-06 3.6e-06 3.7e-06 3.3e-06 3.85e-06 2.95e-06 3.35e-06 2.25e-06 3.15e-06 2.55e-06 1.65e-06 3.05e-06 6e-07 3.15e-06 3.5e-06 4.5e-07 3.35e-06 1.45e-06 2.9e-06 3.25e-06 1.85e-06 1.8e-06 3.65e-06 3.8e-06 1.65e-06 3.25e-06 3.85e-06 3e-06 2.05e-06 3.3e-06 3.55e-06 1.75e-06 2.7e-06 3.55e-06 3.4e-06 3.6e-06 3.55e-06 2.1e-06 2.2e-06 8e-07 3.35e-06 3.9e-06 3.4e-06
52 2.6e-06 2.7e-06 3.35e-06 2.95e-06 2.35e-06 2.8e-06 1.55e-06 1.55e-06 2.45e-06 2.4e-06 2e-06 2.85e-06 2.35e-06 3.15e-06 3.35e-06 1.7e-06 2.45e-06 1.9e-06 2.4e-06 3.1e-06 2.3e-06 2.15e-06 2.3e-06 1.95e-06 3.25e-06 2.95e-06 2.9e-06 3.35e-06 1.55e-06 3.65e-06 2.9e-06 3.25e-06 2.95e-06 3.9e-06 1.95e-06 2.55e-06 2.3e-06 2.35e-06 2.6e-06 1.85e-06 2.5e-06 2.6e-06 3.35e-06 3.1e-06 3.25e-06 1.9e-06 2.35e-06 2.4e-06 2.35e-06 2.55e-06 3.1e-06 3.35e-06 3e-06 2.45e-06 3.15e-06
53 2.45e-06 2.4e-06 3.1e-06 3.25e-06 1.85e-06 3.1e-06 1.85e-06 2.3e-06 1.85e-06 1.8e-06 2.15e-06 2.95e-06 2.6e-06 3.25e-06 2e-06 2.1e-06 1.85e-06 2.65e-06 2.85e-06 3.55e-06 2.65e-06 3.1e-06 3.4e-06 2.45e-06 3.8e-06 2.6e-06 2.45e-06 3.9e-06 2.5e-06 3.5e-06 2.65e-06 3.1e-06 3.4e-06 3.85e-06 2.3e-06 2.6e-06 3e-06 2.4e-06 2.65e-06 2.3e-06 3e-06 2.65e-06 3.5e-06 3.3e-06 3.05e-06 2.6e-06 1.85e-06 1.9e-06 1.85e-06 2.9e-06 3.05e-06 3.9e-06 2.45e-06 3.6e-06 3.05e-06
54 3e-06 2.55e-06 2.65e-06 1.95e-06 2.8e-06 2.6e-06 2.65e-06 2.9e-06 3e-06 2.95e-06 2.3e-06 2.75e-06 2.5e-06 2.75e-06 3e-06 2.75e-06 3e-06 2.7e-06 2.6e-06 3.1e-06 2.25e-06 3.35e-06 3.45e-06 2.95e-06 3.4e-06 3.15e-06 2.75e-06 3.4e-06 3.15e-06 3.35e-06 2.75e-06 2.4e-06 2.75e-06 2.9e-06 2.8e-06 3e-06 3e-06 2.85e-06 3.05e-06 2.3e-06 3.15e-06 3e-06 2.75e-06 3.05e-06 3.25e-06 2.75e-06 2.65e-06 2.8e-06 2.75e-06 3.05e-06 3.05e-06 3.4e-06 3.15e-06 3.05e-06 3.7e-06
