 slim_762364632 slim_762364646 slim_762364641 slim_762364630 slim_762364655 slim_762364671 slim_762364629 slim_762364614 slim_762364645 slim_762364635 slim_762364659 slim_762364643 slim_762364617 slim_762364639 slim_762364657 slim_762364658 slim_762364633 slim_762364642 slim_762364618 slim_762364636 slim_762364656 slim_762364651 slim_762364664 slim_762364663 slim_762364622 slim_762364620 slim_762364628 slim_762364644 slim_762364665 slim_762364648 slim_762364623 slim_762364616 slim_762364624 slim_762364660 slim_762364668 slim_762364661 slim_762364627 slim_762364631 slim_762364672 slim_762364667 slim_762364613 slim_762364673 slim_762364654 slim_762364652 slim_762364625 slim_762364634 slim_762364666 slim_762364640 slim_762364612 slim_762364670 slim_762364626 slim_762364619 slim_762364647 slim_762364650 slim_762364649 slim_762364638 slim_762364669 slim_762364611 slim_762364662 slim_762364653 slim_762364621 slim_762364637 slim_762364615
0 4.2e-06 2.65e-06 2.7e-06 2.65e-06 2.6e-06 2.6e-06 2.4e-06 2.65e-06 2.1e-06 2.4e-06 2.45e-06 2.35e-06 2.55e-06 2.7e-06 2.45e-06 2.3e-06 2.15e-06 2.7e-06 2.75e-06 2.1e-06 2.3e-06 2.25e-06 2.3e-06 2.9e-06 2.2e-06 2.6e-06 2.55e-06 2.45e-06 2.4e-06 3.05e-06 2.55e-06 3.8e-06 2.75e-06 2.4e-06 2.4e-06 2.5e-06 2.55e-06 2.8e-06 2.6e-06 2.15e-06 2.5e-06 2.65e-06 2.25e-06 2.25e-06 2.75e-06 2.4e-06 2.15e-06 2.6e-06 2.45e-06 2.3e-06 2.4e-06 2.25e-06 2.85e-06 2.5e-06 2.65e-06 3.9e-06 3.45e-06 2.7e-06 2.55e-06 2.5e-06 2.5e-06 2.7e-06 3.2e-06
1 2.65e-06 1.8e-06 2.35e-06 3.5e-06 2.1e-06 1.6e-06 2.9e-06 4.65e-06 2.15e-06 2.95e-06 1.75e-06 2.9e-06 3.95e-06 1.25e-06 1.25e-06 2.8e-06 2.65e-06 3.5e-06 1.85e-06 9e-07 3.3e-06 1.15e-06 1.6e-06 3.05e-06 2.25e-06 3.25e-06 3e-06 2.3e-06 3.45e-06 3.6e-06 3.15e-06 3.9e-06 2.8e-06 3e-06 2.2e-06 2.25e-06 4.35e-06 4.1e-06 4.15e-06 3.15e-06 2.2e-06 4.65e-06 1.8e-06 3.25e-06 1.95e-06 4.05e-06 1.45e-06 2.45e-06 3.4e-06 1.35e-06 2.35e-06 1.05e-06 1.4e-06 2.9e-06 2.95e-06 3.05e-06 3.1e-06 3.35e-06 3.95e-06 4e-06 2.95e-06 4.05e-06 3e-06
2 2.7e-06 2.35e-06 3.1e-06 3.95e-06 2.15e-06 2e-06 2.8e-06 4.15e-06 2.65e-06 2.55e-06 1.8e-06 2.8e-06 3.85e-06 2.15e-06 2.2e-06 2.85e-06 2.7e-06 3.85e-06 2.6e-06 1.85e-06 3.25e-06 1.9e-06 2.1e-06 3.05e-06 2.75e-06 2.95e-06 3.5e-06 2.8e-06 3.65e-06 4.25e-06 2.85e-06 3.85e-06 2.45e-06 3.05e-06 2.85e-06 1.95e-06 3.75e-06 4.2e-06 4e-06 2.75e-06 3e-06 4.1e-06 1.85e-06 2.85e-06 2.5e-06 3.8e-06 1.95e-06 1.75e-06 3.75e-06 1.8e-06 2.95e-06 2e-06 2.3e-06 3.1e-06 3.15e-06 4.25e-06 3.85e-06 3.3e-06 3.85e-06 3.75e-06 3.1e-06 3.4e-06 3.75e-06
3 2.65e-06 3.5e-06 3.95e-06 2e-06 3.8e-06 3.15e-06 2.7e-06 2.15e-06 2.15e-06 2.75e-06 3.95e-06 2.6e-06 1.55e-06 3.4e-06 3.65e-06 2.8e-06 2.65e-06 1.4e-06 2.95e-06 3.3e-06 2.1e-06 3.35e-06 4e-06 2.85e-06 2.25e-06 2.75e-06 1.7e-06 2.1e-06 1.2e-06 1.45e-06 2.9e-06 3.85e-06 4.2e-06 2.9e-06 2.35e-06 4.45e-06 2.4e-06 1.7e-06 1.55e-06 3.15e-06 2.2e-06 2.05e-06 4e-06 3.25e-06 2.85e-06 1.55e-06 3.85e-06 4.45e-06 1e-06 3.35e-06 2.25e-06 3.45e-06 3.55e-06 2.8e-06 2.85e-06 3.35e-06 3.25e-06 2.35e-06 1.55e-06 1.75e-06 2.85e-06 2.95e-06 2.9e-06
4 2.6e-06 2.1e-06 2.15e-06 3.8e-06 3.4e-06 2.3e-06 2.75e-06 3.9e-06 2.55e-06 2.65e-06 1.85e-06 2.75e-06 3.75e-06 2.2e-06 1.95e-06 2.65e-06 2.6e-06 3.7e-06 2.3e-06 1.7e-06 3.2e-06 1.85e-06 1.9e-06 2.95e-06 2.65e-06 3.05e-06 3.4e-06 2.8e-06 3.55e-06 4e-06 2.9e-06 3.65e-06 2.35e-06 2.8e-06 2.7e-06 1.85e-06 3.7e-06 4e-06 3.8e-06 2.65e-06 2.85e-06 3.85e-06 1.85e-06 2.75e-06 2.45e-06 3.65e-06 1.8e-06 2e-06 3.65e-06 1.95e-06 2.7e-06 1.7e-06 2.35e-06 2.8e-06 3.05e-06 3.9e-06 3.6e-06 3.3e-06 3.75e-06 3.65e-06 2.95e-06 3.35e-06 3.5e-06
5 2.6e-06 1.6e-06 2e-06 3.15e-06 2.3e-06 1.1e-06 2.6e-06 4.5e-06 2.1e-06 2.8e-06 1.9e-06 2.55e-06 3.55e-06 1.25e-06 1.5e-06 2.75e-06 2.6e-06 3.65e-06 1.85e-06 1.15e-06 3.15e-06 1.2e-06 1.85e-06 2.75e-06 2.2e-06 2.55e-06 2.9e-06 1.9e-06 3.35e-06 3.65e-06 2.7e-06 3.75e-06 2.65e-06 2.95e-06 2.4e-06 2.3e-06 4e-06 3.9e-06 3.85e-06 3.1e-06 2.1e-06 4.3e-06 1.65e-06 3.2e-06 1.75e-06 3.7e-06 1.7e-06 2.7e-06 3e-06 9.5e-07 2.35e-06 1.3e-06 1.4e-06 2.85e-06 2.6e-06 3.5e-06 3.15e-06 2.75e-06 3.55e-06 3.9e-06 2.9e-06 3.5e-06 2.9e-06
6 2.4e-06 2.9e-06 2.8e-06 2.7e-06 2.75e-06 2.6e-06 4.2e-06 2.6e-06 2.35e-06 2.65e-06 2.45e-06 2.2e-06 3.05e-06 2.9e-06 2.45e-06 2.55e-06 2.4e-06 2.7e-06 3e-06 2.1e-06 2.35e-06 2.15e-06 2.35e-06 3.15e-06 2.45e-06 2.4e-06 2.15e-06 2.7e-06 2.65e-06 3.1e-06 2.55e-06 3.75e-06 2.7e-06 2.3e-06 2.4e-06 2.55e-06 2.6e-06 3.15e-06 2.25e-06 2.45e-06 2.75e-06 2.35e-06 2.25e-06 2.55e-06 2.9e-06 2.5e-06 2.2e-06 2.8e-06 2.95e-06 2.25e-06 2.2e-06 2.25e-06 3.05e-06 2.35e-06 2.95e-06 4.1e-06 3.4e-06 2.9e-06 3.05e-06 2.75e-06 2.35e-06 2.5e-06 3e-06
7 2.65e-06 4.65e-06 4.15e-06 2.15e-06 3.9e-06 4.5e-06 2.6e-06 9e-07 3.1e-06 2.9e-06 4.1e-06 2.45e-06 2e-06 4.6e-06 4.6e-06 2.85e-06 2.7e-06 1.95e-06 4.25e-06 4.25e-06 1.95e-06 4.3e-06 4e-06 3.35e-06 3.2e-06 2.55e-06 2.25e-06 3.55e-06 1.95e-06 2.2e-06 2.5e-06 3.75e-06 3.25e-06 2.3e-06 3.1e-06 3.6e-06 1.3e-06 1.6e-06 1.1e-06 2.25e-06 3.55e-06 6e-07 3.85e-06 2.35e-06 4.15e-06 1.3e-06 3.85e-06 3.6e-06 2.35e-06 4.35e-06 3e-06 4.4e-06 4.75e-06 2.55e-06 3.25e-06 4.3e-06 4e-06 2.75e-06 2e-06 1.6e-06 2.6e-06 1.75e-06 3.65e-06
8 2.1e-06 2.15e-06 2.65e-06 2.15e-06 2.55e-06 2.1e-06 2.35e-06 3.1e-06 3.2e-06 2.35e-06 2.4e-06 2.3e-06 2.5e-06 2.2e-06 1.95e-06 2.25e-06 2.1e-06 2.2e-06 2.25e-06 1.6e-06 2.25e-06 1.75e-06 2.3e-06 2.85e-06 1.7e-06 2.55e-06 2.05e-06 1.95e-06 1.9e-06 2.55e-06 2.6e-06 3.8e-06 3.15e-06 2.55e-06 1.9e-06 2.95e-06 2.95e-06 2.8e-06 2.55e-06 2.6e-06 2e-06 3.05e-06 2.35e-06 2.7e-06 2.25e-06 2.35e-06 2.15e-06 3e-06 1.95e-06 1.8e-06 1.9e-06 1.75e-06 2.35e-06 2.45e-06 2.65e-06 3.45e-06 3e-06 2.65e-06 2.5e-06 2.45e-06 2.5e-06 3.1e-06 2.75e-06
9 2.4e-06 2.95e-06 2.55e-06 2.75e-06 2.65e-06 2.8e-06 2.65e-06 2.9e-06 2.35e-06 4.2e-06 2.4e-06 2.55e-06 2.55e-06 2.85e-06 2.95e-06 2.55e-06 2.4e-06 2.9e-06 2.85e-06 2.6e-06 2.5e-06 2.65e-06 2.85e-06 2.7e-06 2.45e-06 2.8e-06 2.85e-06 2.55e-06 2.5e-06 3.25e-06 2.75e-06 3.7e-06 2.75e-06 2.8e-06 2.75e-06 2.6e-06 2.65e-06 2.95e-06 2.8e-06 2.45e-06 2.75e-06 2.85e-06 2.65e-06 2.55e-06 2.75e-06 2.5e-06 2.7e-06 2.6e-06 2.45e-06 2.65e-06 2.75e-06 2.75e-06 3e-06 2.85e-06 2.85e-06 4.05e-06 3.8e-06 2.7e-06 2.55e-06 2.6e-06 2.9e-06 2.8e-06 3.55e-06
10 2.45e-06 1.75e-06 1.8e-06 3.95e-06 1.85e-06 1.9e-06 2.45e-06 4.1e-06 2.4e-06 2.4e-06 2.1e-06 2.45e-06 4.15e-06 1.95e-06 1.4e-06 2.6e-06 2.4e-06 3.85e-06 2.35e-06 1.05e-06 3.05e-06 1.2e-06 1.3e-06 3.05e-06 2.5e-06 2.85e-06 3e-06 2.7e-06 3.8e-06 4.3e-06 2.85e-06 3.8e-06 2.05e-06 2.55e-06 2.45e-06 1.4e-06 3.7e-06 4.4e-06 3.75e-06 2.5e-06 2.75e-06 3.9e-06 1.3e-06 2.6e-06 2.35e-06 3.85e-06 1.15e-06 1.65e-06 4.05e-06 1.4e-06 2.4e-06 1.2e-06 2.1e-06 2.6e-06 3.05e-06 4.15e-06 3.55e-06 3.35e-06 4.15e-06 3.9e-06 2.6e-06 3.2e-06 3.3e-06
11 2.35e-06 2.9e-06 2.8e-06 2.6e-06 2.75e-06 2.55e-06 2.2e-06 2.45e-06 2.3e-06 2.55e-06 2.45e-06 4.1e-06 2.9e-06 2.9e-06 2.5e-06 2.5e-06 2.35e-06 2.65e-06 2.95e-06 2.15e-06 2.25e-06 2.2e-06 2.4e-06 3.05e-06 2.4e-06 2.35e-06 2.1e-06 2.6e-06 2.55e-06 3e-06 2.5e-06 3.7e-06 2.7e-06 2.2e-06 2.4e-06 2.55e-06 2.5e-06 3e-06 2.15e-06 2.4e-06 2.7e-06 2.15e-06 2.3e-06 2.5e-06 2.85e-06 2.35e-06 2.25e-06 2.75e-06 2.8e-06 2.3e-06 2.2e-06 2.3e-06 3.05e-06 2.25e-06 2.9e-06 4.05e-06 3.4e-06 2.8e-06 2.9e-06 2.65e-06 2.35e-06 2.35e-06 3e-06
12 2.55e-06 3.95e-06 3.85e-06 1.55e-06 3.75e-06 3.55e-06 3.05e-06 2e-06 2.5e-06 2.55e-06 4.15e-06 2.9e-06 1.9e-06 3.7e-06 4.4e-06 2.6e-06 2.55e-06 2.15e-06 3.3e-06 4.05e-06 2.2e-06 4.1e-06 4.3e-06 2.55e-06 2.6e-06 3e-06 2.85e-06 2.35e-06 1.55e-06 2.1e-06 2.85e-06 3.85e-06 3.8e-06 3.15e-06 3.1e-06 4.1e-06 1.85e-06 1.5e-06 2.15e-06 2.6e-06 2.55e-06 2.1e-06 4.05e-06 2.6e-06 3.2e-06 1.55e-06 4.15e-06 3.95e-06 9.5e-07 3.95e-06 3.2e-06 4.2e-06 3.85e-06 3.2e-06 2.55e-06 3.7e-06 3.9e-06 2.1e-06 9.5e-07 1.55e-06 3.3e-06 2.75e-06 3.7e-06
13 2.7e-06 1.25e-06 2.15e-06 3.4e-06 2.2e-06 1.25e-06 2.9e-06 4.6e-06 2.2e-06 2.85e-06 1.95e-06 2.9e-06 3.7e-06 2.3e-06 1.6e-06 2.85e-06 2.7e-06 3.55e-06 1.9e-06 1.25e-06 3.3e-06 1.4e-06 1.95e-06 2.85e-06 2.3e-06 3e-06 3.15e-06 2.2e-06 3.35e-06 3.6e-06 2.95e-06 3.75e-06 2.75e-06 3.15e-06 2.4e-06 2.35e-06 4.2e-06 3.95e-06 4.15e-06 3.2e-06 2.25e-06 4.6e-06 1.9e-06 3.3e-06 1.9e-06 3.9e-06 1.8e-06 2.6e-06 3.15e-06 1.3e-06 2.55e-06 1.4e-06 1.3e-06 3.05e-06 2.85e-06 3.1e-06 3.2e-06 3.1e-06 3.7e-06 3.9e-06 3.1e-06 3.9e-06 3.1e-06
14 2.45e-06 1.25e-06 2.2e-06 3.65e-06 1.95e-06 1.5e-06 2.45e-06 4.6e-06 1.95e-06 2.95e-06 1.4e-06 2.5e-06 4.4e-06 1.6e-06 7e-07 2.5e-06 2.45e-06 3.45e-06 1.95e-06 3.5e-07 3.1e-06 6e-07 1e-06 3.5e-06 2.05e-06 2.9e-06 2.5e-06 2.4e-06 3.5e-06 3.9e-06 3e-06 4.2e-06 2.75e-06 2.55e-06 1.9e-06 2.05e-06 4.3e-06 4.55e-06 3.8e-06 2.95e-06 2.3e-06 4.4e-06 1.3e-06 3.05e-06 2.15e-06 4e-06 9e-07 2.35e-06 3.85e-06 8.5e-07 1.75e-06 4e-07 1.75e-06 2.4e-06 3.15e-06 3.85e-06 3.05e-06 3.6e-06 4.4e-06 4.05e-06 2.5e-06 3.8e-06 2.8e-06
15 2.3e-06 2.8e-06 2.85e-06 2.8e-06 2.65e-06 2.75e-06 2.55e-06 2.85e-06 2.25e-06 2.55e-06 2.6e-06 2.5e-06 2.6e-06 2.85e-06 2.5e-06 4.5e-06 2.3e-06 2.85e-06 2.8e-06 2.25e-06 2.45e-06 2.4e-06 2.45e-06 3.05e-06 2.35e-06 2.75e-06 2.7e-06 2.6e-06 2.55e-06 3.2e-06 2.7e-06 3.95e-06 2.9e-06 2.55e-06 2.55e-06 2.7e-06 2.6e-06 3e-06 2.75e-06 2.35e-06 2.65e-06 2.8e-06 2.45e-06 2.35e-06 2.9e-06 2.55e-06 2.35e-06 2.75e-06 2.6e-06 2.45e-06 2.45e-06 2.3e-06 3e-06 2.55e-06 2.85e-06 4.05e-06 3.6e-06 2.85e-06 2.6e-06 2.55e-06 2.7e-06 2.85e-06 3.35e-06
16 2.15e-06 2.65e-06 2.7e-06 2.65e-06 2.6e-06 2.6e-06 2.4e-06 2.7e-06 2.1e-06 2.4e-06 2.4e-06 2.35e-06 2.55e-06 2.7e-06 2.45e-06 2.3e-06 4.2e-06 2.7e-06 2.75e-06 2.1e-06 2.3e-06 2.25e-06 2.35e-06 2.9e-06 2.2e-06 2.6e-06 2.55e-06 2.45e-06 2.4e-06 3.05e-06 2.55e-06 3.8e-06 2.75e-06 2.45e-06 2.4e-06 2.55e-06 2.55e-06 2.85e-06 2.6e-06 2.2e-06 2.5e-06 2.65e-06 2.3e-06 2.3e-06 2.75e-06 2.4e-06 2.2e-06 2.6e-06 2.45e-06 2.3e-06 2.4e-06 2.25e-06 2.85e-06 2.5e-06 2.7e-06 3.9e-06 3.45e-06 2.7e-06 2.55e-06 2.5e-06 2.55e-06 2.7e-06 3.2e-06
17 2.7e-06 3.5e-06 3.85e-06 1.4e-06 3.7e-06 3.65e-06 2.7e-06 1.95e-06 2.2e-06 2.9e-06 3.85e-06 2.65e-06 2.15e-06 3.55e-06 3.45e-06 2.85e-06 2.7e-06 0.0 3.2e-06 3.1e-06 1.95e-06 3.15e-06 3.8e-06 3.45e-06 2.3e-06 2.85e-06 1.35e-06 2.55e-06 6.5e-07 6.5e-07 2.55e-06 3.75e-06 4.3e-06 2.85e-06 1.55e-06 4.5e-06 2.45e-06 1.9e-06 1.55e-06 3.2e-06 2.55e-06 2.15e-06 3.95e-06 3.3e-06 3.1e-06 1.75e-06 3.65e-06 4.3e-06 1.6e-06 3.3e-06 2.1e-06 3.25e-06 3.7e-06 2.75e-06 3.4e-06 3.2e-06 2.9e-06 2.85e-06 2.15e-06 1.2e-06 2.75e-06 3.05e-06 3.05e-06
18 2.75e-06 1.85e-06 2.6e-06 2.95e-06 2.3e-06 1.85e-06 3e-06 4.25e-06 2.25e-06 2.85e-06 2.35e-06 2.95e-06 3.3e-06 1.9e-06 1.95e-06 2.8e-06 2.75e-06 3.2e-06 3.4e-06 1.7e-06 3.35e-06 1.85e-06 2.35e-06 2.9e-06 2.35e-06 3.2e-06 3.15e-06 2.2e-06 3e-06 3.25e-06 3.15e-06 3.95e-06 3.15e-06 3.15e-06 2.45e-06 2.85e-06 4.1e-06 3.55e-06 3.75e-06 3.25e-06 2.25e-06 4.25e-06 2.45e-06 3.35e-06 1.85e-06 3.55e-06 2.25e-06 2.95e-06 2.75e-06 1.9e-06 2.45e-06 1.7e-06 2.05e-06 3e-06 2.9e-06 3.4e-06 3.35e-06 2.95e-06 3.3e-06 3.55e-06 3.15e-06 3.8e-06 3.2e-06
19 2.1e-06 9e-07 1.85e-06 3.3e-06 1.7e-06 1.15e-06 2.1e-06 4.25e-06 1.6e-06 2.6e-06 1.05e-06 2.15e-06 4.05e-06 1.25e-06 3.5e-07 2.25e-06 2.1e-06 3.1e-06 1.7e-06 0.0 2.75e-06 2.5e-07 7e-07 3.15e-06 1.7e-06 2.55e-06 2.15e-06 2.05e-06 3.15e-06 3.55e-06 2.65e-06 3.85e-06 2.4e-06 2.25e-06 1.55e-06 1.7e-06 3.95e-06 4.2e-06 3.45e-06 2.6e-06 1.95e-06 4.05e-06 9.5e-07 2.7e-06 1.8e-06 3.65e-06 5.5e-07 2e-06 3.5e-06 5e-07 1.5e-06 1.5e-07 1.4e-06 2.15e-06 2.8e-06 3.5e-06 2.7e-06 3.25e-06 4.05e-06 3.7e-06 2.15e-06 3.45e-06 2.45e-06
20 2.3e-06 3.3e-06 3.25e-06 2.1e-06 3.2e-06 3.15e-06 2.35e-06 1.95e-06 2.25e-06 2.5e-06 3.05e-06 2.25e-06 2.2e-06 3.3e-06 3.1e-06 2.45e-06 2.3e-06 1.95e-06 3.35e-06 2.75e-06 3.5e-06 2.8e-06 3e-06 3e-06 2.35e-06 2.5e-06 1.8e-06 2.55e-06 1.85e-06 2.3e-06 2.45e-06 3.7e-06 3.25e-06 2.4e-06 2.35e-06 3.15e-06 2e-06 2.3e-06 1.85e-06 2.35e-06 2.65e-06 1.9e-06 2.9e-06 2.45e-06 3.25e-06 1.85e-06 2.85e-06 3.2e-06 2.1e-06 2.9e-06 2.35e-06 2.9e-06 3.45e-06 2.45e-06 2.85e-06 3.85e-06 3.4e-06 2.7e-06 2.2e-06 1.95e-06 2.5e-06 2.5e-06 3.15e-06
21 2.25e-06 1.15e-06 1.9e-06 3.35e-06 1.85e-06 1.2e-06 2.15e-06 4.3e-06 1.75e-06 2.65e-06 1.2e-06 2.2e-06 4.1e-06 1.4e-06 6e-07 2.4e-06 2.25e-06 3.15e-06 1.85e-06 2.5e-07 2.8e-06 5e-07 9.5e-07 3.2e-06 1.85e-06 2.6e-06 2.2e-06 2.1e-06 3.2e-06 3.6e-06 2.7e-06 3.9e-06 2.5e-06 2.4e-06 1.7e-06 1.85e-06 4e-06 4.25e-06 3.5e-06 2.75e-06 2.1e-06 4.1e-06 1.1e-06 2.85e-06 1.7e-06 3.7e-06 8e-07 2.15e-06 3.55e-06 6.5e-07 1.65e-06 4e-07 1.55e-06 2.3e-06 2.85e-06 3.65e-06 2.85e-06 3.25e-06 4.1e-06 3.75e-06 2.3e-06 3.45e-06 2.6e-06
22 2.3e-06 1.6e-06 2.1e-06 4e-06 1.9e-06 1.85e-06 2.35e-06 4e-06 2.3e-06 2.85e-06 1.3e-06 2.4e-06 4.3e-06 1.95e-06 1e-06 2.45e-06 2.35e-06 3.8e-06 2.35e-06 7e-07 3e-06 9.5e-07 1.4e-06 3.4e-06 2.35e-06 2.8e-06 2.85e-06 2.75e-06 3.85e-06 4.25e-06 2.8e-06 4.05e-06 2.2e-06 2.3e-06 2.25e-06 1.4e-06 3.75e-06 4.4e-06 3.7e-06 2.3e-06 2.65e-06 3.85e-06 1e-06 2.4e-06 2.5e-06 3.9e-06 7e-07 1.8e-06 4.2e-06 1.2e-06 2.15e-06 8e-07 2.1e-06 2.35e-06 3e-06 4.15e-06 3.35e-06 3.5e-06 4.3e-06 3.95e-06 2.3e-06 3.25e-06 3.1e-06
23 2.9e-06 3.05e-06 3.05e-06 2.85e-06 2.95e-06 2.75e-06 3.15e-06 3.35e-06 2.85e-06 2.7e-06 3.05e-06 3.05e-06 2.55e-06 2.85e-06 3.5e-06 3.05e-06 2.9e-06 3.45e-06 2.9e-06 3.15e-06 3e-06 3.2e-06 3.4e-06 4.7e-06 2.95e-06 3.2e-06 3.45e-06 2.6e-06 3e-06 3.35e-06 3.1e-06 3.55e-06 2.95e-06 3.3e-06 3.3e-06 2.85e-06 3.05e-06 2.95e-06 3.35e-06 2.95e-06 2.8e-06 3.3e-06 3.1e-06 3.05e-06 2.8e-06 2.95e-06 3.25e-06 3.1e-06 2.45e-06 3.1e-06 3.35e-06 3.3e-06 3e-06 3.35e-06 2.8e-06 3.75e-06 3.95e-06 2.65e-06 2.55e-06 3.1e-06 3.45e-06 3.2e-06 3.75e-06
24 2.2e-06 2.25e-06 2.75e-06 2.25e-06 2.65e-06 2.2e-06 2.45e-06 3.2e-06 1.7e-06 2.45e-06 2.5e-06 2.4e-06 2.6e-06 2.3e-06 2.05e-06 2.35e-06 2.2e-06 2.3e-06 2.35e-06 1.7e-06 2.35e-06 1.85e-06 2.35e-06 2.95e-06 3.4e-06 2.65e-06 2.15e-06 2.05e-06 2e-06 2.65e-06 2.7e-06 3.9e-06 3.25e-06 2.65e-06 2e-06 3.05e-06 3.05e-06 2.9e-06 2.65e-06 2.7e-06 2.1e-06 3.15e-06 2.45e-06 2.8e-06 2.35e-06 2.45e-06 2.25e-06 3.1e-06 2.05e-06 1.9e-06 2e-06 1.85e-06 2.45e-06 2.55e-06 2.75e-06 3.55e-06 3.1e-06 2.75e-06 2.6e-06 2.55e-06 2.6e-06 3.2e-06 2.85e-06
25 2.6e-06 3.25e-06 2.95e-06 2.75e-06 3.05e-06 2.55e-06 2.4e-06 2.55e-06 2.55e-06 2.8e-06 2.85e-06 2.35e-06 3e-06 3e-06 2.9e-06 2.75e-06 2.6e-06 2.85e-06 3.2e-06 2.55e-06 2.5e-06 2.6e-06 2.8e-06 3.2e-06 2.65e-06 4.3e-06 2.4e-06 2.85e-06 2.7e-06 3.15e-06 2.55e-06 3.8e-06 2.85e-06 2.5e-06 2.7e-06 2.85e-06 2.6e-06 3.1e-06 2.25e-06 2.65e-06 2.95e-06 2.25e-06 2.6e-06 2.75e-06 3.1e-06 2.35e-06 2.65e-06 3.1e-06 2.9e-06 2.45e-06 2.5e-06 2.7e-06 3.1e-06 2.55e-06 3.1e-06 4.2e-06 3.6e-06 2.9e-06 3e-06 2.8e-06 2.5e-06 2.5e-06 3.2e-06
26 2.55e-06 3e-06 3.5e-06 1.7e-06 3.4e-06 2.9e-06 2.15e-06 2.25e-06 2.05e-06 2.85e-06 3e-06 2.1e-06 2.85e-06 3.15e-06 2.5e-06 2.7e-06 2.55e-06 1.35e-06 3.15e-06 2.15e-06 1.8e-06 2.2e-06 2.85e-06 3.45e-06 2.15e-06 2.4e-06 1.5e-06 2.45e-06 1.65e-06 1.8e-06 2.65e-06 3.85e-06 3.8e-06 2.3e-06 1.75e-06 3.65e-06 2.6e-06 2.65e-06 1.4e-06 3.05e-06 2.45e-06 2e-06 3e-06 3.15e-06 3.05e-06 2e-06 2.7e-06 3.85e-06 2.3e-06 2.45e-06 1.55e-06 2.3e-06 3.3e-06 2.2e-06 3.3e-06 3.65e-06 2.9e-06 3.1e-06 2.85e-06 2.2e-06 2.2e-06 2.85e-06 2.5e-06
27 2.45e-06 2.3e-06 2.8e-06 2.1e-06 2.8e-06 1.9e-06 2.7e-06 3.55e-06 1.95e-06 2.55e-06 2.7e-06 2.6e-06 2.35e-06 2.2e-06 2.4e-06 2.6e-06 2.45e-06 2.55e-06 2.2e-06 2.05e-06 2.55e-06 2.1e-06 2.75e-06 2.6e-06 2.05e-06 2.85e-06 2.45e-06 3.5e-06 2.2e-06 2.6e-06 2.85e-06 3.8e-06 3.4e-06 3e-06 2.3e-06 3.2e-06 3.25e-06 2.75e-06 3e-06 2.95e-06 1.95e-06 3.5e-06 2.65e-06 3.05e-06 2.1e-06 2.7e-06 2.6e-06 3.3e-06 1.8e-06 2.1e-06 2.35e-06 2.2e-06 2.35e-06 2.9e-06 2.5e-06 3.35e-06 3.2e-06 2.45e-06 2.35e-06 2.75e-06 2.95e-06 3.4e-06 3e-06
28 2.4e-06 3.45e-06 3.65e-06 1.2e-06 3.55e-06 3.35e-06 2.65e-06 1.95e-06 1.9e-06 2.5e-06 3.8e-06 2.55e-06 1.55e-06 3.35e-06 3.5e-06 2.55e-06 2.4e-06 6.5e-07 3e-06 3.15e-06 1.85e-06 3.2e-06 3.85e-06 3e-06 2e-06 2.7e-06 1.65e-06 2.2e-06 1.3e-06 1.1e-06 2.55e-06 3.75e-06 4.1e-06 2.85e-06 1.9e-06 4.35e-06 2.2e-06 1.65e-06 1.6e-06 2.9e-06 2.3e-06 2.1e-06 3.85e-06 3e-06 2.9e-06 1.4e-06 3.7e-06 4.15e-06 1e-06 3.2e-06 2.2e-06 3.3e-06 3.5e-06 2.75e-06 2.95e-06 3.3e-06 3.1e-06 2.45e-06 1.55e-06 1.2e-06 2.8e-06 2.9e-06 3.05e-06
29 3.05e-06 3.6e-06 4.25e-06 1.45e-06 4e-06 3.65e-06 3.1e-06 2.2e-06 2.55e-06 3.25e-06 4.3e-06 3e-06 2.1e-06 3.6e-06 3.9e-06 3.2e-06 3.05e-06 6.5e-07 3.25e-06 3.55e-06 2.3e-06 3.6e-06 4.25e-06 3.35e-06 2.65e-06 3.15e-06 1.8e-06 2.6e-06 1.1e-06 1.3e-06 2.7e-06 3.8e-06 4.5e-06 3.2e-06 2.1e-06 4.8e-06 2.7e-06 1.85e-06 1.9e-06 3.55e-06 2.6e-06 2.4e-06 4.35e-06 3.65e-06 3.15e-06 2e-06 4.1e-06 4.65e-06 1.55e-06 3.7e-06 2.55e-06 3.7e-06 3.75e-06 3.1e-06 3.35e-06 3.05e-06 3.1e-06 2.8e-06 2.1e-06 1.65e-06 3.15e-06 3.3e-06 3.2e-06
30 2.55e-06 3.15e-06 2.85e-06 2.9e-06 2.9e-06 2.7e-06 2.55e-06 2.5e-06 2.6e-06 2.75e-06 2.85e-06 2.5e-06 2.85e-06 2.95e-06 3e-06 2.7e-06 2.55e-06 2.55e-06 3.15e-06 2.65e-06 2.45e-06 2.7e-06 2.8e-06 3.1e-06 2.7e-06 2.55e-06 2.65e-06 2.85e-06 2.55e-06 2.7e-06 4.1e-06 3.65e-06 2.75e-06 2.65e-06 2.6e-06 2.75e-06 2.5e-06 2.9e-06 2.6e-06 2.5e-06 2.95e-06 2.5e-06 2.5e-06 2.6e-06 3.05e-06 2.55e-06 2.65e-06 2.85e-06 2.85e-06 2.6e-06 2.75e-06 2.8e-06 3.1e-06 2.7e-06 3e-06 3.95e-06 3.55e-06 2.8e-06 2.85e-06 2.55e-06 2.75e-06 2.55e-06 3.45e-06
31 3.8e-06 3.9e-06 3.85e-06 3.85e-06 3.65e-06 3.75e-06 3.75e-06 3.75e-06 3.8e-06 3.7e-06 3.8e-06 3.7e-06 3.85e-06 3.75e-06 4.2e-06 3.95e-06 3.8e-06 3.75e-06 3.95e-06 3.85e-06 3.7e-06 3.9e-06 4.05e-06 3.55e-06 3.9e-06 3.8e-06 3.85e-06 3.8e-06 3.75e-06 3.8e-06 3.65e-06 6.1e-06 3.55e-06 3.85e-06 3.8e-06 3.5e-06 3.75e-06 3.9e-06 3.8e-06 3.8e-06 3.9e-06 3.7e-06 3.8e-06 3.9e-06 3.85e-06 3.75e-06 3.9e-06 3.8e-06 3.8e-06 3.85e-06 3.95e-06 4e-06 3.9e-06 3.9e-06 3.95e-06 3.45e-06 3.5e-06 3.75e-06 3.85e-06 3.8e-06 4e-06 3.75e-06 3.6e-06
32 2.75e-06 2.8e-06 2.45e-06 4.2e-06 2.35e-06 2.65e-06 2.7e-06 3.25e-06 3.15e-06 2.75e-06 2.05e-06 2.7e-06 3.8e-06 2.75e-06 2.75e-06 2.9e-06 2.75e-06 4.3e-06 3.15e-06 2.4e-06 3.25e-06 2.5e-06 2.2e-06 2.95e-06 3.25e-06 2.85e-06 3.8e-06 3.4e-06 4.1e-06 4.5e-06 2.75e-06 3.55e-06 2.2e-06 2.65e-06 3.35e-06 1.5e-06 2.75e-06 4e-06 3.55e-06 2.35e-06 3.45e-06 3.05e-06 1.95e-06 2.45e-06 3.1e-06 3.5e-06 2.05e-06 1.9e-06 4.15e-06 2.5e-06 3.3e-06 2.55e-06 2.9e-06 2.85e-06 3.05e-06 4.4e-06 4.1e-06 2.75e-06 3.8e-06 3.75e-06 2.95e-06 2.15e-06 3.85e-06
33 2.4e-06 3e-06 3.05e-06 2.9e-06 2.8e-06 2.95e-06 2.3e-06 2.3e-06 2.55e-06 2.8e-06 2.55e-06 2.2e-06 3.15e-06 3.15e-06 2.55e-06 2.55e-06 2.45e-06 2.85e-06 3.15e-06 2.25e-06 2.4e-06 2.4e-06 2.3e-06 3.3e-06 2.65e-06 2.5e-06 2.3e-06 3e-06 2.85e-06 3.2e-06 2.65e-06 3.85e-06 2.65e-06 3.9e-06 2.55e-06 2.45e-06 2.5e-06 3.1e-06 2.2e-06 2.3e-06 2.95e-06 2.05e-06 2.35e-06 2.4e-06 3.2e-06 2.5e-06 2.15e-06 2.7e-06 3.2e-06 2.55e-06 2.3e-06 2.35e-06 3.3e-06 2.2e-06 3.05e-06 4.2e-06 3.55e-06 3.05e-06 3.15e-06 2.8e-06 2.3e-06 2.35e-06 3.15e-06
34 2.4e-06 2.2e-06 2.85e-06 2.35e-06 2.7e-06 2.4e-06 2.4e-06 3.1e-06 1.9e-06 2.75e-06 2.45e-06 2.4e-06 3.1e-06 2.4e-06 1.9e-06 2.55e-06 2.4e-06 1.55e-06 2.45e-06 1.55e-06 2.35e-06 1.7e-06 2.25e-06 3.3e-06 2e-06 2.7e-06 1.75e-06 2.3e-06 1.9e-06 2.1e-06 2.6e-06 3.8e-06 3.35e-06 2.55e-06 3.1e-06 3.1e-06 3.2e-06 3.05e-06 2.5e-06 2.9e-06 2.25e-06 3.1e-06 2.45e-06 3e-06 2.45e-06 2.7e-06 2.1e-06 3.15e-06 2.55e-06 1.9e-06 1.8e-06 1.7e-06 2.55e-06 2.45e-06 3.1e-06 3.35e-06 2.8e-06 3.05e-06 3.1e-06 2.45e-06 2.45e-06 3.25e-06 2.75e-06
35 2.5e-06 2.25e-06 1.95e-06 4.45e-06 1.85e-06 2.3e-06 2.55e-06 3.6e-06 2.95e-06 2.6e-06 1.4e-06 2.55e-06 4.1e-06 2.35e-06 2.05e-06 2.7e-06 2.55e-06 4.5e-06 2.85e-06 1.7e-06 3.15e-06 1.85e-06 1.4e-06 2.85e-06 3.05e-06 2.85e-06 3.65e-06 3.2e-06 4.35e-06 4.8e-06 2.75e-06 3.5e-06 1.5e-06 2.45e-06 3.1e-06 1.6e-06 3.25e-06 4.3e-06 3.85e-06 2.05e-06 3.25e-06 3.45e-06 1.2e-06 2.15e-06 2.85e-06 3.85e-06 1.25e-06 1.35e-06 4.45e-06 1.95e-06 3.05e-06 1.85e-06 2.5e-06 2.7e-06 2.95e-06 4.4e-06 3.95e-06 3.3e-06 4.1e-06 4e-06 2.65e-06 2.75e-06 3.7e-06
36 2.55e-06 4.35e-06 3.75e-06 2.4e-06 3.7e-06 4e-06 2.6e-06 1.3e-06 2.95e-06 2.65e-06 3.7e-06 2.5e-06 1.85e-06 4.2e-06 4.3e-06 2.6e-06 2.55e-06 2.45e-06 4.1e-06 3.95e-06 2e-06 4e-06 3.75e-06 3.05e-06 3.05e-06 2.6e-06 2.6e-06 3.25e-06 2.2e-06 2.7e-06 2.5e-06 3.75e-06 2.75e-06 2.5e-06 3.2e-06 3.25e-06 2.1e-06 2.1e-06 1.7e-06 2.15e-06 3.35e-06 1.2e-06 3.5e-06 2.15e-06 4e-06 1.6e-06 3.6e-06 3.3e-06 2.3e-06 3.95e-06 3.15e-06 4.1e-06 4.35e-06 2.7e-06 2.95e-06 4.4e-06 4.1e-06 2.35e-06 1.85e-06 1.75e-06 2.8e-06 1.7e-06 3.8e-06
37 2.8e-06 4.1e-06 4.2e-06 1.7e-06 4e-06 3.9e-06 3.15e-06 1.6e-06 2.8e-06 2.95e-06 4.4e-06 3e-06 1.5e-06 3.95e-06 4.55e-06 3e-06 2.85e-06 1.9e-06 3.55e-06 4.2e-06 2.3e-06 4.25e-06 4.4e-06 2.95e-06 2.9e-06 3.1e-06 2.65e-06 2.75e-06 1.65e-06 1.85e-06 2.9e-06 3.9e-06 4e-06 3.1e-06 3.05e-06 4.3e-06 2.1e-06 2.8e-06 2e-06 2.85e-06 2.85e-06 1.95e-06 4.25e-06 2.95e-06 3.45e-06 1.7e-06 4.25e-06 4.2e-06 1.4e-06 4.2e-06 3.2e-06 4.35e-06 4.1e-06 3.2e-06 2.9e-06 3.65e-06 3.85e-06 2.45e-06 1.5e-06 1.75e-06 3.25e-06 2.8e-06 3.7e-06
38 2.6e-06 4.15e-06 4e-06 1.55e-06 3.8e-06 3.85e-06 2.25e-06 1.1e-06 2.55e-06 2.8e-06 3.75e-06 2.15e-06 2.15e-06 4.15e-06 3.8e-06 2.75e-06 2.6e-06 1.55e-06 3.75e-06 3.45e-06 1.85e-06 3.5e-06 3.7e-06 3.35e-06 2.65e-06 2.25e-06 1.4e-06 3e-06 1.6e-06 1.9e-06 2.6e-06 3.8e-06 3.55e-06 2.2e-06 2.5e-06 3.85e-06 1.7e-06 2e-06 1.3e-06 2.65e-06 3e-06 7.5e-07 3.7e-06 2.75e-06 3.65e-06 1.2e-06 3.55e-06 3.95e-06 2.05e-06 3.6e-06 2.15e-06 3.6e-06 4.3e-06 2.25e-06 3.3e-06 4.1e-06 3.5e-06 2.75e-06 2.15e-06 1.7e-06 2.25e-06 2e-06 2.95e-06
39 2.15e-06 3.15e-06 2.75e-06 3.15e-06 2.65e-06 3.1e-06 2.45e-06 2.25e-06 2.6e-06 2.45e-06 2.5e-06 2.4e-06 2.6e-06 3.2e-06 2.95e-06 2.35e-06 2.2e-06 3.2e-06 3.25e-06 2.6e-06 2.35e-06 2.75e-06 2.3e-06 2.95e-06 2.7e-06 2.65e-06 3.05e-06 2.95e-06 2.9e-06 3.55e-06 2.5e-06 3.8e-06 2.35e-06 2.3e-06 2.9e-06 2.05e-06 2.15e-06 2.85e-06 2.65e-06 3.4e-06 3e-06 2.25e-06 2.15e-06 1.8e-06 3.25e-06 2.45e-06 2.15e-06 2.2e-06 2.95e-06 2.8e-06 2.9e-06 2.75e-06 3.35e-06 2.55e-06 2.7e-06 4.35e-06 3.9e-06 2.75e-06 2.6e-06 2.55e-06 2.5e-06 2.3e-06 3.65e-06
40 2.5e-06 2.2e-06 3e-06 2.2e-06 2.85e-06 2.1e-06 2.75e-06 3.55e-06 2e-06 2.75e-06 2.75e-06 2.7e-06 2.55e-06 2.25e-06 2.3e-06 2.65e-06 2.5e-06 2.55e-06 2.25e-06 1.95e-06 2.65e-06 2.1e-06 2.65e-06 2.8e-06 2.1e-06 2.95e-06 2.45e-06 1.95e-06 2.3e-06 2.6e-06 2.95e-06 3.9e-06 3.45e-06 2.95e-06 2.25e-06 3.25e-06 3.35e-06 2.85e-06 3e-06 3e-06 3.9e-06 3.5e-06 2.7e-06 3.1e-06 2.25e-06 2.8e-06 2.5e-06 3.35e-06 2e-06 2.15e-06 2.3e-06 2.1e-06 2.4e-06 2.85e-06 2.65e-06 3.3e-06 3.15e-06 2.65e-06 2.55e-06 2.85e-06 2.9e-06 3.5e-06 2.95e-06
41 2.65e-06 4.65e-06 4.1e-06 2.05e-06 3.85e-06 4.3e-06 2.35e-06 6e-07 3.05e-06 2.85e-06 3.9e-06 2.15e-06 2.1e-06 4.6e-06 4.4e-06 2.8e-06 2.65e-06 2.15e-06 4.25e-06 4.05e-06 1.9e-06 4.1e-06 3.85e-06 3.3e-06 3.15e-06 2.25e-06 2e-06 3.5e-06 2.1e-06 2.4e-06 2.5e-06 3.7e-06 3.05e-06 2.05e-06 3.1e-06 3.45e-06 1.2e-06 1.95e-06 7.5e-07 2.25e-06 3.5e-06 3e-07 3.7e-06 2.35e-06 4.15e-06 1.15e-06 3.7e-06 3.55e-06 2.45e-06 4.15e-06 2.75e-06 4.2e-06 4.75e-06 2.2e-06 3.25e-06 4.45e-06 3.95e-06 2.7e-06 2.1e-06 1.75e-06 2.35e-06 1.4e-06 3.4e-06
42 2.25e-06 1.8e-06 1.85e-06 4e-06 1.85e-06 1.65e-06 2.25e-06 3.85e-06 2.35e-06 2.65e-06 1.3e-06 2.3e-06 4.05e-06 1.9e-06 1.3e-06 2.45e-06 2.3e-06 3.95e-06 2.45e-06 9.5e-07 2.9e-06 1.1e-06 1e-06 3.1e-06 2.45e-06 2.6e-06 3e-06 2.65e-06 3.85e-06 4.35e-06 2.5e-06 3.8e-06 1.95e-06 2.35e-06 2.45e-06 1.2e-06 3.5e-06 4.25e-06 3.7e-06 2.15e-06 2.7e-06 3.7e-06 1.5e-06 2.25e-06 2.45e-06 3.75e-06 8.5e-07 1.65e-06 4.05e-06 1.2e-06 2.4e-06 1.1e-06 2.05e-06 2.45e-06 2.8e-06 4.2e-06 3.45e-06 3.25e-06 4.05e-06 3.85e-06 2.35e-06 3e-06 3.2e-06
43 2.25e-06 3.25e-06 2.85e-06 3.25e-06 2.75e-06 3.2e-06 2.55e-06 2.35e-06 2.7e-06 2.55e-06 2.6e-06 2.5e-06 2.6e-06 3.3e-06 3.05e-06 2.35e-06 2.3e-06 3.3e-06 3.35e-06 2.7e-06 2.45e-06 2.85e-06 2.4e-06 3.05e-06 2.8e-06 2.75e-06 3.15e-06 3.05e-06 3e-06 3.65e-06 2.6e-06 3.9e-06 2.45e-06 2.4e-06 3e-06 2.15e-06 2.15e-06 2.95e-06 2.75e-06 1.8e-06 3.1e-06 2.35e-06 2.25e-06 3.6e-06 3.35e-06 2.55e-06 2.25e-06 2.3e-06 3.05e-06 2.9e-06 3e-06 2.85e-06 3.45e-06 2.65e-06 2.8e-06 4.45e-06 4e-06 2.85e-06 2.6e-06 2.55e-06 2.6e-06 2.4e-06 3.75e-06
44 2.75e-06 1.95e-06 2.5e-06 2.85e-06 2.45e-06 1.75e-06 2.9e-06 4.15e-06 2.25e-06 2.75e-06 2.35e-06 2.85e-06 3.2e-06 1.9e-06 2.15e-06 2.9e-06 2.75e-06 3.1e-06 1.85e-06 1.8e-06 3.25e-06 1.7e-06 2.5e-06 2.8e-06 2.35e-06 3.1e-06 3.05e-06 2.1e-06 2.9e-06 3.15e-06 3.05e-06 3.85e-06 3.1e-06 3.2e-06 2.45e-06 2.85e-06 4e-06 3.45e-06 3.65e-06 3.25e-06 2.25e-06 4.15e-06 2.45e-06 3.35e-06 3.2e-06 3.45e-06 2.35e-06 2.95e-06 2.65e-06 1.9e-06 2.55e-06 1.95e-06 2.05e-06 3.1e-06 2.8e-06 3.4e-06 3.35e-06 2.8e-06 3.2e-06 3.45e-06 3.15e-06 3.65e-06 3.2e-06
45 2.4e-06 4.05e-06 3.8e-06 1.55e-06 3.65e-06 3.7e-06 2.5e-06 1.3e-06 2.35e-06 2.5e-06 3.85e-06 2.35e-06 1.55e-06 3.9e-06 4e-06 2.55e-06 2.4e-06 1.75e-06 3.55e-06 3.65e-06 1.85e-06 3.7e-06 3.9e-06 2.95e-06 2.45e-06 2.35e-06 2e-06 2.7e-06 1.4e-06 2e-06 2.55e-06 3.75e-06 3.5e-06 2.5e-06 2.7e-06 3.85e-06 1.6e-06 1.7e-06 1.2e-06 2.45e-06 2.8e-06 1.15e-06 3.75e-06 2.55e-06 3.45e-06 2.1e-06 3.75e-06 3.8e-06 1.45e-06 3.65e-06 2.55e-06 3.8e-06 4.05e-06 2.55e-06 2.9e-06 3.95e-06 3.65e-06 2.4e-06 1.55e-06 1.5e-06 2.6e-06 2.15e-06 3.25e-06
46 2.15e-06 1.45e-06 1.95e-06 3.85e-06 1.8e-06 1.7e-06 2.2e-06 3.85e-06 2.15e-06 2.7e-06 1.15e-06 2.25e-06 4.15e-06 1.8e-06 9e-07 2.35e-06 2.2e-06 3.65e-06 2.25e-06 5.5e-07 2.85e-06 8e-07 7e-07 3.25e-06 2.25e-06 2.65e-06 2.7e-06 2.6e-06 3.7e-06 4.1e-06 2.65e-06 3.9e-06 2.05e-06 2.15e-06 2.1e-06 1.25e-06 3.6e-06 4.25e-06 3.55e-06 2.15e-06 2.5e-06 3.7e-06 8.5e-07 2.25e-06 2.35e-06 3.75e-06 1.1e-06 1.65e-06 4.05e-06 1.05e-06 2.05e-06 7e-07 1.95e-06 2.25e-06 2.85e-06 4e-06 3.2e-06 3.35e-06 4.15e-06 3.8e-06 2.15e-06 3.1e-06 2.95e-06
47 2.6e-06 2.45e-06 1.75e-06 4.45e-06 2e-06 2.7e-06 2.8e-06 3.6e-06 3e-06 2.6e-06 1.65e-06 2.75e-06 3.95e-06 2.6e-06 2.35e-06 2.75e-06 2.6e-06 4.3e-06 2.95e-06 2e-06 3.2e-06 2.15e-06 1.8e-06 3.1e-06 3.1e-06 3.1e-06 3.85e-06 3.3e-06 4.15e-06 4.65e-06 2.85e-06 3.8e-06 1.9e-06 2.7e-06 3.15e-06 1.35e-06 3.3e-06 4.2e-06 3.95e-06 2.2e-06 3.35e-06 3.55e-06 1.65e-06 2.3e-06 2.95e-06 3.8e-06 1.65e-06 2.2e-06 4.3e-06 2.3e-06 3.25e-06 2.15e-06 2.75e-06 2.9e-06 3.1e-06 4.45e-06 4.1e-06 3.4e-06 3.95e-06 3.8e-06 2.95e-06 2.95e-06 4e-06
48 2.45e-06 3.4e-06 3.75e-06 1e-06 3.65e-06 3e-06 2.95e-06 2.35e-06 1.95e-06 2.45e-06 4.05e-06 2.8e-06 9.5e-07 3.15e-06 3.85e-06 2.6e-06 2.45e-06 1.6e-06 2.75e-06 3.5e-06 2.1e-06 3.55e-06 4.2e-06 2.45e-06 2.05e-06 2.9e-06 2.3e-06 1.8e-06 1e-06 1.55e-06 2.85e-06 3.8e-06 4.15e-06 3.2e-06 2.55e-06 4.45e-06 2.3e-06 1.4e-06 2.05e-06 2.95e-06 2e-06 2.45e-06 4.05e-06 3.05e-06 2.65e-06 1.45e-06 4.05e-06 4.3e-06 8e-07 3.4e-06 2.65e-06 3.65e-06 3.3e-06 3.1e-06 2.45e-06 3.2e-06 3.4e-06 2e-06 9.5e-07 1.55e-06 3.2e-06 3.1e-06 3.2e-06
49 2.3e-06 1.35e-06 1.8e-06 3.35e-06 1.95e-06 9.5e-07 2.25e-06 4.35e-06 1.8e-06 2.65e-06 1.4e-06 2.3e-06 3.95e-06 1.3e-06 8.5e-07 2.45e-06 2.3e-06 3.3e-06 1.9e-06 5e-07 2.9e-06 6.5e-07 1.2e-06 3.1e-06 1.9e-06 2.45e-06 2.45e-06 2.1e-06 3.2e-06 3.7e-06 2.6e-06 3.85e-06 2.5e-06 2.55e-06 1.9e-06 1.95e-06 3.95e-06 4.2e-06 3.6e-06 2.8e-06 2.15e-06 4.15e-06 1.2e-06 2.9e-06 1.9e-06 3.65e-06 1.05e-06 2.3e-06 3.4e-06 1e-06 1.85e-06 6.5e-07 1.45e-06 2.45e-06 2.85e-06 3.7e-06 2.95e-06 3.15e-06 3.95e-06 3.75e-06 2.45e-06 3.45e-06 2.7e-06
50 2.4e-06 2.35e-06 2.95e-06 2.25e-06 2.7e-06 2.35e-06 2.2e-06 3e-06 1.9e-06 2.75e-06 2.4e-06 2.2e-06 3.2e-06 2.55e-06 1.75e-06 2.45e-06 2.4e-06 2.1e-06 2.45e-06 1.5e-06 2.35e-06 1.65e-06 2.15e-06 3.35e-06 2e-06 2.5e-06 1.55e-06 2.35e-06 2.2e-06 2.55e-06 2.75e-06 3.95e-06 3.3e-06 2.3e-06 1.8e-06 3.05e-06 3.15e-06 3.2e-06 2.15e-06 2.9e-06 2.3e-06 2.75e-06 2.4e-06 3e-06 2.55e-06 2.55e-06 2.05e-06 3.25e-06 2.65e-06 1.85e-06 3e-06 1.55e-06 2.7e-06 2.15e-06 3.15e-06 3.7e-06 2.95e-06 3.1e-06 3.2e-06 2.75e-06 2.25e-06 3.05e-06 2.55e-06
51 2.25e-06 1.05e-06 2e-06 3.45e-06 1.7e-06 1.3e-06 2.25e-06 4.4e-06 1.75e-06 2.75e-06 1.2e-06 2.3e-06 4.2e-06 1.4e-06 4e-07 2.3e-06 2.25e-06 3.25e-06 1.7e-06 1.5e-07 2.9e-06 4e-07 8e-07 3.3e-06 1.85e-06 2.7e-06 2.3e-06 2.2e-06 3.3e-06 3.7e-06 2.8e-06 4e-06 2.55e-06 2.35e-06 1.7e-06 1.85e-06 4.1e-06 4.35e-06 3.6e-06 2.75e-06 2.1e-06 4.2e-06 1.1e-06 2.85e-06 1.95e-06 3.8e-06 7e-07 2.15e-06 3.65e-06 6.5e-07 1.55e-06 3e-07 1.55e-06 2.2e-06 2.95e-06 3.65e-06 2.85e-06 3.4e-06 4.2e-06 3.85e-06 2.3e-06 3.6e-06 2.6e-06
52 2.85e-06 1.4e-06 2.3e-06 3.55e-06 2.35e-06 1.4e-06 3.05e-06 4.75e-06 2.35e-06 3e-06 2.1e-06 3.05e-06 3.85e-06 1.3e-06 1.75e-06 3e-06 2.85e-06 3.7e-06 2.05e-06 1.4e-06 3.45e-06 1.55e-06 2.1e-06 3e-06 2.45e-06 3.1e-06 3.3e-06 2.35e-06 3.5e-06 3.75e-06 3.1e-06 3.9e-06 2.9e-06 3.3e-06 2.55e-06 2.5e-06 4.35e-06 4.1e-06 4.3e-06 3.35e-06 2.4e-06 4.75e-06 2.05e-06 3.45e-06 2.05e-06 4.05e-06 1.95e-06 2.75e-06 3.3e-06 1.45e-06 2.7e-06 1.55e-06 2.6e-06 3.2e-06 3e-06 3.25e-06 3.35e-06 3.25e-06 3.85e-06 4.05e-06 3.25e-06 4.05e-06 3.25e-06
53 2.5e-06 2.9e-06 3.1e-06 2.8e-06 2.8e-06 2.85e-06 2.35e-06 2.55e-06 2.45e-06 2.85e-06 2.6e-06 2.25e-06 3.2e-06 3.05e-06 2.4e-06 2.55e-06 2.5e-06 2.75e-06 3e-06 2.15e-06 2.45e-06 2.3e-06 2.35e-06 3.35e-06 2.55e-06 2.55e-06 2.2e-06 2.9e-06 2.75e-06 3.1e-06 2.7e-06 3.9e-06 2.85e-06 2.2e-06 2.45e-06 2.7e-06 2.7e-06 3.2e-06 2.25e-06 2.55e-06 2.85e-06 2.2e-06 2.45e-06 2.65e-06 3.1e-06 2.55e-06 2.25e-06 2.9e-06 3.1e-06 2.45e-06 2.15e-06 2.2e-06 3.2e-06 4.3e-06 3.15e-06 4.1e-06 3.45e-06 3.1e-06 3.2e-06 2.85e-06 2.4e-06 2.5e-06 3.05e-06
54 2.65e-06 2.95e-06 3.15e-06 2.85e-06 3.05e-06 2.6e-06 2.95e-06 3.25e-06 2.65e-06 2.85e-06 3.05e-06 2.9e-06 2.55e-06 2.85e-06 3.15e-06 2.85e-06 2.7e-06 3.4e-06 2.9e-06 2.8e-06 2.85e-06 2.85e-06 3e-06 2.8e-06 2.75e-06 3.1e-06 3.3e-06 2.5e-06 2.95e-06 3.35e-06 3e-06 3.95e-06 3.05e-06 3.05e-06 3.1e-06 2.95e-06 2.95e-06 2.9e-06 3.3e-06 2.7e-06 2.65e-06 3.25e-06 2.8e-06 2.8e-06 2.8e-06 2.9e-06 2.85e-06 3.1e-06 2.45e-06 2.85e-06 3.15e-06 2.95e-06 3e-06 3.15e-06 4.8e-06 3.9e-06 3.85e-06 2.6e-06 2.55e-06 3.05e-06 3.2e-06 3.1e-06 3.65e-06
55 3.9e-06 3.05e-06 4.25e-06 3.35e-06 3.9e-06 3.5e-06 4.1e-06 4.3e-06 3.45e-06 4.05e-06 4.15e-06 4.05e-06 3.7e-06 3.1e-06 3.85e-06 4.05e-06 3.9e-06 3.2e-06 3.4e-06 3.5e-06 3.85e-06 3.65e-06 4.15e-06 3.75e-06 3.55e-06 4.2e-06 3.65e-06 3.35e-06 3.3e-06 3.05e-06 3.95e-06 3.45e-06 4.4e-06 4.2e-06 3.35e-06 4.4e-06 4.4e-06 3.65e-06 4.1e-06 4.35e-06 3.3e-06 4.45e-06 4.2e-06 4.45e-06 3.4e-06 3.95e-06 4e-06 4.45e-06 3.2e-06 3.7e-06 3.7e-06 3.65e-06 3.25e-06 4.1e-06 3.9e-06 5e-06 3.05e-06 3.8e-06 3.7e-06 3.8e-06 4.2e-06 4.6e-06 3.3e-06
56 3.45e-06 3.1e-06 3.85e-06 3.25e-06 3.6e-06 3.15e-06 3.4e-06 4e-06 3e-06 3.8e-06 3.55e-06 3.4e-06 3.9e-06 3.2e-06 3.05e-06 3.6e-06 3.45e-06 2.9e-06 3.35e-06 2.7e-06 3.4e-06 2.85e-06 3.35e-06 3.95e-06 3.1e-06 3.6e-06 2.9e-06 3.2e-06 3.1e-06 3.1e-06 3.55e-06 3.5e-06 4.1e-06 3.55e-06 2.8e-06 3.95e-06 4.1e-06 3.85e-06 3.5e-06 3.9e-06 3.15e-06 3.95e-06 3.45e-06 4e-06 3.35e-06 3.65e-06 3.2e-06 4.1e-06 3.4e-06 2.95e-06 2.95e-06 2.85e-06 3.35e-06 3.45e-06 3.85e-06 3.05e-06 5.4e-06 3.8e-06 3.9e-06 3.6e-06 3.5e-06 4.1e-06 2.85e-06
57 2.7e-06 3.35e-06 3.3e-06 2.35e-06 3.3e-06 2.75e-06 2.9e-06 2.75e-06 2.65e-06 2.7e-06 3.35e-06 2.8e-06 2.1e-06 3.1e-06 3.6e-06 2.85e-06 2.7e-06 2.85e-06 2.95e-06 3.25e-06 2.7e-06 3.25e-06 3.5e-06 2.65e-06 2.75e-06 2.9e-06 3.1e-06 2.45e-06 2.45e-06 2.8e-06 2.8e-06 3.75e-06 2.75e-06 3.05e-06 3.05e-06 3.3e-06 2.35e-06 2.45e-06 2.75e-06 2.75e-06 2.65e-06 2.7e-06 3.25e-06 2.85e-06 2.8e-06 2.4e-06 3.35e-06 3.4e-06 2e-06 3.15e-06 3.1e-06 3.4e-06 3.25e-06 3.1e-06 2.6e-06 3.8e-06 3.8e-06 3.9e-06 2.1e-06 2.55e-06 3.2e-06 2.4e-06 3.6e-06
58 2.55e-06 3.95e-06 3.85e-06 1.55e-06 3.75e-06 3.55e-06 3.05e-06 2e-06 2.5e-06 2.55e-06 4.15e-06 2.9e-06 9.5e-07 3.7e-06 4.4e-06 2.6e-06 2.55e-06 2.15e-06 3.3e-06 4.05e-06 2.2e-06 4.1e-06 4.3e-06 2.55e-06 2.6e-06 3e-06 2.85e-06 2.35e-06 1.55e-06 2.1e-06 2.85e-06 3.85e-06 3.8e-06 3.15e-06 3.1e-06 4.1e-06 1.85e-06 1.5e-06 2.15e-06 2.6e-06 2.55e-06 2.1e-06 4.05e-06 2.6e-06 3.2e-06 1.55e-06 4.15e-06 3.95e-06 9.5e-07 3.95e-06 3.2e-06 4.2e-06 3.85e-06 3.2e-06 2.55e-06 3.7e-06 3.9e-06 2.1e-06 1.9e-06 1.55e-06 3.3e-06 2.75e-06 3.7e-06
59 2.5e-06 4e-06 3.75e-06 1.75e-06 3.65e-06 3.9e-06 2.75e-06 1.6e-06 2.45e-06 2.6e-06 3.9e-06 2.65e-06 1.55e-06 3.9e-06 4.05e-06 2.55e-06 2.5e-06 1.2e-06 3.55e-06 3.7e-06 1.95e-06 3.75e-06 3.95e-06 3.1e-06 2.55e-06 2.8e-06 2.2e-06 2.75e-06 1.2e-06 1.65e-06 2.55e-06 3.8e-06 3.75e-06 2.8e-06 2.45e-06 4e-06 1.75e-06 1.75e-06 1.7e-06 2.55e-06 2.85e-06 1.75e-06 3.85e-06 2.55e-06 3.45e-06 1.5e-06 3.8e-06 3.8e-06 1.55e-06 3.75e-06 2.75e-06 3.85e-06 4.05e-06 2.85e-06 3.05e-06 3.8e-06 3.6e-06 2.55e-06 1.55e-06 2.4e-06 2.9e-06 2.55e-06 3.55e-06
60 2.5e-06 2.95e-06 3.1e-06 2.85e-06 2.95e-06 2.9e-06 2.35e-06 2.6e-06 2.5e-06 2.9e-06 2.6e-06 2.35e-06 3.3e-06 3.1e-06 2.5e-06 2.7e-06 2.55e-06 2.75e-06 3.15e-06 2.15e-06 2.5e-06 2.3e-06 2.3e-06 3.45e-06 2.6e-06 2.5e-06 2.2e-06 2.95e-06 2.8e-06 3.15e-06 2.75e-06 4e-06 2.95e-06 2.3e-06 2.45e-06 2.65e-06 2.8e-06 3.25e-06 2.25e-06 2.5e-06 2.9e-06 2.35e-06 2.35e-06 2.6e-06 3.15e-06 2.6e-06 2.15e-06 2.95e-06 3.2e-06 2.45e-06 2.25e-06 2.3e-06 3.25e-06 2.4e-06 3.2e-06 4.2e-06 3.5e-06 3.2e-06 3.3e-06 2.9e-06 4.3e-06 2.7e-06 3.1e-06
61 2.7e-06 4.05e-06 3.4e-06 2.95e-06 3.35e-06 3.5e-06 2.5e-06 1.75e-06 3.1e-06 2.8e-06 3.2e-06 2.35e-06 2.75e-06 3.9e-06 3.8e-06 2.85e-06 2.7e-06 3.05e-06 3.8e-06 3.45e-06 2.5e-06 3.45e-06 3.25e-06 3.2e-06 3.2e-06 2.5e-06 2.85e-06 3.4e-06 2.9e-06 3.3e-06 2.55e-06 3.75e-06 2.15e-06 2.35e-06 3.25e-06 2.75e-06 1.7e-06 2.8e-06 2e-06 2.3e-06 3.5e-06 1.4e-06 3e-06 2.4e-06 3.65e-06 2.15e-06 3.1e-06 2.95e-06 3.1e-06 3.45e-06 3.05e-06 3.6e-06 4.05e-06 2.5e-06 3.1e-06 4.6e-06 4.1e-06 2.4e-06 2.75e-06 2.55e-06 2.7e-06 2.7e-06 3.7e-06
62 3.2e-06 3e-06 3.75e-06 2.9e-06 3.5e-06 2.9e-06 3e-06 3.65e-06 2.75e-06 3.55e-06 3.3e-06 3e-06 3.7e-06 3.1e-06 2.8e-06 3.35e-06 3.2e-06 3.05e-06 3.2e-06 2.45e-06 3.15e-06 2.6e-06 3.1e-06 3.75e-06 2.85e-06 3.2e-06 2.5e-06 3e-06 3.05e-06 3.2e-06 3.45e-06 3.6e-06 3.85e-06 3.15e-06 2.75e-06 3.7e-06 3.8e-06 3.7e-06 2.95e-06 3.65e-06 2.95e-06 3.4e-06 3.2e-06 3.75e-06 3.2e-06 3.25e-06 2.95e-06 4e-06 3.2e-06 2.7e-06 2.55e-06 2.6e-06 3.25e-06 3.05e-06 3.65e-06 3.3e-06 2.85e-06 3.6e-06 3.7e-06 3.55e-06 3.1e-06 3.7e-06 4.9e-06
