 slim_761933956 slim_761933916 slim_761933921 slim_761933931 slim_761933925 slim_761933915 slim_761933906 slim_761933933 slim_761933934 slim_761933908 slim_761933911 slim_761933938 slim_761933910 slim_761933936 slim_761933954 slim_761933953 slim_761933949 slim_761933950 slim_761933937 slim_761933928 slim_761933935 slim_761933924 slim_761933932 slim_761933946 slim_761933914 slim_761933927 slim_761933926 slim_761933918 slim_761933948 slim_761933919 slim_761933940 slim_761933922 slim_761933912 slim_761933952 slim_761933951 slim_761933942 slim_761933945 slim_761933930 slim_761933905 slim_761933943 slim_761933923 slim_761933920 slim_761933907 slim_761933944 slim_761933947 slim_761933909 slim_761933939 slim_761933917 slim_761933955 slim_761933929 slim_761933941 slim_761933913
0 0.0001621 0.0001736 0.00013085 0.0001308 0.00015335 0.0001756 0.0001735 0.00011365 8.11e-05 0.00015145 0.00017115 0.00018065 0.0001684 0.0001516 0.0001053 0.0001634 0.0001378 0.0001608 0.00015175 0.0001206 0.0001489 0.0001283 0.0001814 0.0001609 0.0001548 0.000119 0.0001119 0.0001812 0.00016975 0.0001578 0.00016085 0.0001714 0.00016195 0.0001083 0.00012835 0.0001568 0.0001182 0.0001684 0.0001361 0.0001704 0.00017565 0.0001238 0.0001206 0.0001813 0.00015285 0.0001666 0.0001574 0.0001404 8.105e-05 0.00014615 0.0001703 0.0001623
1 0.0001736 0.0001787 0.0001367 0.00013675 0.00017645 0.00013935 8.945e-05 0.0001693 0.00017355 0.0001726 0.00013545 8.935e-05 0.0001838 0.0001743 0.00015985 0.0001404 0.00013305 0.00017765 0.00013625 0.0001805 0.0001803 0.0001714 0.0001351 0.0001295 0.0001726 0.0001727 0.00017895 0.000179 0.00013175 0.00017335 0.00012945 0.0001783 0.00012415 0.000171 0.00017145 0.0001809 0.00017685 0.0001838 0.00015705 0.00013315 0.0001393 0.0001367 0.00017 0.0001316 0.000176 0.0001755 0.0001303 0.00012435 0.00017355 0.00017555 0.00017575 0.00013355
2 0.00013085 0.0001367 0.0001936 9.685e-05 0.0001697 0.0001398 0.0001367 0.00016885 0.0001308 0.00017345 0.0001369 9.68e-05 0.0001698 0.00016585 0.00015795 0.00017735 0.0001579 0.00017645 0.00013675 0.00013555 0.0001698 0.0001724 0.00014025 0.00017655 0.00016975 0.00014035 0.0001309 0.00018465 0.0001787 0.0001755 0.0001765 0.00018035 0.00016485 0.0001635 0.00017245 0.0001694 0.0001367 0.0001698 0.00015615 0.00013555 0.00013975 0.0001367 0.00016955 0.0001374 0.00018045 0.0001776 0.00016655 0.00016795 0.0001308 0.0001729 0.00018035 0.0001337
3 0.0001308 0.00013675 9.685e-05 0.0001935 0.00016965 0.0001397 0.0001366 0.0001688 0.00013075 0.0001734 0.0001368 9.695e-05 0.00016975 0.0001658 0.0001579 0.0001773 0.00015785 0.0001764 0.0001368 0.0001355 0.00016975 0.00017235 0.00014015 0.0001765 0.0001697 0.0001403 0.00013085 0.0001846 0.00017865 0.00017545 0.00017645 0.0001803 0.0001648 0.00016345 0.0001724 0.00016935 0.00013665 0.00016975 0.0001561 0.0001356 0.0001398 0.00013665 0.0001695 0.00013745 0.0001804 0.00017755 0.0001665 0.0001679 0.00013075 0.00017285 0.0001803 0.0001336
4 0.00015335 0.00017645 0.0001697 0.00016965 0.0001175 0.00017945 0.00017635 0.00015785 0.0001533 0.00015725 0.0001441 0.00018435 0.00017475 0.00015065 0.00015935 0.0001619 0.0001699 0.00016925 0.0001706 0.0001609 0.0001348 0.00016295 0.00017835 0.0001579 0.00016815 0.00015445 0.0001234 0.00017005 0.00015885 0.0001571 0.00015785 0.0001682 0.00016825 0.0001586 0.000163 0.00015185 0.0001512 0.00017475 0.00016005 0.00017555 0.0001795 0.0001618 0.00015915 0.00017435 0.00015785 0.000158 0.0001708 0.0001602 0.0001533 0.00016415 0.00016515 0.0001748
5 0.0001756 0.00013935 0.0001398 0.0001397 0.00017945 0.0001809 0.0001392 0.0001664 0.00017555 0.0001753 0.00013495 9.065e-05 0.00018705 0.0001725 0.0001583 0.00017915 0.00017715 0.0001732 0.00011155 0.0001829 0.00017535 0.00016895 0.0001373 0.00017895 0.0001736 0.00017625 0.00018235 0.0001842 0.00018095 0.00017345 0.0001789 0.00017895 0.0001645 0.0001666 0.000169 0.00017945 0.00017945 0.00018705 0.00016 0.00013375 9.055e-05 0.0001885 0.0001695 0.0001273 0.0001527 0.0001754 0.0001789 0.0001761 0.00017555 0.00017065 0.00017755 0.00013095
6 0.0001735 8.945e-05 0.0001367 0.0001366 0.00017635 0.0001392 0.0001785 0.0001692 0.00017345 0.0001725 0.0001353 8.945e-05 0.0001837 0.0001742 0.00015975 0.00014035 0.0001329 0.00017755 0.00013625 0.0001804 0.0001802 0.0001713 0.00013495 0.00012945 0.0001725 0.0001726 0.00017885 0.0001789 0.0001316 0.00017325 0.0001294 0.0001782 0.0001241 0.0001709 0.00017135 0.0001808 0.00017675 0.0001837 0.00015695 0.00013315 0.0001393 0.0001367 0.0001699 0.0001316 0.0001759 0.0001754 0.00013025 0.0001243 0.00017345 0.00017545 0.00017565 0.0001334
7 0.00011365 0.0001693 0.00016885 0.0001688 0.00015785 0.0001664 0.0001692 0.0001286 0.00011355 0.00014145 0.00016845 0.0001749 0.00017055 0.0001211 8.36e-05 0.00015555 0.00013725 0.00011605 0.00013865 0.00015985 0.00011835 0.00011605 0.00017195 0.0001551 0.00011625 0.0001498 0.0001571 0.00016435 0.00015665 0.0001518 0.00015505 0.0001585 0.0001271 6.96e-05 0.0001161 0.0001446 0.0001547 0.00017055 0.00011945 0.0001659 0.00016645 0.00016325 0.00011065 0.00017385 0.00012915 0.0001533 0.0001505 0.00014125 0.0001136 6.43e-05 0.00015715 0.00012145
8 8.11e-05 0.00017355 0.0001308 0.00013075 0.0001533 0.00017555 0.00017345 0.00011355 0.000162 0.0001514 0.0001711 0.0001806 0.00016835 0.00015155 0.0001053 0.00016335 0.00013775 0.00016075 0.0001517 0.00012055 0.00014885 0.0001282 0.00018135 0.00016085 0.00015475 0.00011895 0.0001119 0.00018115 0.0001697 0.00015775 0.0001608 0.00017135 0.0001619 0.00010825 0.00012825 0.00015675 0.00011815 0.00016835 0.00013605 0.00017035 0.0001756 0.00012375 0.0001206 0.00018125 0.0001528 0.00016655 0.00015735 0.00014035 8.105e-05 0.0001461 0.00017025 0.00016225
9 0.00015145 0.0001726 0.00017345 0.0001734 0.00015725 0.0001753 0.0001725 0.00014145 0.0001514 0.0001593 0.00017175 0.00017765 0.00016365 0.00016465 0.0001485 0.0001469 0.00016785 0.00015515 0.0001696 0.00012445 0.00016315 0.00014725 0.0001688 0.000172 0.0001551 0.0001563 0.0001623 0.00013925 0.0001348 0.00012815 0.00017195 0.00015945 0.00016865 0.00014705 0.0001473 0.00016045 0.0001729 0.00016365 0.0001576 0.00012865 0.00017535 0.0001684 0.0001066 0.0001754 0.0001389 9.09e-05 0.00016755 0.00015275 0.0001514 0.00014935 9.965e-05 0.0001656
10 0.00017115 0.00013545 0.0001369 0.0001368 0.0001441 0.00013495 0.0001353 0.00016845 0.0001711 0.00017175 0.0001806 9.05e-05 0.0001724 0.0001589 0.000158 0.0001737 0.00017815 0.0001718 0.0001276 0.00017755 0.000134 0.00016225 0.0001312 0.0001671 0.0001752 0.0001648 0.0001597 0.0001749 0.00017755 0.0001629 0.00016705 0.0001629 0.0001644 0.0001683 0.0001623 0.00014855 0.0001686 0.0001724 0.0001542 0.00013115 0.00013505 0.00018185 0.00016535 0.0001282 0.0001668 0.0001733 0.00017715 0.00016725 0.0001711 0.000178 0.00017485 0.00013435
11 0.00018065 8.935e-05 9.68e-05 9.695e-05 0.00018435 9.065e-05 8.945e-05 0.0001749 0.0001806 0.00017765 9.05e-05 0.0 0.00018335 0.00017315 0.0001572 0.0001806 0.0001757 0.0001792 9.03e-05 0.0001829 0.00018145 0.0001719 9.235e-05 0.00017485 0.0001778 0.0001724 0.0001854 0.00018615 0.0001807 0.0001717 0.0001748 0.0001781 0.0001502 0.00017485 0.00017195 0.0001808 0.00018235 0.00018335 0.00015265 8.61e-05 9.05e-05 0.00018615 0.0001699 8.44e-05 0.00018085 0.0001775 0.0001728 0.0001686 0.0001806 0.0001822 0.00018155 9.18e-05
12 0.0001684 0.0001838 0.0001698 0.00016975 0.00017475 0.00018705 0.0001837 0.00017055 0.00016835 0.00016365 0.0001724 0.00018335 0.0001043 0.0001608 0.00016615 0.0001577 0.00016475 0.0001222 0.000182 0.00016635 0.0001584 0.0001321 0.0001177 0.00018275 0.00016865 0.00015565 0.0001621 0.00010215 0.00016925 0.00017895 0.0001827 0.00013405 0.00017295 0.0001678 0.00013215 0.0001584 0.0001688 5.215e-05 0.00016155 0.0001799 0.0001871 0.00017025 0.00017845 0.00018105 0.0001632 0.0001654 0.0001706 0.00017955 0.00016835 0.00016065 0.00016435 0.0001712
13 0.0001516 0.0001743 0.00016585 0.0001658 0.00015065 0.0001725 0.0001742 0.0001211 0.00015155 0.00016465 0.0001589 0.00017315 0.0001608 0.0001743 0.00013615 0.00016425 0.0001482 0.00013265 0.00016125 0.00016575 0.00011595 0.0001561 0.000169 0.0001699 0.0001362 0.0001625 0.00015775 0.00016445 0.0001677 0.00016875 0.00016985 0.00015275 0.00014535 0.00011605 0.00015615 0.000136 0.0001615 0.0001608 0.0001406 0.00017305 0.00017255 0.000167 0.00015875 0.00017205 0.000155 0.0001665 0.0001578 0.00016945 0.00015155 9.765e-05 0.0001679 0.0001346
14 0.0001053 0.00015985 0.00015795 0.0001579 0.00015935 0.0001583 0.00015975 8.36e-05 0.0001053 0.0001485 0.000158 0.0001572 0.00016615 0.00013615 0.0001036 0.0001581 0.00011795 0.00013855 0.00012895 0.0001577 0.0001342 0.00010685 0.00016215 0.00014935 0.000142 0.0001421 0.0001568 0.0001735 0.00016315 0.00014655 0.0001493 0.00015825 0.00014455 8.06e-05 0.0001069 0.0001438 0.0001475 0.00016615 9.625e-05 0.00015695 0.00015835 0.0001606 0.00010425 0.00016505 0.00013455 0.0001603 0.0001425 0.00013695 0.00010525 0.0001153 0.0001641 0.00013515
15 0.0001634 0.0001404 0.00017735 0.0001773 0.0001619 0.00017915 0.00014035 0.00015555 0.00016335 0.0001469 0.0001737 0.0001806 0.0001577 0.00016425 0.0001581 0.0001638 0.0001318 0.0001658 0.00017215 0.0001725 0.00016515 0.00016285 0.00015985 0.00013475 0.000165 0.00016225 0.0001642 0.000125 0.0001149 0.0001702 0.0001347 0.0001696 0.00014275 0.0001581 0.0001629 0.0001678 0.00017175 0.0001577 0.00016135 0.00017575 0.0001792 0.00013715 0.00016175 0.00017695 0.0001364 0.00015025 0.00013435 0.00012535 0.00016335 0.0001585 0.00013295 0.00017065
16 0.0001378 0.00013305 0.0001579 0.00015785 0.0001699 0.00017715 0.0001329 0.00013725 0.00013775 0.00016785 0.00017815 0.0001757 0.00016475 0.0001482 0.00011795 0.0001318 0.000155 0.00015755 0.00016335 0.0001573 0.00015215 0.0001557 0.00017125 0.0001253 0.00015315 0.0001594 0.00015585 0.0001728 0.00012795 0.00016745 0.00012525 0.00017 0.0001294 0.00012905 0.00015575 0.0001512 0.0001502 0.00016475 0.0001226 0.0001751 0.0001772 0.00011525 0.00015495 0.00017615 0.00015595 0.0001701 0.00010745 0.000126 0.00013775 0.0001391 0.0001695 0.00015665
17 0.0001608 0.00017765 0.00017645 0.0001764 0.00016925 0.0001732 0.00017755 0.00011605 0.00016075 0.00015515 0.0001718 0.0001792 0.0001222 0.00013265 0.00013855 0.0001658 0.00015755 0.0001686 0.00016655 0.00017105 0.00012865 0.00011605 0.0001563 0.00016965 0.00012915 0.00016675 0.0001691 0.0001312 0.00016145 0.0001659 0.0001696 0.00012635 0.00014025 0.0001204 0.0001161 0.0001498 0.0001685 0.0001222 0.0001453 0.0001738 0.00017325 0.0001749 0.0001581 0.0001743 0.0001491 0.00015765 0.00015935 0.0001713 0.00016075 8.43e-05 0.0001594 0.00013335
18 0.00015175 0.00013625 0.00013675 0.0001368 0.0001706 0.00011155 0.00013625 0.00013865 0.0001517 0.0001696 0.0001276 9.03e-05 0.000182 0.00016125 0.00012895 0.00017215 0.00016335 0.00016655 0.0001806 0.00017225 0.000161 0.0001481 0.0001346 0.0001644 0.0001671 0.00016405 0.00016915 0.0001836 0.0001801 0.00015405 0.00016435 0.00017175 0.00015475 0.0001386 0.00014815 0.00016825 0.00016495 0.000182 0.00014145 0.0001258 0.0001115 0.0001827 0.00014075 0.0001314 0.00013375 0.0001697 0.00016885 0.00016385 0.0001517 0.0001571 0.00017185 0.00012445
19 0.0001206 0.0001805 0.00013555 0.0001355 0.0001609 0.0001829 0.0001804 0.00015985 0.00012055 0.00012445 0.00017755 0.0001829 0.00016635 0.00016575 0.0001577 0.0001725 0.0001573 0.00017105 0.00017225 0.0001764 0.00016485 0.0001641 0.00018155 0.0001764 0.00016705 0.0001368 0.00012175 0.00017845 0.0001739 0.00013155 0.00017635 0.0001724 0.00017825 0.00015485 0.00016415 0.00016195 0.0001315 0.00016635 0.00015715 0.00013555 0.00018295 0.00013315 0.00012055 0.0001836 0.0001707 0.000129 0.00016715 0.00016865 0.00012055 0.0001668 0.0001342 0.000174
20 0.0001489 0.0001803 0.0001698 0.00016975 0.0001348 0.00017535 0.0001802 0.00011835 0.00014885 0.00016315 0.000134 0.00018145 0.0001584 0.00011595 0.0001342 0.00016515 0.00015215 0.00012865 0.000161 0.00016485 0.0001733 0.00014985 0.0001722 0.00016475 0.00013415 0.0001586 0.0001454 0.00016415 0.00016945 0.00016105 0.0001647 0.0001528 0.0001461 0.0001133 0.0001499 0.00012125 0.0001543 0.0001584 0.00013615 0.0001765 0.0001754 0.00016865 0.00015555 0.00017375 0.00014795 0.0001657 0.0001608 0.0001694 0.00014885 9.715e-05 0.0001661 0.0001377
21 0.0001283 0.0001714 0.0001724 0.00017235 0.00016295 0.00016895 0.0001713 0.00011605 0.0001282 0.00014725 0.00016225 0.0001719 0.0001321 0.0001561 0.00010685 0.00016285 0.0001557 0.00011605 0.0001481 0.0001641 0.00014985 0.000167 0.0001589 0.000158 0.0001607 0.00014655 0.0001594 0.000146 0.0001675 0.0001503 0.00015795 0.00012795 0.00015745 0.00011515 8.355e-05 0.0001607 0.00015905 0.0001321 0.0001383 0.0001636 0.000169 0.0001719 0.00011945 0.00017255 0.0001455 0.00015975 0.00016325 0.00014345 0.00012825 0.0001486 0.0001636 0.0001608
22 0.0001814 0.0001351 0.00014025 0.00014015 0.00017835 0.0001373 0.00013495 0.00017195 0.00018135 0.0001688 0.0001312 9.235e-05 0.0001177 0.000169 0.00016215 0.00015985 0.00017125 0.0001563 0.0001346 0.00018155 0.0001722 0.0001589 0.0001843 0.0001776 0.0001721 0.00017145 0.00018045 0.0001392 0.0001703 0.00017625 0.00017755 0.0001603 0.0001588 0.0001745 0.00015895 0.0001706 0.0001828 0.0001177 0.0001587 0.00013365 0.0001374 0.000183 0.00017475 0.0001342 0.0001667 0.0001689 0.00017425 0.0001729 0.00018135 0.00016935 0.000169 0.00013175
23 0.0001609 0.0001295 0.00017655 0.0001765 0.0001579 0.00017895 0.00012945 0.0001551 0.00016085 0.000172 0.0001671 0.00017485 0.00018275 0.0001699 0.00014935 0.00013475 0.0001253 0.00016965 0.0001644 0.0001764 0.00016475 0.000158 0.0001776 0.0001681 0.0001686 0.0001692 0.0001705 0.0001766 0.00013035 0.00012935 8.405e-05 0.0001702 0.00013425 0.0001566 0.00015805 0.00017605 0.00013115 0.00018275 0.0001494 0.0001747 0.000179 0.0001312 0.000159 0.0001744 0.00015455 0.00017555 0.0001016 0.00012135 0.00016085 0.00016675 0.0001728 0.00017145
24 0.0001548 0.0001726 0.00016975 0.0001697 0.00016815 0.0001736 0.0001725 0.00011625 0.00015475 0.0001551 0.0001752 0.0001778 0.00016865 0.0001362 0.000142 0.000165 0.00015315 0.00012915 0.0001671 0.00016705 0.00013415 0.0001607 0.0001721 0.0001686 0.0001694 0.00016715 0.00016845 0.00015975 0.00015645 0.0001712 0.00016855 0.00016535 0.0001427 0.00012185 0.00016075 0.00015265 0.0001658 0.00016865 0.0001399 0.0001751 0.00017365 0.00016455 0.0001601 0.00017005 0.00014945 0.000159 0.00015685 0.00016815 0.00015475 8.47e-05 0.00015805 0.00013265
25 0.000119 0.0001727 0.00014035 0.0001403 0.00015445 0.00017625 0.0001726 0.0001498 0.00011895 0.0001563 0.0001648 0.0001724 0.00015565 0.0001625 0.0001421 0.00016225 0.0001594 0.00016675 0.00016405 0.0001368 0.0001586 0.00014655 0.00017145 0.0001692 0.00016715 0.0001724 0.0001144 0.00017065 0.00016485 0.00016545 0.00016915 0.0001695 0.00017335 0.00014445 0.0001466 0.00016305 0.0001369 0.00015565 0.00015525 0.00016885 0.0001763 0.00014065 0.00014745 0.0001732 0.00016315 0.00016105 0.0001666 0.0001337 0.00011895 0.00017 0.0001685 0.0001701
26 0.0001119 0.00017895 0.0001309 0.00013085 0.0001234 0.00018235 0.00017885 0.0001571 0.0001119 0.0001623 0.0001597 0.0001854 0.0001621 0.00015775 0.0001568 0.0001642 0.00015585 0.0001691 0.00016915 0.00012175 0.0001454 0.0001594 0.00018045 0.0001705 0.00016845 0.0001144 0.0001528 0.0001768 0.0001695 0.0001679 0.00017045 0.00017245 0.000173 0.00015175 0.00015945 0.00015015 0.0001225 0.0001621 0.0001631 0.00017625 0.0001824 0.00012445 0.00015725 0.00018255 0.00016435 0.00016685 0.0001679 0.00014765 0.0001119 0.0001668 0.0001716 0.000175
27 0.0001812 0.000179 0.00018465 0.0001846 0.00017005 0.0001842 0.0001789 0.00016435 0.00018115 0.00013925 0.0001749 0.00018615 0.00010215 0.00016445 0.0001735 0.000125 0.0001728 0.0001312 0.0001836 0.00017845 0.00016415 0.000146 0.0001392 0.0001766 0.00015975 0.00017065 0.0001768 0.0001585 0.0001402 0.00017765 0.00017655 0.00014265 0.0001728 0.0001722 0.00014605 0.0001625 0.0001823 0.00010215 0.0001707 0.00017995 0.00018425 0.0001775 0.00017645 0.00018005 0.0001352 0.0001412 0.0001701 0.00017305 0.00018115 0.00014955 0.00012655 0.00017
28 0.00016975 0.00013175 0.0001787 0.00017865 0.00015885 0.00018095 0.0001316 0.00015665 0.0001697 0.0001348 0.00017755 0.0001807 0.00016925 0.0001677 0.00016315 0.0001149 0.00012795 0.00016145 0.0001801 0.0001739 0.00016945 0.0001675 0.0001703 0.00013035 0.00015645 0.00016485 0.0001695 0.0001402 0.0001652 0.0001746 0.0001303 0.0001692 0.00013315 0.00016365 0.00016755 0.00016965 0.00017735 0.00016925 0.0001627 0.0001759 0.000181 0.00012975 0.0001669 0.00017455 0.00014445 0.00012685 0.000128 0.0001217 0.0001697 0.0001506 0.00014065 0.00016785
29 0.0001578 0.00017335 0.0001755 0.00017545 0.0001571 0.00017345 0.00017325 0.0001518 0.00015775 0.00012815 0.0001629 0.0001717 0.00017895 0.00016875 0.00014655 0.0001702 0.00016745 0.0001659 0.00015405 0.00013155 0.00016105 0.0001503 0.00017625 0.00012935 0.0001712 0.00016545 0.0001679 0.00017765 0.0001746 0.0001676 0.00012935 0.00016215 0.0001738 0.0001519 0.00015035 0.0001686 0.00013155 0.00017895 0.0001461 0.00012775 0.0001735 0.00017715 0.00011 0.0001735 0.00014975 0.00012905 0.0001448 0.0001664 0.00015775 0.0001674 0.00013255 0.0001701
30 0.00016085 0.00012945 0.0001765 0.00017645 0.00015785 0.0001789 0.0001294 0.00015505 0.0001608 0.00017195 0.00016705 0.0001748 0.0001827 0.00016985 0.0001493 0.0001347 0.00012525 0.0001696 0.00016435 0.00017635 0.0001647 0.00015795 0.00017755 8.405e-05 0.00016855 0.00016915 0.00017045 0.00017655 0.0001303 0.00012935 0.000168 0.00017015 0.0001342 0.00015655 0.000158 0.000176 0.00013115 0.0001827 0.00014935 0.00017465 0.00017895 0.00013115 0.00015895 0.00017435 0.0001545 0.0001755 0.0001016 0.0001213 0.0001608 0.0001667 0.00017275 0.0001714
31 0.0001714 0.0001783 0.00018035 0.0001803 0.0001682 0.00017895 0.0001782 0.0001585 0.00017135 0.00015945 0.0001629 0.0001781 0.00013405 0.00015275 0.00015825 0.0001696 0.00017 0.00012635 0.00017175 0.0001724 0.0001528 0.00012795 0.0001603 0.0001702 0.00016535 0.0001695 0.00017245 0.00014265 0.0001692 0.00016215 0.00017015 0.0001776 0.00017135 0.0001589 0.000128 0.0001234 0.0001723 0.00013405 0.000158 0.00017015 0.000179 0.00018055 0.00016115 0.00017405 0.00016125 0.0001611 0.00016895 0.0001736 0.00017135 0.0001569 0.0001627 0.000169
32 0.00016195 0.00012415 0.00016485 0.0001648 0.00016825 0.0001645 0.0001241 0.0001271 0.0001619 0.00016865 0.0001644 0.0001502 0.00017295 0.00014535 0.00014455 0.00014275 0.0001294 0.00014025 0.00015475 0.00017825 0.0001461 0.00015745 0.0001588 0.00013425 0.0001427 0.00017335 0.000173 0.0001728 0.00013315 0.0001738 0.0001342 0.00017135 0.0001672 0.0001288 0.0001575 0.0001722 0.000175 0.00017295 0.0001535 0.0001636 0.00016455 0.0001388 0.00016065 0.00016395 0.0001626 0.0001726 0.00013365 0.00012985 0.0001619 0.0001099 0.0001738 0.00013105
33 0.0001083 0.000171 0.0001635 0.00016345 0.0001586 0.0001666 0.0001709 6.96e-05 0.00010825 0.00014705 0.0001683 0.00017485 0.0001678 0.00011605 8.06e-05 0.0001581 0.00012905 0.0001204 0.0001386 0.00015485 0.0001133 0.00011515 0.0001745 0.0001566 0.00012185 0.00014445 0.00015175 0.0001722 0.00016365 0.0001519 0.00015655 0.0001589 0.0001288 0.0001285 0.0001152 0.0001406 0.00014915 0.0001678 0.0001142 0.0001662 0.00016665 0.00015965 0.00011095 0.00017385 0.0001344 0.0001589 0.0001469 0.00014295 0.00010825 7.485e-05 0.00016275 0.00012375
34 0.00012835 0.00017145 0.00017245 0.0001724 0.000163 0.000169 0.00017135 0.0001161 0.00012825 0.0001473 0.0001623 0.00017195 0.00013215 0.00015615 0.0001069 0.0001629 0.00015575 0.0001161 0.00014815 0.00016415 0.0001499 8.355e-05 0.00015895 0.00015805 0.00016075 0.0001466 0.00015945 0.00014605 0.00016755 0.00015035 0.000158 0.000128 0.0001575 0.0001152 0.0001671 0.00016075 0.0001591 0.00013215 0.00013835 0.00016365 0.00016905 0.00017195 0.0001195 0.0001726 0.00014555 0.0001598 0.0001633 0.0001435 0.0001283 0.00014865 0.00016365 0.00016085
35 0.0001568 0.0001809 0.0001694 0.00016935 0.00015185 0.00017945 0.0001808 0.0001446 0.00015675 0.00016045 0.00014855 0.0001808 0.0001584 0.000136 0.0001438 0.0001678 0.0001512 0.0001498 0.00016825 0.00016195 0.00012125 0.0001607 0.0001706 0.00017605 0.00015265 0.00016305 0.00015015 0.0001625 0.00016965 0.0001686 0.000176 0.0001234 0.0001722 0.0001406 0.00016075 0.0001754 0.0001646 0.0001584 0.00014525 0.00017335 0.0001795 0.0001695 0.0001607 0.00017415 0.00015465 0.00016215 0.00015945 0.00017765 0.00015675 0.0001337 0.0001624 0.0001571
36 0.0001182 0.00017685 0.0001367 0.00013665 0.0001512 0.00017945 0.00017675 0.0001547 0.00011815 0.0001729 0.0001686 0.00018235 0.0001688 0.0001615 0.0001475 0.00017175 0.0001502 0.0001685 0.00016495 0.0001315 0.0001543 0.00015905 0.0001828 0.00013115 0.0001658 0.0001369 0.0001225 0.0001823 0.00017735 0.00013155 0.00013115 0.0001723 0.000175 0.00014915 0.0001591 0.0001646 0.0001821 0.0001688 0.00014855 0.00017715 0.0001795 0.0001312 0.0001586 0.00018025 0.00015905 0.0001777 0.0001379 0.000165 0.00011815 0.00016415 0.00017745 0.00017165
37 0.0001684 0.0001838 0.0001698 0.00016975 0.00017475 0.00018705 0.0001837 0.00017055 0.00016835 0.00016365 0.0001724 0.00018335 5.215e-05 0.0001608 0.00016615 0.0001577 0.00016475 0.0001222 0.000182 0.00016635 0.0001584 0.0001321 0.0001177 0.00018275 0.00016865 0.00015565 0.0001621 0.00010215 0.00016925 0.00017895 0.0001827 0.00013405 0.00017295 0.0001678 0.00013215 0.0001584 0.0001688 0.0001043 0.00016155 0.0001799 0.0001871 0.00017025 0.00017845 0.00018105 0.0001632 0.0001654 0.0001706 0.00017955 0.00016835 0.00016065 0.00016435 0.0001712
38 0.0001361 0.00015705 0.00015615 0.0001561 0.00016005 0.00016 0.00015695 0.00011945 0.00013605 0.0001576 0.0001542 0.00015265 0.00016155 0.0001406 9.625e-05 0.00016135 0.0001226 0.0001453 0.00014145 0.00015715 0.00013615 0.0001383 0.0001587 0.0001494 0.0001399 0.00015525 0.0001631 0.0001707 0.0001627 0.0001461 0.00014935 0.000158 0.0001535 0.0001142 0.00013835 0.00014525 0.00014855 0.00016155 0.0001465 0.00015365 0.00016005 0.00016055 0.00013355 0.00015985 0.0001459 0.00015935 0.00013945 0.00015625 0.00013605 0.00012645 0.00016215 0.00013795
39 0.0001704 0.00013315 0.00013555 0.0001356 0.00017555 0.00013375 0.00013315 0.0001659 0.00017035 0.00012865 0.00013115 8.61e-05 0.0001799 0.00017305 0.00015695 0.00017575 0.0001751 0.0001738 0.0001258 0.00013555 0.0001765 0.0001636 0.00013365 0.0001747 0.0001751 0.00016885 0.00017625 0.00017995 0.0001759 0.00012775 0.00017465 0.00017015 0.0001636 0.0001662 0.00016365 0.00017335 0.00017715 0.0001799 0.00015365 0.0001722 0.0001337 0.0001826 0.0001209 0.0001306 0.0001711 0.0001289 0.0001734 0.0001693 0.00017035 0.0001761 0.0001354 0.0001321
40 0.00017565 0.0001393 0.00013975 0.0001398 0.0001795 9.055e-05 0.0001393 0.00016645 0.0001756 0.00017535 0.00013505 9.05e-05 0.0001871 0.00017255 0.00015835 0.0001792 0.0001772 0.00017325 0.0001115 0.00018295 0.0001754 0.000169 0.0001374 0.000179 0.00017365 0.0001763 0.0001824 0.00018425 0.000181 0.0001735 0.00017895 0.000179 0.00016455 0.00016665 0.00016905 0.0001795 0.0001795 0.0001871 0.00016005 0.0001337 0.000181 0.00018855 0.00016955 0.00012725 0.00015275 0.00017545 0.00017895 0.00017615 0.0001756 0.0001707 0.0001776 0.00013105
41 0.0001238 0.0001367 0.0001367 0.00013665 0.0001618 0.0001885 0.0001367 0.00016325 0.00012375 0.0001684 0.00018185 0.00018615 0.00017025 0.000167 0.0001606 0.00013715 0.00011525 0.0001749 0.0001827 0.00013315 0.00016865 0.0001719 0.000183 0.0001312 0.00016455 0.00014065 0.00012445 0.0001775 0.00012975 0.00017715 0.00013115 0.00018055 0.0001388 0.00015965 0.00017195 0.0001695 0.0001312 0.00017025 0.00016055 0.0001826 0.00018855 0.0001745 0.00016965 0.0001846 0.0001756 0.0001756 0.00012405 0.0001237 0.00012375 0.00016625 0.00017455 0.00017545
42 0.0001206 0.00017 0.00016955 0.0001695 0.00015915 0.0001695 0.0001699 0.00011065 0.0001206 0.0001066 0.00016535 0.0001699 0.00017845 0.00015875 0.00010425 0.00016175 0.00015495 0.0001581 0.00014075 0.00012055 0.00015555 0.00011945 0.00017475 0.000159 0.0001601 0.00014745 0.00015725 0.00017645 0.0001669 0.00011 0.00015895 0.00016115 0.00016065 0.00011095 0.0001195 0.0001607 0.0001586 0.00017845 0.00013355 0.0001209 0.00016955 0.00016965 0.0001438 0.00017445 0.00014345 0.00011785 0.0001642 0.0001417 0.00012055 0.0001493 0.0001253 0.00016065
43 0.0001813 0.0001316 0.0001374 0.00013745 0.00017435 0.0001273 0.0001316 0.00017385 0.00018125 0.0001754 0.0001282 8.44e-05 0.00018105 0.00017205 0.00016505 0.00017695 0.00017615 0.0001743 0.0001314 0.0001836 0.00017375 0.00017255 0.0001342 0.0001744 0.00017005 0.0001732 0.00018255 0.00018005 0.00017455 0.0001735 0.00017435 0.00017405 0.00016395 0.00017385 0.0001726 0.00017415 0.00018025 0.00018105 0.00015985 0.0001306 0.00012725 0.0001846 0.00017445 0.0001688 0.00017395 0.0001736 0.00017325 0.00017185 0.00018125 0.0001756 0.0001773 0.00013035
44 0.00015285 0.000176 0.00018045 0.0001804 0.00015785 0.0001527 0.0001759 0.00012915 0.0001528 0.0001389 0.0001668 0.00018085 0.0001632 0.000155 0.00013455 0.0001364 0.00015595 0.0001491 0.00013375 0.0001707 0.00014795 0.0001455 0.0001667 0.00015455 0.00014945 0.00016315 0.00016435 0.0001352 0.00014445 0.00014975 0.0001545 0.00016125 0.0001626 0.0001344 0.00014555 0.00015465 0.00015905 0.0001632 0.0001459 0.0001711 0.00015275 0.0001756 0.00014345 0.00017395 0.0001731 0.0001396 0.00015585 0.00016185 0.0001528 0.00013275 0.00013165 0.00015865
45 0.0001666 0.0001755 0.0001776 0.00017755 0.000158 0.0001754 0.0001754 0.0001533 0.00016655 9.09e-05 0.0001733 0.0001775 0.0001654 0.0001665 0.0001603 0.00015025 0.0001701 0.00015765 0.0001697 0.000129 0.0001657 0.00015975 0.0001689 0.00017555 0.000159 0.00016105 0.00016685 0.0001412 0.00012685 0.00012905 0.0001755 0.0001611 0.0001726 0.0001589 0.0001598 0.00016215 0.0001777 0.0001654 0.00015935 0.0001289 0.00017545 0.0001756 0.00011785 0.0001736 0.0001396 0.0001606 0.0001711 0.00016665 0.00016655 0.0001512 0.00010035 0.00016645
46 0.0001574 0.0001303 0.00016655 0.0001665 0.0001708 0.0001789 0.00013025 0.0001505 0.00015735 0.00016755 0.00017715 0.0001728 0.0001706 0.0001578 0.0001425 0.00013435 0.00010745 0.00015935 0.00016885 0.00016715 0.0001608 0.00016325 0.00017425 0.0001016 0.00015685 0.0001666 0.0001679 0.0001701 0.000128 0.0001448 0.0001016 0.00016895 0.00013365 0.0001469 0.0001633 0.00015945 0.0001379 0.0001706 0.00013945 0.0001734 0.00017895 0.00012405 0.0001642 0.00017325 0.00015585 0.0001711 0.0001754 0.00012955 0.00015735 0.0001466 0.00016835 0.00015895
47 0.0001404 0.00012435 0.00016795 0.0001679 0.0001602 0.0001761 0.0001243 0.00014125 0.00014035 0.00015275 0.00016725 0.0001686 0.00017955 0.00016945 0.00013695 0.00012535 0.000126 0.0001713 0.00016385 0.00016865 0.0001694 0.00014345 0.0001729 0.00012135 0.00016815 0.0001337 0.00014765 0.00017305 0.0001217 0.0001664 0.0001213 0.0001736 0.00012985 0.00014295 0.0001435 0.00017765 0.000165 0.00017955 0.00015625 0.0001693 0.00017615 0.0001237 0.0001417 0.00017185 0.00016185 0.00016665 0.00012955 0.00016 0.00014035 0.0001691 0.00016785 0.00017
48 8.105e-05 0.00017355 0.0001308 0.00013075 0.0001533 0.00017555 0.00017345 0.0001136 8.105e-05 0.0001514 0.0001711 0.0001806 0.00016835 0.00015155 0.00010525 0.00016335 0.00013775 0.00016075 0.0001517 0.00012055 0.00014885 0.00012825 0.00018135 0.00016085 0.00015475 0.00011895 0.0001119 0.00018115 0.0001697 0.00015775 0.0001608 0.00017135 0.0001619 0.00010825 0.0001283 0.00015675 0.00011815 0.00016835 0.00013605 0.00017035 0.0001756 0.00012375 0.00012055 0.00018125 0.0001528 0.00016655 0.00015735 0.00014035 0.000162 0.0001461 0.00017025 0.00016225
49 0.00014615 0.00017555 0.0001729 0.00017285 0.00016415 0.00017065 0.00017545 6.43e-05 0.0001461 0.00014935 0.000178 0.0001822 0.00016065 9.765e-05 0.0001153 0.0001585 0.0001391 8.43e-05 0.0001571 0.0001668 9.715e-05 0.0001486 0.00016935 0.00016675 8.47e-05 0.00017 0.0001668 0.00014955 0.0001506 0.0001674 0.0001667 0.0001569 0.0001099 7.485e-05 0.00014865 0.0001337 0.00016415 0.00016065 0.00012645 0.0001761 0.0001707 0.00016625 0.0001493 0.0001756 0.00013275 0.0001512 0.0001466 0.0001691 0.0001461 0.0 0.00015295 9.4e-05
50 0.0001703 0.00017575 0.00018035 0.0001803 0.00016515 0.00017755 0.00017565 0.00015715 0.00017025 9.965e-05 0.00017485 0.00018155 0.00016435 0.0001679 0.0001641 0.00013295 0.0001695 0.0001594 0.00017185 0.0001342 0.0001661 0.0001636 0.000169 0.0001728 0.00015805 0.0001685 0.0001716 0.00012655 0.00014065 0.00013255 0.00017275 0.0001627 0.0001738 0.00016275 0.00016365 0.0001624 0.00017745 0.00016435 0.00016215 0.0001354 0.0001776 0.00017455 0.0001253 0.0001773 0.00013165 0.00010035 0.00016835 0.00016785 0.00017025 0.00015295 0.0001785 0.00016935
51 0.0001623 0.00013355 0.0001337 0.0001336 0.0001748 0.00013095 0.0001334 0.00012145 0.00016225 0.0001656 0.00013435 9.18e-05 0.0001712 0.0001346 0.00013515 0.00017065 0.00015665 0.00013335 0.00012445 0.000174 0.0001377 0.0001608 0.00013175 0.00017145 0.00013265 0.0001701 0.000175 0.00017 0.00016785 0.0001701 0.0001714 0.000169 0.00013105 0.00012375 0.00016085 0.0001571 0.00017165 0.0001712 0.00013795 0.0001321 0.00013105 0.00017545 0.00016065 0.00013035 0.00015865 0.00016645 0.00015895 0.00017 0.00016225 9.4e-05 0.00016935 0.0001832
