 slim_762465960 slim_762465926 slim_762465950 slim_762465920 slim_762465936 slim_762465928 slim_762465937 slim_762465952 slim_762465945 slim_762465951 slim_762465964 slim_762465959 slim_762465930 slim_762465958 slim_762465961 slim_762465922 slim_762465917 slim_762465948 slim_762465944 slim_762465925 slim_762465957 slim_762465923 slim_762465969 slim_762465963 slim_762465949 slim_762465970 slim_762465966 slim_762465940 slim_762465971 slim_762465939 slim_762465935 slim_762465956 slim_762465931 slim_762465967 slim_762465924 slim_762465938 slim_762465943 slim_762465962 slim_762465941 slim_762465929 slim_762465934 slim_762465965 slim_762465919 slim_762465968 slim_762465954 slim_762465946 slim_762465927 slim_762465932 slim_762465942 slim_762465921 slim_762465953 slim_762465947 slim_762465933 slim_762465955 slim_762465918
0 2.7e-06 2.3e-06 2.45e-06 3.25e-06 2.75e-06 2.5e-06 2.7e-06 2.25e-06 2.75e-06 2.35e-06 2.5e-06 2.45e-06 2.35e-06 2.1e-06 1.85e-06 3.2e-06 2.5e-06 1.65e-06 1.9e-06 2.5e-06 1.9e-06 3.1e-06 2.5e-06 1.9e-06 2.5e-06 2.25e-06 3.15e-06 1.35e-06 2.25e-06 1.65e-06 2.25e-06 1.6e-06 2.45e-06 2.65e-06 2.75e-06 1.5e-06 2.2e-06 1.9e-06 1.5e-06 2.15e-06 2.35e-06 3.05e-06 2e-06 2.2e-06 1.55e-06 3.05e-06 1.4e-06 1.35e-06 2.9e-06 2.3e-06 1.55e-06 2.5e-06 2.8e-06 2.1e-06 2.25e-06
1 2.3e-06 3.7e-06 2.15e-06 2.05e-06 2.8e-06 2.55e-06 2.8e-06 2.35e-06 1.95e-06 2.5e-06 1.95e-06 2e-06 2.4e-06 2.2e-06 2.2e-06 2e-06 2.35e-06 2.25e-06 2.25e-06 1.95e-06 2.25e-06 2.8e-06 2.05e-06 2.05e-06 2.05e-06 2.6e-06 2.35e-06 2.05e-06 2.6e-06 2.05e-06 2.1e-06 2.35e-06 2.5e-06 2.5e-06 2.5e-06 2.2e-06 2.55e-06 2.15e-06 2.4e-06 2.05e-06 1.9e-06 2.5e-06 2.9e-06 2.4e-06 2.45e-06 2.25e-06 2.35e-06 2.15e-06 2.6e-06 2.15e-06 2.3e-06 2.05e-06 3e-06 2.5e-06 2.45e-06
2 2.45e-06 2.15e-06 2e-06 1.7e-06 1.9e-06 1.75e-06 2.05e-06 1.75e-06 1.65e-06 1.7e-06 1.3e-06 2.25e-06 1.5e-06 1.5e-06 1.75e-06 1.65e-06 1.55e-06 1.75e-06 1.8e-06 1.65e-06 1.8e-06 1.9e-06 1.35e-06 1.6e-06 1.65e-06 2.1e-06 1.8e-06 2.8e-06 2.05e-06 1.65e-06 1.7e-06 2.5e-06 1.65e-06 2.05e-06 1.75e-06 1.75e-06 1.95e-06 1.7e-06 1.9e-06 2e-06 1.5e-06 1.4e-06 2.35e-06 2.4e-06 2e-06 1.3e-06 2.2e-06 2.85e-06 1.85e-06 1.75e-06 2.45e-06 1.45e-06 2.3e-06 2.55e-06 1.55e-06
3 3.25e-06 2.05e-06 1.7e-06 4e-07 2.2e-06 1.95e-06 2.2e-06 2.1e-06 9e-07 1.9e-06 1.35e-06 2.1e-06 1.8e-06 1.6e-06 1.9e-06 2.5e-07 2e-06 2.4e-06 1.95e-06 1.35e-06 1.95e-06 1.9e-06 1.1e-06 2e-06 1.3e-06 2.3e-06 9e-07 3.9e-06 2.6e-06 2.55e-06 1.25e-06 3.3e-06 1.9e-06 2.25e-06 1.6e-06 2.5e-06 2.55e-06 2.2e-06 2.45e-06 2.2e-06 9.5e-07 1.35e-06 2.95e-06 2.8e-06 2.5e-06 9.5e-07 2.7e-06 3.65e-06 1.7e-06 1.25e-06 3.25e-06 1.1e-06 2.45e-06 3.15e-06 2.35e-06
4 2.75e-06 2.8e-06 1.9e-06 2.2e-06 3.2e-06 1.95e-06 1.75e-06 2.25e-06 2e-06 1.9e-06 2.15e-06 2.85e-06 1.7e-06 1.7e-06 1.75e-06 2.15e-06 2.2e-06 2.05e-06 1.8e-06 2.3e-06 1.8e-06 2.25e-06 1.75e-06 2.05e-06 2.3e-06 1.65e-06 2.2e-06 3.6e-06 2.45e-06 2.45e-06 1.85e-06 2.8e-06 1.85e-06 2.15e-06 2.05e-06 2e-06 2.35e-06 2.15e-06 1.7e-06 2.6e-06 1.85e-06 1.9e-06 1.7e-06 2.95e-06 1.8e-06 1.85e-06 1.95e-06 3.15e-06 2.15e-06 1.9e-06 2.75e-06 1.8e-06 2.4e-06 3e-06 2.2e-06
5 2.5e-06 2.55e-06 1.75e-06 1.95e-06 1.95e-06 2.7e-06 2.05e-06 2e-06 1.75e-06 1.5e-06 1.95e-06 2.6e-06 1.55e-06 1.45e-06 1.5e-06 1.9e-06 1.75e-06 1.85e-06 1.55e-06 2.05e-06 1.45e-06 1.75e-06 1.5e-06 1.8e-06 2.05e-06 1.9e-06 1.95e-06 3.35e-06 2.2e-06 2.2e-06 1.6e-06 2.45e-06 1.45e-06 2.4e-06 1.85e-06 1.75e-06 2.1e-06 1.9e-06 1.5e-06 2.35e-06 1.6e-06 1.7e-06 2e-06 2.7e-06 1.45e-06 1.4e-06 1.75e-06 2.9e-06 1.75e-06 1.65e-06 2.4e-06 1.55e-06 2.2e-06 2.75e-06 2.05e-06
6 2.7e-06 2.8e-06 2.05e-06 2.2e-06 1.75e-06 2.05e-06 3.2e-06 2.2e-06 2e-06 2e-06 2.15e-06 2.85e-06 1.85e-06 1.65e-06 1.75e-06 2.15e-06 2.3e-06 2.05e-06 1.8e-06 2.3e-06 1.8e-06 2.35e-06 1.7e-06 2.05e-06 2.3e-06 1.65e-06 2.2e-06 3.5e-06 2.45e-06 2.45e-06 1.85e-06 2.75e-06 1.95e-06 2.15e-06 2e-06 2e-06 2.4e-06 2.15e-06 1.7e-06 2.55e-06 1.85e-06 2e-06 1.7e-06 2.9e-06 1.8e-06 1.95e-06 1.9e-06 3.05e-06 2.2e-06 1.9e-06 2.7e-06 1.75e-06 2.4e-06 2.95e-06 2.2e-06
7 2.25e-06 2.35e-06 1.75e-06 2.1e-06 2.25e-06 2e-06 2.2e-06 2.6e-06 1.9e-06 1.95e-06 1.8e-06 2.35e-06 1.85e-06 1.6e-06 1.65e-06 2.05e-06 1.8e-06 1.65e-06 1.7e-06 1.85e-06 1.7e-06 2.2e-06 1.65e-06 1.45e-06 1.85e-06 2.05e-06 1.8e-06 2.7e-06 1.8e-06 1.55e-06 1.75e-06 2.3e-06 1.95e-06 2.1e-06 1.85e-06 1.4e-06 1.75e-06 1.45e-06 1.65e-06 2.05e-06 1.75e-06 1.7e-06 2.15e-06 2.15e-06 1.7e-06 1.9e-06 1.85e-06 2.6e-06 2e-06 1.8e-06 2.25e-06 1.65e-06 2.15e-06 2.4e-06 1.8e-06
8 2.75e-06 1.95e-06 1.65e-06 9e-07 2e-06 1.75e-06 2e-06 1.9e-06 1.4e-06 1.7e-06 1.45e-06 2e-06 1.6e-06 1.4e-06 1.35e-06 8.5e-07 1.8e-06 2.05e-06 1.4e-06 1.4e-06 1.4e-06 1.95e-06 8.5e-07 1.45e-06 1.5e-06 1.75e-06 1.3e-06 3.4e-06 2.35e-06 2.2e-06 1.3e-06 2.8e-06 1.7e-06 1.95e-06 1.65e-06 2e-06 2.3e-06 1.65e-06 1.95e-06 2.05e-06 1e-06 1.45e-06 2.45e-06 2.6e-06 2e-06 1.1e-06 2.2e-06 3.15e-06 1.75e-06 1.35e-06 2.75e-06 8.5e-07 2.45e-06 2.9e-06 2.25e-06
9 2.35e-06 2.5e-06 1.7e-06 1.9e-06 1.9e-06 1.5e-06 2e-06 1.95e-06 1.7e-06 2.6e-06 1.9e-06 2.55e-06 1.5e-06 1.4e-06 1.45e-06 1.85e-06 1.75e-06 1.8e-06 1.5e-06 2e-06 1.5e-06 1.75e-06 1.45e-06 1.75e-06 2e-06 1.85e-06 1.9e-06 3.3e-06 2.15e-06 2.15e-06 1.55e-06 2.5e-06 1.45e-06 2.35e-06 1.8e-06 1.7e-06 2.05e-06 1.85e-06 1.45e-06 2.3e-06 1.55e-06 1.65e-06 1.95e-06 2.65e-06 1.5e-06 1.4e-06 1.7e-06 2.85e-06 1.7e-06 1.6e-06 2.45e-06 1.5e-06 2.15e-06 2.7e-06 2e-06
10 2.5e-06 1.95e-06 1.3e-06 1.35e-06 2.15e-06 1.95e-06 2.15e-06 1.8e-06 1.45e-06 1.9e-06 2.3e-06 2.05e-06 1.75e-06 1.6e-06 1.8e-06 1.3e-06 1.75e-06 1.75e-06 1.85e-06 1.4e-06 1.85e-06 2.1e-06 1.45e-06 1.65e-06 1.45e-06 2.15e-06 1.65e-06 2.85e-06 2.1e-06 1.65e-06 1.55e-06 2.55e-06 1.85e-06 1.95e-06 1.8e-06 1.8e-06 2.05e-06 1.75e-06 1.95e-06 2.05e-06 1.35e-06 1.7e-06 2.4e-06 2.45e-06 2.05e-06 1.5e-06 2.25e-06 2.9e-06 1.95e-06 1.6e-06 2.5e-06 1.5e-06 2.35e-06 2.6e-06 1.65e-06
11 2.45e-06 2e-06 2.25e-06 2.1e-06 2.85e-06 2.6e-06 2.85e-06 2.35e-06 2e-06 2.55e-06 2.05e-06 3.8e-06 2.45e-06 2.25e-06 2.25e-06 2.05e-06 2.35e-06 2.3e-06 2.3e-06 2e-06 2.3e-06 2.85e-06 2.1e-06 2.05e-06 2.1e-06 2.65e-06 2.4e-06 2.3e-06 2.6e-06 2.15e-06 2.15e-06 2.5e-06 2.55e-06 2.5e-06 2.55e-06 2.2e-06 2.55e-06 2.1e-06 2.45e-06 2e-06 1.95e-06 2.55e-06 2.95e-06 2.55e-06 2.5e-06 2.3e-06 2.4e-06 2.3e-06 2.65e-06 2.2e-06 2.45e-06 2.1e-06 3.05e-06 2.65e-06 2.55e-06
12 2.35e-06 2.4e-06 1.5e-06 1.8e-06 1.7e-06 1.55e-06 1.85e-06 1.85e-06 1.6e-06 1.5e-06 1.75e-06 2.45e-06 2.4e-06 1.3e-06 1.35e-06 1.75e-06 1.8e-06 1.6e-06 1.4e-06 1.9e-06 1.4e-06 1.85e-06 1.35e-06 1.65e-06 1.9e-06 1.7e-06 1.8e-06 3.2e-06 2.05e-06 2.05e-06 1.45e-06 2.4e-06 1.4e-06 2.2e-06 1.65e-06 1.6e-06 1.95e-06 1.75e-06 1.25e-06 2.2e-06 1.45e-06 1.5e-06 1.75e-06 2.55e-06 1.4e-06 1.45e-06 1.6e-06 2.75e-06 1.75e-06 1.5e-06 2.35e-06 1.4e-06 2e-06 2.6e-06 1.8e-06
13 2.1e-06 2.2e-06 1.5e-06 1.6e-06 1.7e-06 1.45e-06 1.65e-06 1.6e-06 1.4e-06 1.4e-06 1.6e-06 2.25e-06 1.3e-06 2e-06 1.1e-06 1.55e-06 1.7e-06 1.5e-06 1.15e-06 1.7e-06 1.2e-06 1.75e-06 1.1e-06 1.45e-06 1.7e-06 1.55e-06 1.6e-06 2.9e-06 1.85e-06 1.85e-06 1.25e-06 2.15e-06 1.4e-06 2.05e-06 1.45e-06 1.4e-06 1.75e-06 1.55e-06 1.15e-06 1.95e-06 1.25e-06 1.4e-06 1.65e-06 2.3e-06 1.15e-06 1.35e-06 1.35e-06 2.45e-06 1.6e-06 1.3e-06 2.1e-06 1.15e-06 1.85e-06 2.35e-06 1.7e-06
14 1.85e-06 2.2e-06 1.75e-06 1.9e-06 1.75e-06 1.5e-06 1.75e-06 1.65e-06 1.35e-06 1.45e-06 1.8e-06 2.25e-06 1.35e-06 1.1e-06 1.4e-06 1.85e-06 1.75e-06 1.25e-06 7.5e-07 1.75e-06 8.5e-07 2.05e-06 1.15e-06 1.1e-06 1.75e-06 1.2e-06 1.9e-06 2.7e-06 1.8e-06 1.6e-06 1.25e-06 1.9e-06 1.45e-06 1.9e-06 1.75e-06 1.1e-06 1.7e-06 1.2e-06 8.5e-07 2e-06 1.25e-06 1.85e-06 1.35e-06 2.35e-06 8.5e-07 1.7e-06 1.1e-06 2.25e-06 1.85e-06 1.3e-06 1.85e-06 1.15e-06 2.05e-06 2.35e-06 1.85e-06
15 3.2e-06 2e-06 1.65e-06 2.5e-07 2.15e-06 1.9e-06 2.15e-06 2.05e-06 8.5e-07 1.85e-06 1.3e-06 2.05e-06 1.75e-06 1.55e-06 1.85e-06 1e-07 1.95e-06 2.4e-06 1.9e-06 1.35e-06 1.9e-06 1.85e-06 1.05e-06 1.95e-06 1.25e-06 2.25e-06 9.5e-07 3.85e-06 2.55e-06 2.55e-06 1.15e-06 3.25e-06 1.85e-06 2.2e-06 1.55e-06 2.45e-06 2.5e-06 2.15e-06 2.4e-06 2.2e-06 8.5e-07 1.3e-06 2.9e-06 2.75e-06 2.45e-06 9.5e-07 2.65e-06 3.6e-06 1.65e-06 1.3e-06 3.2e-06 1.05e-06 2.4e-06 3.1e-06 2.3e-06
16 2.5e-06 2.35e-06 1.55e-06 2e-06 2.2e-06 1.75e-06 2.3e-06 1.8e-06 1.8e-06 1.75e-06 1.75e-06 2.35e-06 1.8e-06 1.7e-06 1.75e-06 1.95e-06 2.8e-06 1.85e-06 1.8e-06 1.85e-06 1.8e-06 1.95e-06 1.55e-06 1.5e-06 1.85e-06 2.15e-06 2.1e-06 2.9e-06 2.05e-06 1.65e-06 1.85e-06 2.55e-06 1.7e-06 2.1e-06 2.05e-06 1.65e-06 1.95e-06 1.5e-06 1.95e-06 2.1e-06 1.65e-06 1.85e-06 2.45e-06 2.6e-06 2e-06 1.45e-06 2.2e-06 2.9e-06 1.95e-06 1.9e-06 2.5e-06 1.6e-06 2.55e-06 2.7e-06 2e-06
17 1.65e-06 2.25e-06 1.75e-06 2.4e-06 2.05e-06 1.85e-06 2.05e-06 1.65e-06 2.05e-06 1.8e-06 1.75e-06 2.3e-06 1.6e-06 1.5e-06 1.25e-06 2.4e-06 1.85e-06 1.5e-06 1.3e-06 1.6e-06 1.3e-06 2.45e-06 1.9e-06 1.3e-06 1.6e-06 1.6e-06 2.35e-06 2.25e-06 1.65e-06 9.5e-07 1.55e-06 1.7e-06 1.7e-06 2e-06 2.1e-06 9e-07 1.6e-06 1.3e-06 8e-07 2.05e-06 1.65e-06 2.4e-06 1.3e-06 2.35e-06 9.5e-07 2.3e-06 1.15e-06 2.05e-06 2.25e-06 1.55e-06 1.65e-06 1.9e-06 2.15e-06 2.2e-06 1.55e-06
18 1.9e-06 2.25e-06 1.8e-06 1.95e-06 1.8e-06 1.55e-06 1.8e-06 1.7e-06 1.4e-06 1.5e-06 1.85e-06 2.3e-06 1.4e-06 1.15e-06 7.5e-07 1.9e-06 1.8e-06 1.3e-06 1.5e-06 1.8e-06 9e-07 2.1e-06 1.2e-06 1.15e-06 1.8e-06 1.25e-06 1.95e-06 2.75e-06 1.85e-06 1.65e-06 1.3e-06 1.95e-06 1.5e-06 1.95e-06 1.8e-06 1.15e-06 1.75e-06 1.25e-06 9e-07 2.05e-06 1.3e-06 1.9e-06 1.4e-06 2.4e-06 9e-07 1.75e-06 1.15e-06 2.3e-06 1.9e-06 1.35e-06 1.9e-06 1.2e-06 2.1e-06 2.4e-06 1.9e-06
19 2.5e-06 1.95e-06 1.65e-06 1.35e-06 2.3e-06 2.05e-06 2.3e-06 1.85e-06 1.4e-06 2e-06 1.4e-06 2e-06 1.9e-06 1.7e-06 1.75e-06 1.35e-06 1.85e-06 1.6e-06 1.8e-06 2.4e-06 1.8e-06 2.3e-06 1.55e-06 1.6e-06 1.3e-06 2.15e-06 1.7e-06 2.9e-06 2.15e-06 1.5e-06 1.55e-06 2.55e-06 2e-06 2.05e-06 2e-06 1.75e-06 2.1e-06 1.7e-06 1.95e-06 2.05e-06 1.35e-06 1.95e-06 2.45e-06 2.55e-06 2e-06 1.65e-06 2.2e-06 2.9e-06 2.1e-06 1.55e-06 2.5e-06 1.55e-06 2.55e-06 2.7e-06 2e-06
20 1.9e-06 2.25e-06 1.8e-06 1.95e-06 1.8e-06 1.45e-06 1.8e-06 1.7e-06 1.4e-06 1.5e-06 1.85e-06 2.3e-06 1.4e-06 1.2e-06 8.5e-07 1.9e-06 1.8e-06 1.3e-06 9e-07 1.8e-06 1.5e-06 2.1e-06 1.2e-06 1.15e-06 1.8e-06 1.25e-06 1.95e-06 2.75e-06 1.85e-06 1.65e-06 1.3e-06 1.85e-06 1.5e-06 1.95e-06 1.8e-06 1.15e-06 1.8e-06 1.25e-06 9e-07 2.05e-06 1.3e-06 1.9e-06 1.4e-06 2.4e-06 8.5e-07 1.75e-06 1.15e-06 2.3e-06 1.9e-06 1.35e-06 1.8e-06 1.2e-06 2.1e-06 2.4e-06 1.9e-06
21 3.1e-06 2.8e-06 1.9e-06 1.9e-06 2.25e-06 1.75e-06 2.35e-06 2.2e-06 1.95e-06 1.75e-06 2.1e-06 2.85e-06 1.85e-06 1.75e-06 2.05e-06 1.85e-06 1.95e-06 2.45e-06 2.1e-06 2.3e-06 2.1e-06 2.4e-06 1.7e-06 2.3e-06 2.3e-06 2.45e-06 1.85e-06 3.9e-06 2.3e-06 2.75e-06 1.9e-06 3.15e-06 1.7e-06 2.75e-06 1.5e-06 2.35e-06 2.2e-06 2.4e-06 2.15e-06 2.6e-06 1.85e-06 1.6e-06 2.65e-06 2.9e-06 2.2e-06 1.3e-06 2.4e-06 3.5e-06 1.45e-06 1.95e-06 3.1e-06 1.75e-06 1.7e-06 2.85e-06 1.9e-06
22 2.5e-06 2.05e-06 1.35e-06 1.1e-06 1.75e-06 1.5e-06 1.7e-06 1.65e-06 8.5e-07 1.45e-06 1.45e-06 2.1e-06 1.35e-06 1.1e-06 1.15e-06 1.05e-06 1.55e-06 1.9e-06 1.2e-06 1.55e-06 1.2e-06 1.7e-06 1e-06 1.25e-06 1.55e-06 1.55e-06 1.3e-06 3.1e-06 2.15e-06 2.05e-06 1.3e-06 2.55e-06 1.45e-06 1.9e-06 1.4e-06 1.8e-06 2.1e-06 1.45e-06 1.75e-06 1.8e-06 1e-06 1.1e-06 2.25e-06 2.35e-06 1.8e-06 8.5e-07 1.95e-06 2.85e-06 1.55e-06 1.35e-06 2.5e-06 6e-07 2.25e-06 2.65e-06 2e-06
23 1.9e-06 2.05e-06 1.6e-06 2e-06 2.05e-06 1.8e-06 2.05e-06 1.45e-06 1.45e-06 1.75e-06 1.65e-06 2.05e-06 1.65e-06 1.45e-06 1.1e-06 1.95e-06 1.5e-06 1.3e-06 1.15e-06 1.6e-06 1.15e-06 2.3e-06 1.25e-06 1.6e-06 1.6e-06 1.5e-06 2.1e-06 2.3e-06 1.7e-06 1.1e-06 1.55e-06 1.95e-06 1.75e-06 1.65e-06 2e-06 1e-06 1.65e-06 8e-07 1.35e-06 1.8e-06 1.35e-06 2.05e-06 1.85e-06 2.3e-06 1.4e-06 1.8e-06 1.6e-06 2.3e-06 2.1e-06 1.6e-06 1.9e-06 1.25e-06 2.45e-06 2.35e-06 1.85e-06
24 2.5e-06 2.05e-06 1.65e-06 1.3e-06 2.3e-06 2.05e-06 2.3e-06 1.85e-06 1.5e-06 2e-06 1.45e-06 2.1e-06 1.9e-06 1.7e-06 1.75e-06 1.25e-06 1.85e-06 1.6e-06 1.8e-06 1.3e-06 1.8e-06 2.3e-06 1.55e-06 1.6e-06 2.4e-06 2.15e-06 1.7e-06 2.9e-06 2.15e-06 1.5e-06 1.5e-06 2.55e-06 2e-06 2.1e-06 2e-06 1.75e-06 2.1e-06 1.7e-06 1.95e-06 2.05e-06 1.3e-06 1.95e-06 2.45e-06 2.55e-06 2e-06 1.65e-06 2.2e-06 2.9e-06 2.1e-06 1.55e-06 2.5e-06 1.55e-06 2.55e-06 2.7e-06 2e-06
25 2.25e-06 2.6e-06 2.1e-06 2.3e-06 1.65e-06 1.9e-06 1.65e-06 2.05e-06 1.75e-06 1.85e-06 2.15e-06 2.65e-06 1.7e-06 1.55e-06 1.2e-06 2.25e-06 2.15e-06 1.6e-06 1.25e-06 2.15e-06 1.25e-06 2.45e-06 1.55e-06 1.5e-06 2.15e-06 2.2e-06 2.3e-06 3.1e-06 2.2e-06 2e-06 1.65e-06 2.3e-06 1.8e-06 1.8e-06 2.1e-06 1.5e-06 2.15e-06 1.6e-06 1.2e-06 2.4e-06 1.65e-06 2.25e-06 1.2e-06 2.75e-06 1.3e-06 2.1e-06 1.5e-06 2.65e-06 2.25e-06 1.7e-06 2.25e-06 1.55e-06 2.4e-06 2.75e-06 2.15e-06
26 3.15e-06 2.35e-06 1.8e-06 9e-07 2.2e-06 1.95e-06 2.2e-06 1.8e-06 1.3e-06 1.9e-06 1.65e-06 2.4e-06 1.8e-06 1.6e-06 1.9e-06 9.5e-07 2.1e-06 2.35e-06 1.95e-06 1.7e-06 1.95e-06 1.85e-06 1.3e-06 2.1e-06 1.7e-06 2.3e-06 1.6e-06 3.9e-06 2.45e-06 2.6e-06 1.5e-06 3.2e-06 1.9e-06 2.45e-06 1.55e-06 2.4e-06 2.4e-06 2.3e-06 2.25e-06 2.3e-06 1.4e-06 1.15e-06 2.75e-06 2.4e-06 2.3e-06 1.15e-06 2.5e-06 3.55e-06 1.65e-06 1.45e-06 3.15e-06 1.3e-06 2.15e-06 3e-06 2.2e-06
27 1.35e-06 2.05e-06 2.8e-06 3.9e-06 3.6e-06 3.35e-06 3.5e-06 2.7e-06 3.4e-06 3.3e-06 2.85e-06 2.3e-06 3.2e-06 2.9e-06 2.7e-06 3.85e-06 2.9e-06 2.25e-06 2.75e-06 2.9e-06 2.75e-06 3.9e-06 3.1e-06 2.3e-06 2.9e-06 3.1e-06 3.9e-06 2e-07 2.8e-06 1.7e-06 3.1e-06 1.5e-06 3.3e-06 3.05e-06 3.5e-06 2.1e-06 2.75e-06 2.3e-06 2.55e-06 1.95e-06 3e-06 3.75e-06 3.05e-06 2e-06 2.6e-06 3.7e-06 2.1e-06 6.5e-07 3.7e-06 3.15e-06 1.45e-06 3.1e-06 3.75e-06 1.95e-06 2.75e-06
28 2.25e-06 2.6e-06 2.05e-06 2.6e-06 2.45e-06 2.2e-06 2.45e-06 1.8e-06 2.35e-06 2.15e-06 2.1e-06 2.6e-06 2.05e-06 1.85e-06 1.8e-06 2.55e-06 2.05e-06 1.65e-06 1.85e-06 2.15e-06 1.85e-06 2.3e-06 2.15e-06 1.7e-06 2.15e-06 2.2e-06 2.45e-06 2.8e-06 2.6e-06 1.6e-06 1.95e-06 2.3e-06 2.15e-06 2.3e-06 2e-06 1.4e-06 1.45e-06 1.6e-06 1.55e-06 2.35e-06 2e-06 2.4e-06 2.05e-06 2.6e-06 1.6e-06 2.4e-06 1.8e-06 2.65e-06 1.95e-06 2e-06 2.25e-06 2.15e-06 1.55e-06 2e-06 1.7e-06
29 1.65e-06 2.05e-06 1.65e-06 2.55e-06 2.45e-06 2.2e-06 2.45e-06 1.55e-06 2.2e-06 2.15e-06 1.65e-06 2.15e-06 2.05e-06 1.85e-06 1.6e-06 2.55e-06 1.65e-06 9.5e-07 1.65e-06 1.5e-06 1.65e-06 2.75e-06 2.05e-06 1.1e-06 1.5e-06 2e-06 2.6e-06 1.7e-06 1.6e-06 8e-07 1.9e-06 1.7e-06 2.15e-06 1.85e-06 2.45e-06 9e-07 1.55e-06 1e-06 1.45e-06 1.9e-06 1.8e-06 2.65e-06 1.95e-06 2.25e-06 1.5e-06 2.45e-06 1.7e-06 2.05e-06 2.55e-06 1.9e-06 1.65e-06 2.05e-06 2.65e-06 2.15e-06 1.65e-06
30 2.25e-06 2.1e-06 1.7e-06 1.25e-06 1.85e-06 1.6e-06 1.85e-06 1.75e-06 1.3e-06 1.55e-06 1.55e-06 2.15e-06 1.45e-06 1.25e-06 1.25e-06 1.15e-06 1.85e-06 1.55e-06 1.3e-06 1.55e-06 1.3e-06 1.9e-06 1.3e-06 1.55e-06 1.5e-06 1.65e-06 1.5e-06 3.1e-06 1.95e-06 1.9e-06 2.2e-06 2.3e-06 1.55e-06 2.05e-06 1.6e-06 1.5e-06 1.9e-06 1.65e-06 1.25e-06 2.1e-06 1.1e-06 1.65e-06 1.75e-06 2.45e-06 1.3e-06 1.5e-06 1.5e-06 2.65e-06 1.7e-06 1.2e-06 2.25e-06 1.3e-06 1.95e-06 2.5e-06 1.85e-06
31 1.6e-06 2.35e-06 2.5e-06 3.3e-06 2.8e-06 2.45e-06 2.75e-06 2.3e-06 2.8e-06 2.5e-06 2.55e-06 2.5e-06 2.4e-06 2.15e-06 1.9e-06 3.25e-06 2.55e-06 1.7e-06 1.95e-06 2.55e-06 1.85e-06 3.15e-06 2.55e-06 1.95e-06 2.55e-06 2.3e-06 3.2e-06 1.5e-06 2.3e-06 1.7e-06 2.3e-06 2.8e-06 2.5e-06 2.7e-06 2.8e-06 1.55e-06 2.25e-06 1.95e-06 1.55e-06 2.2e-06 2.4e-06 3.1e-06 2.05e-06 2.35e-06 1.5e-06 3.1e-06 1.45e-06 1.4e-06 2.95e-06 2.35e-06 1.4e-06 2.55e-06 2.85e-06 2.15e-06 2.3e-06
32 2.45e-06 2.5e-06 1.65e-06 1.9e-06 1.85e-06 1.45e-06 1.95e-06 1.95e-06 1.7e-06 1.45e-06 1.85e-06 2.55e-06 1.4e-06 1.4e-06 1.45e-06 1.85e-06 1.7e-06 1.7e-06 1.5e-06 2e-06 1.5e-06 1.7e-06 1.45e-06 1.75e-06 2e-06 1.8e-06 1.9e-06 3.3e-06 2.15e-06 2.15e-06 1.55e-06 2.5e-06 2.6e-06 2.3e-06 1.75e-06 1.7e-06 2.05e-06 1.85e-06 1.35e-06 2.3e-06 1.55e-06 1.65e-06 1.85e-06 2.65e-06 1.5e-06 1.35e-06 1.7e-06 2.85e-06 1.7e-06 1.6e-06 2.45e-06 1.5e-06 2.1e-06 2.7e-06 1.9e-06
33 2.65e-06 2.5e-06 2.05e-06 2.25e-06 2.15e-06 2.4e-06 2.15e-06 2.1e-06 1.95e-06 2.35e-06 1.95e-06 2.5e-06 2.2e-06 2.05e-06 1.9e-06 2.2e-06 2.1e-06 2e-06 1.95e-06 2.05e-06 1.95e-06 2.75e-06 1.9e-06 1.65e-06 2.1e-06 1.8e-06 2.45e-06 3.05e-06 2.3e-06 1.85e-06 2.05e-06 2.7e-06 2.3e-06 3.1e-06 2.4e-06 1.8e-06 2.25e-06 1.65e-06 2.05e-06 2.4e-06 1.85e-06 2.5e-06 2.05e-06 2.9e-06 2.15e-06 2.25e-06 2.35e-06 3.05e-06 2.55e-06 2.1e-06 2.65e-06 1.9e-06 2.85e-06 2.95e-06 2.25e-06
34 2.75e-06 2.5e-06 1.75e-06 1.6e-06 2.05e-06 1.85e-06 2e-06 1.85e-06 1.65e-06 1.8e-06 1.8e-06 2.55e-06 1.65e-06 1.45e-06 1.75e-06 1.55e-06 2.05e-06 2.1e-06 1.8e-06 2e-06 1.8e-06 1.5e-06 1.4e-06 2e-06 2e-06 2.1e-06 1.55e-06 3.5e-06 2e-06 2.45e-06 1.6e-06 2.8e-06 1.75e-06 2.4e-06 2e-06 2.05e-06 1.95e-06 2.1e-06 1.8e-06 2.25e-06 1.55e-06 1.45e-06 2.25e-06 2.55e-06 1.9e-06 1.4e-06 2.05e-06 3.1e-06 1.45e-06 1.65e-06 2.75e-06 1.35e-06 1.35e-06 2.5e-06 1.55e-06
35 1.5e-06 2.2e-06 1.75e-06 2.5e-06 2e-06 1.75e-06 2e-06 1.4e-06 2e-06 1.7e-06 1.8e-06 2.2e-06 1.6e-06 1.4e-06 1.1e-06 2.45e-06 1.65e-06 9e-07 1.15e-06 1.75e-06 1.15e-06 2.35e-06 1.8e-06 1e-06 1.75e-06 1.5e-06 2.4e-06 2.1e-06 1.4e-06 9e-07 1.5e-06 1.55e-06 1.7e-06 1.8e-06 2.05e-06 1.2e-06 1.35e-06 9e-07 7.5e-07 1.95e-06 1.6e-06 2.35e-06 1.25e-06 2.25e-06 8e-07 2.3e-06 1e-06 1.9e-06 2.15e-06 1.55e-06 1.5e-06 1.8e-06 2.05e-06 2.05e-06 1.55e-06
36 2.2e-06 2.55e-06 1.95e-06 2.55e-06 2.35e-06 2.1e-06 2.4e-06 1.75e-06 2.3e-06 2.05e-06 2.05e-06 2.55e-06 1.95e-06 1.75e-06 1.7e-06 2.5e-06 1.95e-06 1.6e-06 1.75e-06 2.1e-06 1.8e-06 2.2e-06 2.1e-06 1.65e-06 2.1e-06 2.15e-06 2.4e-06 2.75e-06 1.45e-06 1.55e-06 1.9e-06 2.25e-06 2.05e-06 2.25e-06 1.95e-06 1.35e-06 2.5e-06 1.55e-06 1.5e-06 2.3e-06 1.95e-06 2.3e-06 2e-06 2.55e-06 1.5e-06 2.3e-06 1.75e-06 2.6e-06 1.8e-06 1.95e-06 2.2e-06 2.1e-06 1.65e-06 2.1e-06 1.65e-06
37 1.9e-06 2.15e-06 1.7e-06 2.2e-06 2.15e-06 1.9e-06 2.15e-06 1.45e-06 1.65e-06 1.85e-06 1.75e-06 2.1e-06 1.75e-06 1.55e-06 1.2e-06 2.15e-06 1.5e-06 1.3e-06 1.25e-06 1.7e-06 1.25e-06 2.4e-06 1.45e-06 8e-07 1.7e-06 1.6e-06 2.3e-06 2.3e-06 1.6e-06 1e-06 1.65e-06 1.95e-06 1.85e-06 1.65e-06 2.1e-06 9e-07 1.55e-06 1.2e-06 1.35e-06 1.85e-06 1.45e-06 2.25e-06 1.85e-06 2.4e-06 1.4e-06 2e-06 1.6e-06 2.3e-06 2.2e-06 1.7e-06 1.9e-06 1.45e-06 2.45e-06 2.35e-06 1.85e-06
38 1.5e-06 2.4e-06 1.9e-06 2.45e-06 1.7e-06 1.5e-06 1.7e-06 1.65e-06 1.95e-06 1.45e-06 1.95e-06 2.45e-06 1.25e-06 1.15e-06 8.5e-07 2.4e-06 1.95e-06 8e-07 9e-07 1.95e-06 9e-07 2.15e-06 1.75e-06 1.35e-06 1.95e-06 1.2e-06 2.25e-06 2.55e-06 1.55e-06 1.45e-06 1.25e-06 1.55e-06 1.35e-06 2.05e-06 1.8e-06 7.5e-07 1.5e-06 1.35e-06 3e-07 2.2e-06 1.55e-06 2.2e-06 7e-07 2.35e-06 3.5e-07 2.25e-06 5.5e-07 1.9e-06 1.95e-06 1.3e-06 1.5e-06 1.75e-06 1.65e-06 2.1e-06 1.5e-06
39 2.15e-06 2.05e-06 2e-06 2.2e-06 2.6e-06 2.35e-06 2.55e-06 2.05e-06 2.05e-06 2.3e-06 2.05e-06 2e-06 2.2e-06 1.95e-06 2e-06 2.2e-06 2.1e-06 2.05e-06 2.05e-06 2.05e-06 2.05e-06 2.6e-06 1.8e-06 1.8e-06 2.05e-06 2.4e-06 2.3e-06 1.95e-06 2.35e-06 1.9e-06 2.1e-06 2.2e-06 2.3e-06 2.4e-06 2.25e-06 1.95e-06 2.3e-06 1.85e-06 2.2e-06 3.3e-06 1.9e-06 2.25e-06 2.7e-06 2.25e-06 2.25e-06 2e-06 2.1e-06 1.95e-06 2.4e-06 2.1e-06 2.15e-06 1.8e-06 2.8e-06 2.35e-06 2.3e-06
40 2.35e-06 1.9e-06 1.5e-06 9.5e-07 1.85e-06 1.6e-06 1.85e-06 1.75e-06 1e-06 1.55e-06 1.35e-06 1.95e-06 1.45e-06 1.25e-06 1.25e-06 8.5e-07 1.65e-06 1.65e-06 1.3e-06 1.35e-06 1.3e-06 1.85e-06 1e-06 1.35e-06 1.3e-06 1.65e-06 1.4e-06 3e-06 2e-06 1.8e-06 1.1e-06 2.4e-06 1.55e-06 1.85e-06 1.55e-06 1.6e-06 1.95e-06 1.45e-06 1.55e-06 1.9e-06 1.6e-06 1.55e-06 2.05e-06 2.45e-06 1.6e-06 1.2e-06 1.8e-06 2.75e-06 1.65e-06 1.2e-06 2.35e-06 1e-06 2.15e-06 2.55e-06 1.9e-06
41 3.05e-06 2.5e-06 1.4e-06 1.35e-06 1.9e-06 1.7e-06 2e-06 1.7e-06 1.45e-06 1.65e-06 1.7e-06 2.55e-06 1.5e-06 1.4e-06 1.85e-06 1.3e-06 1.85e-06 2.4e-06 1.9e-06 1.95e-06 1.9e-06 1.6e-06 1.1e-06 2.05e-06 1.95e-06 2.25e-06 1.15e-06 3.75e-06 2.4e-06 2.65e-06 1.65e-06 3.1e-06 1.65e-06 2.5e-06 1.45e-06 2.35e-06 2.3e-06 2.25e-06 2.2e-06 2.25e-06 1.55e-06 1.3e-06 2.7e-06 2.4e-06 2.25e-06 9.5e-07 2.4e-06 3.4e-06 1.55e-06 1.7e-06 3.05e-06 1.2e-06 2.1e-06 2.9e-06 2.05e-06
42 2e-06 2.9e-06 2.35e-06 2.95e-06 1.7e-06 2e-06 1.7e-06 2.15e-06 2.45e-06 1.95e-06 2.4e-06 2.95e-06 1.75e-06 1.65e-06 1.35e-06 2.9e-06 2.45e-06 1.3e-06 1.4e-06 2.45e-06 1.4e-06 2.65e-06 2.25e-06 1.85e-06 2.45e-06 1.2e-06 2.75e-06 3.05e-06 2.05e-06 1.95e-06 1.75e-06 2.05e-06 1.85e-06 2.05e-06 2.25e-06 1.25e-06 2e-06 1.85e-06 7e-07 2.7e-06 2.05e-06 2.7e-06 1.1e-06 2.85e-06 8.5e-07 2.75e-06 1.05e-06 2.4e-06 2.45e-06 1.8e-06 2e-06 2.25e-06 2.1e-06 2.6e-06 1.9e-06
43 2.2e-06 2.4e-06 2.4e-06 2.8e-06 2.95e-06 2.7e-06 2.9e-06 2.15e-06 2.6e-06 2.65e-06 2.45e-06 2.55e-06 2.55e-06 2.3e-06 2.35e-06 2.75e-06 2.6e-06 2.35e-06 2.4e-06 2.55e-06 2.4e-06 2.9e-06 2.35e-06 2.3e-06 2.55e-06 2.75e-06 2.4e-06 2e-06 2.6e-06 2.25e-06 2.45e-06 2.35e-06 2.65e-06 2.9e-06 2.55e-06 2.25e-06 2.55e-06 2.4e-06 2.35e-06 2.25e-06 2.45e-06 2.4e-06 2.85e-06 4e-06 2.4e-06 2.6e-06 2.25e-06 2.1e-06 2.7e-06 2.5e-06 2.3e-06 2.35e-06 2.85e-06 2.45e-06 2.45e-06
44 1.55e-06 2.45e-06 2e-06 2.5e-06 1.8e-06 1.45e-06 1.8e-06 1.7e-06 2e-06 1.5e-06 2.05e-06 2.5e-06 1.4e-06 1.15e-06 8.5e-07 2.45e-06 2e-06 9.5e-07 9e-07 2e-06 8.5e-07 2.2e-06 1.8e-06 1.4e-06 2e-06 1.3e-06 2.3e-06 2.6e-06 1.6e-06 1.5e-06 1.3e-06 1.5e-06 1.5e-06 2.15e-06 1.9e-06 8e-07 1.5e-06 1.4e-06 3.5e-07 2.25e-06 1.6e-06 2.25e-06 8.5e-07 2.4e-06 4e-07 2.3e-06 6e-07 1.95e-06 2e-06 1.35e-06 1.45e-06 1.8e-06 1.75e-06 2.15e-06 1.65e-06
45 3.05e-06 2.25e-06 1.3e-06 9.5e-07 1.85e-06 1.4e-06 1.95e-06 1.9e-06 1.1e-06 1.4e-06 1.5e-06 2.3e-06 1.45e-06 1.35e-06 1.7e-06 9.5e-07 1.45e-06 2.3e-06 1.75e-06 1.65e-06 1.75e-06 1.3e-06 8.5e-07 1.8e-06 1.65e-06 2.1e-06 1.15e-06 3.7e-06 2.4e-06 2.45e-06 1.5e-06 3.1e-06 1.35e-06 2.25e-06 1.4e-06 2.3e-06 2.3e-06 2e-06 2.25e-06 2e-06 1.2e-06 9.5e-07 2.75e-06 2.6e-06 2.3e-06 8e-07 2.5e-06 3.45e-06 1.3e-06 1.5e-06 3.05e-06 9e-07 2.25e-06 2.95e-06 2.1e-06
46 1.4e-06 2.35e-06 2.2e-06 2.7e-06 1.95e-06 1.75e-06 1.9e-06 1.85e-06 2.2e-06 1.7e-06 2.25e-06 2.4e-06 1.6e-06 1.35e-06 1.1e-06 2.65e-06 2.2e-06 1.15e-06 1.15e-06 2.2e-06 1.15e-06 2.4e-06 1.95e-06 1.6e-06 2.2e-06 1.5e-06 2.5e-06 2.1e-06 1.8e-06 1.7e-06 1.5e-06 1.45e-06 1.7e-06 2.35e-06 2.05e-06 1e-06 1.75e-06 1.6e-06 5.5e-07 2.1e-06 1.8e-06 2.4e-06 1.05e-06 2.25e-06 6e-07 2.5e-06 8e-07 1.45e-06 2.2e-06 1.55e-06 1.4e-06 1.95e-06 1.95e-06 2e-06 1.85e-06
47 1.35e-06 2.15e-06 2.85e-06 3.65e-06 3.15e-06 2.9e-06 3.05e-06 2.6e-06 3.15e-06 2.85e-06 2.9e-06 2.3e-06 2.75e-06 2.45e-06 2.25e-06 3.6e-06 2.9e-06 2.05e-06 2.3e-06 2.9e-06 2.3e-06 3.5e-06 2.85e-06 2.3e-06 2.9e-06 2.65e-06 3.55e-06 6.5e-07 2.65e-06 2.05e-06 2.65e-06 1.4e-06 2.85e-06 3.05e-06 3.1e-06 1.9e-06 2.6e-06 2.3e-06 1.9e-06 1.95e-06 2.75e-06 3.4e-06 2.4e-06 2.1e-06 1.95e-06 3.45e-06 1.45e-06 1.1e-06 3.3e-06 2.7e-06 1.35e-06 2.85e-06 3.2e-06 1.9e-06 2.65e-06
48 2.9e-06 2.6e-06 1.85e-06 1.7e-06 2.15e-06 1.75e-06 2.2e-06 2e-06 1.75e-06 1.7e-06 1.95e-06 2.65e-06 1.75e-06 1.6e-06 1.85e-06 1.65e-06 1.95e-06 2.25e-06 1.9e-06 2.1e-06 1.9e-06 1.45e-06 1.55e-06 2.1e-06 2.1e-06 2.25e-06 1.65e-06 3.7e-06 1.95e-06 2.55e-06 1.7e-06 2.95e-06 1.7e-06 2.55e-06 1.45e-06 2.15e-06 1.8e-06 2.2e-06 1.95e-06 2.4e-06 1.65e-06 1.55e-06 2.45e-06 2.7e-06 2e-06 1.3e-06 2.2e-06 3.3e-06 2.2e-06 1.75e-06 2.9e-06 1.55e-06 1.5e-06 2.5e-06 1.9e-06
49 2.3e-06 2.15e-06 1.75e-06 1.25e-06 1.9e-06 1.65e-06 1.9e-06 1.8e-06 1.35e-06 1.6e-06 1.6e-06 2.2e-06 1.5e-06 1.3e-06 1.3e-06 1.3e-06 1.9e-06 1.55e-06 1.35e-06 1.55e-06 1.35e-06 1.95e-06 1.35e-06 1.6e-06 1.55e-06 1.7e-06 1.45e-06 3.15e-06 2e-06 1.9e-06 1.2e-06 2.35e-06 1.6e-06 2.1e-06 1.65e-06 1.55e-06 1.95e-06 1.7e-06 1.3e-06 2.1e-06 1.2e-06 1.7e-06 1.8e-06 2.5e-06 1.35e-06 1.5e-06 1.55e-06 2.7e-06 1.75e-06 2.3e-06 2.3e-06 1.35e-06 2e-06 2.55e-06 1.9e-06
50 1.55e-06 2.3e-06 2.45e-06 3.25e-06 2.75e-06 2.4e-06 2.7e-06 2.25e-06 2.75e-06 2.45e-06 2.5e-06 2.45e-06 2.35e-06 2.1e-06 1.85e-06 3.2e-06 2.5e-06 1.65e-06 1.9e-06 2.5e-06 1.8e-06 3.1e-06 2.5e-06 1.9e-06 2.5e-06 2.25e-06 3.15e-06 1.45e-06 2.25e-06 1.65e-06 2.25e-06 1.4e-06 2.45e-06 2.65e-06 2.75e-06 1.5e-06 2.2e-06 1.9e-06 1.5e-06 2.15e-06 2.35e-06 3.05e-06 2e-06 2.3e-06 1.45e-06 3.05e-06 1.4e-06 1.35e-06 2.9e-06 2.3e-06 2.7e-06 2.5e-06 2.8e-06 2.1e-06 2.25e-06
51 2.5e-06 2.05e-06 1.45e-06 1.1e-06 1.8e-06 1.55e-06 1.75e-06 1.65e-06 8.5e-07 1.5e-06 1.5e-06 2.1e-06 1.4e-06 1.15e-06 1.15e-06 1.05e-06 1.6e-06 1.9e-06 1.2e-06 1.55e-06 1.2e-06 1.75e-06 6e-07 1.25e-06 1.55e-06 1.55e-06 1.3e-06 3.1e-06 2.15e-06 2.05e-06 1.3e-06 2.55e-06 1.5e-06 1.9e-06 1.35e-06 1.8e-06 2.1e-06 1.45e-06 1.75e-06 1.8e-06 1e-06 1.2e-06 2.25e-06 2.35e-06 1.8e-06 9e-07 1.95e-06 2.85e-06 1.55e-06 1.35e-06 2.5e-06 1e-06 2.25e-06 2.65e-06 2.05e-06
52 2.8e-06 3e-06 2.3e-06 2.45e-06 2.4e-06 2.2e-06 2.4e-06 2.15e-06 2.45e-06 2.15e-06 2.35e-06 3.05e-06 2e-06 1.85e-06 2.05e-06 2.4e-06 2.55e-06 2.15e-06 2.1e-06 2.55e-06 2.1e-06 1.7e-06 2.25e-06 2.45e-06 2.55e-06 2.4e-06 2.15e-06 3.75e-06 1.55e-06 2.65e-06 1.95e-06 2.85e-06 2.1e-06 2.85e-06 1.35e-06 2.05e-06 1.65e-06 2.45e-06 1.65e-06 2.8e-06 2.15e-06 2.1e-06 2.1e-06 2.85e-06 1.75e-06 2.25e-06 1.95e-06 3.2e-06 1.5e-06 2e-06 2.8e-06 2.25e-06 1.1e-06 2.1e-06 1.45e-06
53 2.1e-06 2.5e-06 2.55e-06 3.15e-06 3e-06 2.75e-06 2.95e-06 2.4e-06 2.9e-06 2.7e-06 2.6e-06 2.65e-06 2.6e-06 2.35e-06 2.35e-06 3.1e-06 2.7e-06 2.2e-06 2.4e-06 2.7e-06 2.4e-06 2.85e-06 2.65e-06 2.35e-06 2.7e-06 2.75e-06 3e-06 1.95e-06 2e-06 2.15e-06 2.5e-06 2.15e-06 2.7e-06 2.95e-06 2.5e-06 2.05e-06 2.1e-06 2.35e-06 2.1e-06 2.35e-06 2.55e-06 2.9e-06 2.6e-06 2.45e-06 2.15e-06 2.95e-06 2e-06 1.9e-06 2.5e-06 2.55e-06 2.1e-06 2.65e-06 2.1e-06 3.7e-06 2.2e-06
54 2.25e-06 2.45e-06 1.55e-06 2.35e-06 2.2e-06 2.05e-06 2.2e-06 1.8e-06 2.25e-06 2e-06 1.65e-06 2.55e-06 1.8e-06 1.7e-06 1.85e-06 2.3e-06 2e-06 1.55e-06 1.9e-06 2e-06 1.9e-06 1.9e-06 2e-06 1.85e-06 2e-06 2.15e-06 2.2e-06 2.75e-06 1.7e-06 1.65e-06 1.85e-06 2.3e-06 1.9e-06 2.25e-06 1.55e-06 1.55e-06 1.65e-06 1.85e-06 1.5e-06 2.3e-06 1.9e-06 2.05e-06 1.9e-06 2.45e-06 1.65e-06 2.1e-06 1.85e-06 2.65e-06 1.9e-06 1.9e-06 2.25e-06 2.05e-06 1.45e-06 2.2e-06 2.1e-06
