 slim_762257830 slim_762257849 slim_762257852 slim_762257860 slim_762257873 slim_762257857 slim_762257858 slim_762257826 slim_762257875 slim_762257836 slim_762257828 slim_762257866 slim_762257841 slim_762257839 slim_762257827 slim_762257823 slim_762257870 slim_762257848 slim_762257861 slim_762257872 slim_762257856 slim_762257824 slim_762257876 slim_762257859 slim_762257853 slim_762257832 slim_762257863 slim_762257862 slim_762257825 slim_762257838 slim_762257850 slim_762257864 slim_762257842 slim_762257835 slim_762257844 slim_762257851 slim_762257871 slim_762257845 slim_762257874 slim_762257829 slim_762257869 slim_762257843 slim_762257847 slim_762257834 slim_762257833 slim_762257831 slim_762257846 slim_762257854 slim_762257877 slim_762257878 slim_762257840 slim_762257865 slim_762257867 slim_762257879 slim_762257855 slim_762257868 slim_762257837
0 3.4e-06 1.9e-06 3e-06 2.55e-06 2.35e-06 2.8e-06 2.15e-06 2.7e-06 2.5e-06 2.4e-06 2.85e-06 2e-06 2.8e-06 2.2e-06 2.4e-06 2.15e-06 2.25e-06 3.75e-06 2.05e-06 2.45e-06 2.95e-06 1.9e-06 2.75e-06 2.45e-06 2.75e-06 2.05e-06 2.1e-06 2.15e-06 2.4e-06 2.3e-06 2.1e-06 3.15e-06 2.15e-06 2.15e-06 3e-06 3.6e-06 3.3e-06 2.6e-06 3.1e-06 2.55e-06 1.95e-06 2.75e-06 3.1e-06 2.8e-06 2e-06 2.15e-06 3e-06 3.3e-06 2.8e-06 2.4e-06 2.95e-06 2.55e-06 2.8e-06 2.25e-06 2.85e-06 2.25e-06 2.95e-06
1 1.9e-06 3e-06 3.15e-06 2.9e-06 2.2e-06 3.05e-06 2.45e-06 2.85e-06 2.85e-06 2.3e-06 3.1e-06 2.1e-06 2.9e-06 2.25e-06 2.75e-06 2.25e-06 2.45e-06 4.1e-06 2.1e-06 2.35e-06 3.3e-06 1.7e-06 3.05e-06 2.5e-06 2.8e-06 2.15e-06 1.75e-06 2.3e-06 2.45e-06 2.35e-06 2.4e-06 3.5e-06 1.8e-06 2.2e-06 3.4e-06 4e-06 3.6e-06 2.7e-06 3.45e-06 2.65e-06 1.65e-06 2.7e-06 3.45e-06 3.1e-06 2.05e-06 1.55e-06 3.4e-06 3.4e-06 3.05e-06 2.75e-06 3.05e-06 2.95e-06 2.95e-06 2.45e-06 3.2e-06 2.4e-06 3.05e-06
2 3e-06 3.15e-06 4e-06 2.55e-06 3.1e-06 2.9e-06 2.9e-06 2.5e-06 3.05e-06 2.55e-06 2.95e-06 3.05e-06 3.15e-06 3.8e-06 2.75e-06 2.35e-06 3.75e-06 2.5e-06 3.2e-06 2.75e-06 2.45e-06 2.85e-06 2.5e-06 2.4e-06 2.85e-06 3.5e-06 2.4e-06 2.1e-06 2.35e-06 3.2e-06 3.6e-06 2.3e-06 2.65e-06 3.7e-06 2.25e-06 2.7e-06 2.5e-06 3.3e-06 2.25e-06 3.05e-06 2.45e-06 2.75e-06 2.4e-06 3e-06 2.9e-06 2.65e-06 2.25e-06 2.25e-06 2.85e-06 2.95e-06 3.25e-06 2.35e-06 2.5e-06 2.1e-06 3.15e-06 2.2e-06 2.35e-06
3 2.55e-06 2.9e-06 2.55e-06 2.7e-06 3.05e-06 3.05e-06 2.55e-06 2.35e-06 2.75e-06 2.25e-06 3.05e-06 2.55e-06 3.25e-06 3.5e-06 2.2e-06 1.9e-06 3.05e-06 2.8e-06 2.9e-06 2.7e-06 2.25e-06 2.65e-06 2.55e-06 1.7e-06 3.2e-06 3.2e-06 2.15e-06 1.85e-06 1.65e-06 3e-06 3.2e-06 2.55e-06 2.5e-06 3.4e-06 2.35e-06 2.75e-06 2.9e-06 3.15e-06 2.5e-06 2.95e-06 2.2e-06 2.6e-06 2.5e-06 2.9e-06 2.55e-06 2.4e-06 2.35e-06 2.8e-06 2.85e-06 2.65e-06 3.2e-06 2.1e-06 2.45e-06 1.95e-06 2.9e-06 1.95e-06 2.35e-06
4 2.35e-06 2.2e-06 3.1e-06 3.05e-06 2.8e-06 2.45e-06 2.65e-06 2.85e-06 3.1e-06 3.25e-06 2.55e-06 2.45e-06 2.55e-06 2.1e-06 2.6e-06 2.8e-06 2.35e-06 3.35e-06 2.35e-06 2.75e-06 3.3e-06 2.05e-06 3.1e-06 2.7e-06 2.25e-06 1.95e-06 2.9e-06 3.05e-06 2.65e-06 2.75e-06 2.25e-06 3.3e-06 2.9e-06 2.05e-06 3.2e-06 3.05e-06 2.85e-06 2.15e-06 3.25e-06 1.9e-06 2.8e-06 2.9e-06 3.5e-06 2.55e-06 2.4e-06 2.95e-06 3.2e-06 2.2e-06 2.55e-06 3e-06 2.45e-06 3.55e-06 2.55e-06 3.2e-06 2.85e-06 3.15e-06 3e-06
5 2.8e-06 3.05e-06 2.9e-06 3.05e-06 2.45e-06 3.6e-06 2.3e-06 2.85e-06 2.65e-06 3.4e-06 1.95e-06 2.9e-06 2.5e-06 2.4e-06 2.55e-06 3.2e-06 2.3e-06 2.45e-06 2.5e-06 2.8e-06 2.8e-06 2.85e-06 2.4e-06 3.1e-06 2.2e-06 2.25e-06 3.65e-06 3.1e-06 3.05e-06 2.9e-06 2e-06 2.4e-06 3.6e-06 2.3e-06 2.45e-06 2.25e-06 2e-06 2.25e-06 2.35e-06 2.35e-06 3.6e-06 2.95e-06 2.75e-06 2.15e-06 2.7e-06 3.75e-06 2.45e-06 2.3e-06 2.1e-06 2.55e-06 2.45e-06 2.95e-06 2.85e-06 3.2e-06 2.45e-06 3.2e-06 2.95e-06
6 2.15e-06 2.45e-06 2.9e-06 2.55e-06 2.65e-06 2.3e-06 3e-06 2.75e-06 1.85e-06 2.3e-06 2.35e-06 2.25e-06 2.6e-06 2.15e-06 2.25e-06 2.4e-06 2e-06 3.1e-06 1.8e-06 2.55e-06 2.5e-06 2.25e-06 2e-06 2.65e-06 2.65e-06 2e-06 2.65e-06 2e-06 2.6e-06 2.35e-06 1.7e-06 2.4e-06 2.7e-06 2.05e-06 2.2e-06 3.05e-06 2.65e-06 2.55e-06 2.35e-06 2.5e-06 2.6e-06 2.85e-06 2.35e-06 2.55e-06 2.05e-06 2.75e-06 2.2e-06 3.15e-06 2.35e-06 1.75e-06 2.75e-06 1.65e-06 2.5e-06 2e-06 2.55e-06 2.05e-06 2.85e-06
7 2.7e-06 2.85e-06 2.5e-06 2.35e-06 2.85e-06 2.85e-06 2.75e-06 3.7e-06 2.9e-06 2.55e-06 2.8e-06 2.65e-06 2.95e-06 3.35e-06 2.65e-06 2.2e-06 3.35e-06 2.6e-06 3e-06 2.4e-06 2.3e-06 2.6e-06 2.85e-06 2.35e-06 3e-06 3.05e-06 2.2e-06 2.05e-06 2.3e-06 3e-06 3.15e-06 2.55e-06 2.6e-06 3.25e-06 2.45e-06 2.25e-06 2.9e-06 2.55e-06 2.5e-06 2.8e-06 2.3e-06 2.15e-06 2.5e-06 2.75e-06 2.55e-06 2.5e-06 2.45e-06 2.6e-06 3.15e-06 2.8e-06 3.1e-06 2.5e-06 2.55e-06 2.2e-06 2.7e-06 2.15e-06 2.35e-06
8 2.5e-06 2.85e-06 3.05e-06 2.75e-06 3.1e-06 2.65e-06 1.85e-06 2.9e-06 3.2e-06 2.4e-06 2.4e-06 2.6e-06 2.95e-06 2.25e-06 2.35e-06 2.65e-06 2.15e-06 3.2e-06 2.1e-06 2.8e-06 2.65e-06 2.7e-06 2.1e-06 2.9e-06 2.95e-06 2.3e-06 2.9e-06 2.15e-06 2.85e-06 2.25e-06 1.9e-06 2.5e-06 2.95e-06 2.15e-06 2.3e-06 3.15e-06 2.75e-06 2.9e-06 2.45e-06 2.6e-06 2.9e-06 3.05e-06 2.45e-06 2.45e-06 2.45e-06 3.05e-06 2.3e-06 3.35e-06 2.4e-06 1.6e-06 3.1e-06 1.65e-06 2.6e-06 2.15e-06 2.6e-06 2.2e-06 3.05e-06
9 2.4e-06 2.3e-06 2.55e-06 2.25e-06 3.25e-06 3.4e-06 2.3e-06 2.55e-06 2.4e-06 2.2e-06 3.35e-06 2.55e-06 3.25e-06 3.6e-06 2.6e-06 1.8e-06 3.45e-06 3.25e-06 2.55e-06 2.4e-06 2.25e-06 2.3e-06 2.25e-06 2.05e-06 3.4e-06 3.35e-06 1.3e-06 1.25e-06 2e-06 2.85e-06 3.5e-06 2.4e-06 1.65e-06 3.5e-06 2.3e-06 3.7e-06 3.3e-06 3.6e-06 2.35e-06 3.3e-06 1.15e-06 2.5e-06 2.1e-06 3.45e-06 2.4e-06 1.25e-06 2.3e-06 3.25e-06 3.1e-06 2.4e-06 3.65e-06 1.25e-06 2.2e-06 1.35e-06 3.4e-06 1.3e-06 2.5e-06
10 2.85e-06 3.1e-06 2.95e-06 3.05e-06 2.55e-06 1.95e-06 2.35e-06 2.8e-06 2.4e-06 3.35e-06 3.4e-06 2.95e-06 2.55e-06 2.3e-06 2.55e-06 3.2e-06 2.25e-06 2.35e-06 2.5e-06 2.75e-06 2.75e-06 2.95e-06 2.4e-06 3.1e-06 2.3e-06 2.2e-06 3.65e-06 3.05e-06 3.05e-06 2.75e-06 1.9e-06 2.4e-06 3.65e-06 2.2e-06 2.35e-06 2.15e-06 2e-06 2.3e-06 2.35e-06 2.15e-06 3.6e-06 2.9e-06 2.65e-06 2e-06 2.8e-06 3.75e-06 2.35e-06 2.35e-06 2.15e-06 2.3e-06 2.5e-06 2.85e-06 2.8e-06 3.15e-06 2.25e-06 3.15e-06 2.9e-06
11 2e-06 2.1e-06 3.05e-06 2.55e-06 2.45e-06 2.9e-06 2.25e-06 2.65e-06 2.6e-06 2.55e-06 2.95e-06 3.6e-06 2.9e-06 2.3e-06 2.35e-06 2.1e-06 2.35e-06 3.8e-06 2.15e-06 2.6e-06 3e-06 1.95e-06 2.85e-06 2.5e-06 2.8e-06 2.15e-06 2.15e-06 2.15e-06 2.45e-06 2.35e-06 2.2e-06 3.25e-06 2.25e-06 2.25e-06 3.05e-06 3.6e-06 3.35e-06 2.65e-06 3.2e-06 2.65e-06 2.2e-06 2.85e-06 3.2e-06 2.85e-06 2e-06 2.35e-06 3.05e-06 3.4e-06 2.85e-06 2.5e-06 3e-06 2.65e-06 2.9e-06 2.3e-06 2.9e-06 2.25e-06 2.9e-06
12 2.8e-06 2.9e-06 3.15e-06 3.25e-06 2.55e-06 2.5e-06 2.6e-06 2.95e-06 2.95e-06 3.25e-06 2.55e-06 2.9e-06 4.7e-06 2.65e-06 3e-06 3.25e-06 2.8e-06 2.7e-06 2.6e-06 2.9e-06 2.85e-06 2.75e-06 2.85e-06 3.15e-06 2.65e-06 2.55e-06 3.3e-06 2.95e-06 3.1e-06 3.05e-06 2.55e-06 2.85e-06 3.3e-06 2.65e-06 2.8e-06 2.85e-06 2.75e-06 2.55e-06 2.8e-06 2.7e-06 3.25e-06 3.05e-06 2.7e-06 2.7e-06 2.8e-06 3.4e-06 2.8e-06 2.8e-06 2.75e-06 2.85e-06 2.75e-06 3e-06 2.95e-06 3.05e-06 2.75e-06 3.05e-06 3.1e-06
13 2.2e-06 2.25e-06 3.8e-06 3.5e-06 2.1e-06 2.4e-06 2.15e-06 3.35e-06 2.25e-06 3.6e-06 2.3e-06 2.3e-06 2.65e-06 1.8e-06 2.7e-06 3.25e-06 1.2e-06 4.2e-06 1.75e-06 2.95e-06 3.85e-06 2.15e-06 3.05e-06 3.4e-06 2.45e-06 1.2e-06 3.5e-06 3.35e-06 3.35e-06 1.9e-06 9.5e-07 3.75e-06 3.2e-06 9.5e-07 3.6e-06 3.65e-06 3.2e-06 2.1e-06 3.7e-06 2.1e-06 3.45e-06 3.4e-06 3.95e-06 2.25e-06 2.2e-06 3.55e-06 3.6e-06 3.6e-06 2.5e-06 2.15e-06 2.55e-06 3.55e-06 3.5e-06 3.45e-06 2.6e-06 3.45e-06 3.75e-06
14 2.4e-06 2.75e-06 2.75e-06 2.2e-06 2.6e-06 2.55e-06 2.25e-06 2.65e-06 2.35e-06 2.6e-06 2.55e-06 2.35e-06 3e-06 2.7e-06 2.2e-06 1.9e-06 2.45e-06 3e-06 2.4e-06 2.9e-06 2.6e-06 2.6e-06 2.2e-06 2.4e-06 2.75e-06 2.6e-06 2.7e-06 2.35e-06 2.35e-06 2.6e-06 2.35e-06 2.6e-06 2.75e-06 2.6e-06 2.35e-06 2.75e-06 2.3e-06 2.75e-06 2.55e-06 2.45e-06 2.7e-06 2.8e-06 2.8e-06 2.3e-06 2.45e-06 2.85e-06 2.35e-06 2.65e-06 1.6e-06 2.35e-06 2.85e-06 2.25e-06 2.4e-06 2.35e-06 2.6e-06 2.4e-06 2.7e-06
15 2.15e-06 2.25e-06 2.35e-06 1.9e-06 2.8e-06 3.2e-06 2.4e-06 2.2e-06 2.65e-06 1.8e-06 3.2e-06 2.1e-06 3.25e-06 3.25e-06 1.9e-06 2e-06 3.15e-06 3.4e-06 2.6e-06 2.35e-06 2.45e-06 1.95e-06 2.6e-06 1.75e-06 3.2e-06 2.95e-06 1.35e-06 1.4e-06 1.7e-06 2.6e-06 3.15e-06 2.7e-06 1.7e-06 3.15e-06 2.5e-06 3.35e-06 3.25e-06 3.15e-06 2.65e-06 2.9e-06 1.35e-06 2.4e-06 2.65e-06 3.05e-06 2.1e-06 1.55e-06 2.5e-06 3e-06 3.05e-06 2.55e-06 3.35e-06 1.95e-06 2.35e-06 1.45e-06 3.15e-06 1.5e-06 2.25e-06
16 2.25e-06 2.45e-06 3.75e-06 3.05e-06 2.35e-06 2.3e-06 2e-06 3.35e-06 2.15e-06 3.45e-06 2.25e-06 2.35e-06 2.8e-06 1.2e-06 2.45e-06 3.15e-06 1.7e-06 4.05e-06 1.75e-06 3e-06 3.6e-06 2.3e-06 2.85e-06 3.1e-06 2.55e-06 1.4e-06 3.55e-06 3.25e-06 3.05e-06 1.95e-06 9.5e-07 3.55e-06 3.25e-06 1.1e-06 3.4e-06 3.55e-06 3.05e-06 2.25e-06 3.5e-06 2.2e-06 3.5e-06 3.4e-06 3.75e-06 2.15e-06 2.2e-06 3.6e-06 3.4e-06 3.6e-06 2.3e-06 2.05e-06 2.7e-06 3.3e-06 3.45e-06 3.35e-06 2.5e-06 3.35e-06 3.7e-06
17 3.75e-06 4.1e-06 2.5e-06 2.8e-06 3.35e-06 2.45e-06 3.1e-06 2.6e-06 3.2e-06 3.25e-06 2.35e-06 3.8e-06 2.7e-06 4.2e-06 3e-06 3.4e-06 4.05e-06 1.7e-06 3.65e-06 3.1e-06 1.9e-06 3.9e-06 2.4e-06 3.1e-06 2.8e-06 3.9e-06 3.7e-06 2.85e-06 3.05e-06 4e-06 3.8e-06 1.8e-06 4e-06 4.1e-06 1.65e-06 1.3e-06 1.65e-06 3.05e-06 1.75e-06 3.05e-06 3.7e-06 2.8e-06 1.65e-06 2.65e-06 3.7e-06 3.9e-06 1.65e-06 1.8e-06 2.6e-06 3.1e-06 2.75e-06 2.5e-06 2.5e-06 2.95e-06 2.65e-06 2.95e-06 2.25e-06
18 2.05e-06 2.1e-06 3.2e-06 2.9e-06 2.35e-06 2.5e-06 1.8e-06 3e-06 2.1e-06 2.55e-06 2.5e-06 2.15e-06 2.6e-06 1.75e-06 2.4e-06 2.6e-06 1.75e-06 3.65e-06 2.8e-06 2.75e-06 2.95e-06 1.95e-06 2.3e-06 2.8e-06 2.6e-06 1.85e-06 2.6e-06 2.3e-06 2.75e-06 1.95e-06 1.55e-06 3e-06 2.35e-06 1.65e-06 2.85e-06 3.6e-06 2.9e-06 2.5e-06 2.95e-06 2.4e-06 2.55e-06 3.05e-06 2.95e-06 2.6e-06 2e-06 2.65e-06 2.85e-06 3.4e-06 2.25e-06 2e-06 2.75e-06 2.35e-06 2.85e-06 2.4e-06 2.65e-06 2.4e-06 3.15e-06
19 2.45e-06 2.35e-06 2.75e-06 2.7e-06 2.75e-06 2.8e-06 2.55e-06 2.4e-06 2.8e-06 2.4e-06 2.75e-06 2.6e-06 2.9e-06 2.95e-06 2.9e-06 2.35e-06 3e-06 3.1e-06 2.75e-06 3.9e-06 2.7e-06 2.4e-06 3.05e-06 2.55e-06 2.95e-06 2.65e-06 2.1e-06 2.25e-06 2.5e-06 2.9e-06 2.75e-06 2.8e-06 2.45e-06 2.85e-06 2.75e-06 2.95e-06 3.3e-06 2.7e-06 2.75e-06 2.75e-06 2.05e-06 2.35e-06 2.75e-06 2.8e-06 2.45e-06 2e-06 2.75e-06 2.95e-06 3.45e-06 2.7e-06 3.15e-06 2.6e-06 2.75e-06 2.3e-06 2.85e-06 2.35e-06 2.75e-06
20 2.95e-06 3.3e-06 2.45e-06 2.25e-06 3.3e-06 2.8e-06 2.5e-06 2.3e-06 2.65e-06 2.25e-06 2.75e-06 3e-06 2.85e-06 3.85e-06 2.6e-06 2.45e-06 3.6e-06 1.9e-06 2.95e-06 2.7e-06 2.8e-06 3.1e-06 2.2e-06 2.45e-06 3.1e-06 3.55e-06 2.55e-06 1.85e-06 2.4e-06 3.35e-06 3.5e-06 1.9e-06 2.9e-06 3.75e-06 1.8e-06 2.25e-06 2.45e-06 3.1e-06 1.85e-06 3.1e-06 2.55e-06 2.5e-06 1.6e-06 2.8e-06 2.95e-06 2.75e-06 1.8e-06 2.5e-06 2.8e-06 2.55e-06 3.2e-06 1.65e-06 2.25e-06 1.95e-06 2.45e-06 1.95e-06 2.35e-06
21 1.9e-06 1.7e-06 2.85e-06 2.65e-06 2.05e-06 2.85e-06 2.25e-06 2.6e-06 2.7e-06 2.3e-06 2.95e-06 1.95e-06 2.75e-06 2.15e-06 2.6e-06 1.95e-06 2.3e-06 3.9e-06 1.95e-06 2.4e-06 3.1e-06 2.8e-06 2.9e-06 2.2e-06 2.7e-06 2e-06 1.75e-06 2.05e-06 2.15e-06 2.15e-06 2.25e-06 3.3e-06 1.75e-06 2.05e-06 3.2e-06 3.8e-06 3.45e-06 2.55e-06 3.25e-06 2.5e-06 1.7e-06 2.7e-06 3.25e-06 2.95e-06 1.8e-06 1.85e-06 3.2e-06 3.2e-06 2.95e-06 2.6e-06 2.9e-06 2.75e-06 2.75e-06 2.15e-06 3.05e-06 2.15e-06 2.75e-06
22 2.75e-06 3.05e-06 2.5e-06 2.55e-06 3.1e-06 2.4e-06 2e-06 2.85e-06 2.1e-06 2.25e-06 2.4e-06 2.85e-06 2.85e-06 3.05e-06 2.2e-06 2.6e-06 2.85e-06 2.4e-06 2.3e-06 3.05e-06 2.2e-06 2.9e-06 2.6e-06 2.65e-06 2.65e-06 2.95e-06 2.8e-06 1.95e-06 2.6e-06 2.65e-06 2.65e-06 1.8e-06 2.75e-06 2.95e-06 1.75e-06 2.75e-06 1.75e-06 3.15e-06 1.75e-06 2.8e-06 2.8e-06 3e-06 1.9e-06 2.65e-06 2.7e-06 2.95e-06 1.75e-06 2.55e-06 1.65e-06 2e-06 2.95e-06 1.45e-06 2.3e-06 2e-06 2.8e-06 2e-06 2.6e-06
23 2.45e-06 2.5e-06 2.4e-06 1.7e-06 2.7e-06 3.1e-06 2.65e-06 2.35e-06 2.9e-06 2.05e-06 3.1e-06 2.5e-06 3.15e-06 3.4e-06 2.4e-06 1.75e-06 3.1e-06 3.1e-06 2.8e-06 2.55e-06 2.45e-06 2.2e-06 2.65e-06 2.8e-06 3.05e-06 3.1e-06 1.75e-06 1.75e-06 1.4e-06 2.85e-06 3.35e-06 2.65e-06 2.05e-06 3.3e-06 2.55e-06 3.2e-06 3.05e-06 3.15e-06 2.6e-06 2.85e-06 1.75e-06 2.55e-06 2.6e-06 3e-06 2.4e-06 1.95e-06 2.55e-06 2.65e-06 2.95e-06 2.8e-06 3.3e-06 2.25e-06 2.35e-06 1.85e-06 3.15e-06 1.85e-06 2.35e-06
24 2.75e-06 2.8e-06 2.85e-06 3.2e-06 2.25e-06 2.2e-06 2.65e-06 3e-06 2.95e-06 3.4e-06 2.3e-06 2.8e-06 2.65e-06 2.45e-06 2.75e-06 3.2e-06 2.55e-06 2.8e-06 2.6e-06 2.95e-06 3.1e-06 2.7e-06 2.65e-06 3.05e-06 4e-06 2.3e-06 3.45e-06 3.15e-06 3e-06 2.95e-06 2.35e-06 2.75e-06 3.4e-06 2.4e-06 2.75e-06 2.65e-06 2.25e-06 2.4e-06 2.7e-06 2.4e-06 3.4e-06 3.1e-06 3.1e-06 2.45e-06 2.8e-06 3.55e-06 2.75e-06 2.2e-06 2.3e-06 2.85e-06 2.5e-06 3.25e-06 2.9e-06 3.3e-06 2.8e-06 3.25e-06 3e-06
25 2.05e-06 2.15e-06 3.5e-06 3.2e-06 1.95e-06 2.25e-06 2e-06 3.05e-06 2.3e-06 3.35e-06 2.2e-06 2.15e-06 2.55e-06 1.2e-06 2.6e-06 2.95e-06 1.4e-06 3.9e-06 1.85e-06 2.65e-06 3.55e-06 2e-06 2.95e-06 3.1e-06 2.3e-06 1.8e-06 3.25e-06 3.05e-06 3.05e-06 2.15e-06 1e-06 3.45e-06 3.15e-06 1.15e-06 3.3e-06 3.35e-06 3.1e-06 1.95e-06 3.4e-06 2e-06 3.2e-06 3.15e-06 3.65e-06 2.3e-06 2.05e-06 3.35e-06 3.3e-06 3.3e-06 2.6e-06 2.2e-06 2.45e-06 3.25e-06 3.2e-06 3.15e-06 2.5e-06 3.15e-06 3.45e-06
26 2.1e-06 1.75e-06 2.4e-06 2.15e-06 2.9e-06 3.65e-06 2.65e-06 2.2e-06 2.9e-06 1.3e-06 3.65e-06 2.15e-06 3.3e-06 3.5e-06 2.7e-06 1.35e-06 3.55e-06 3.7e-06 2.6e-06 2.1e-06 2.55e-06 1.75e-06 2.8e-06 1.75e-06 3.45e-06 3.25e-06 9e-07 1.1e-06 1.7e-06 2.55e-06 3.6e-06 2.95e-06 9.5e-07 3.4e-06 2.85e-06 4e-06 3.75e-06 3.5e-06 2.9e-06 3.2e-06 5.5e-07 2.25e-06 2.65e-06 3.55e-06 2e-06 4.5e-07 2.85e-06 3.3e-06 3.5e-06 2.8e-06 3.7e-06 2e-06 2.45e-06 1.3e-06 3.5e-06 1.2e-06 2.3e-06
27 2.15e-06 2.3e-06 2.1e-06 1.85e-06 3.05e-06 3.1e-06 2e-06 2.05e-06 2.15e-06 1.25e-06 3.05e-06 2.15e-06 2.95e-06 3.35e-06 2.35e-06 1.4e-06 3.25e-06 2.85e-06 2.3e-06 2.25e-06 1.85e-06 2.05e-06 1.95e-06 1.75e-06 3.15e-06 3.05e-06 1.1e-06 1.5e-06 1.7e-06 2.5e-06 3.15e-06 2.05e-06 1.55e-06 3.25e-06 1.9e-06 3.25e-06 2.95e-06 3.3e-06 2e-06 3e-06 1.2e-06 2.35e-06 1.75e-06 3.1e-06 2e-06 1.4e-06 1.9e-06 2.95e-06 2.95e-06 2.05e-06 3.35e-06 1e-06 2e-06 9e-07 3e-06 8.5e-07 2.05e-06
28 2.4e-06 2.45e-06 2.35e-06 1.65e-06 2.65e-06 3.05e-06 2.6e-06 2.3e-06 2.85e-06 2e-06 3.05e-06 2.45e-06 3.1e-06 3.35e-06 2.35e-06 1.7e-06 3.05e-06 3.05e-06 2.75e-06 2.5e-06 2.4e-06 2.15e-06 2.6e-06 1.4e-06 3e-06 3.05e-06 1.7e-06 1.7e-06 2.7e-06 2.8e-06 3.3e-06 2.6e-06 2e-06 3.25e-06 2.5e-06 3.15e-06 3e-06 3.1e-06 2.55e-06 2.8e-06 1.7e-06 2.5e-06 2.55e-06 2.95e-06 2.35e-06 1.9e-06 2.5e-06 2.6e-06 2.9e-06 2.75e-06 3.25e-06 2.2e-06 2.3e-06 1.8e-06 3.1e-06 1.8e-06 2.3e-06
29 2.3e-06 2.35e-06 3.2e-06 3e-06 2.75e-06 2.9e-06 2.35e-06 3e-06 2.25e-06 2.85e-06 2.75e-06 2.35e-06 3.05e-06 1.9e-06 2.6e-06 2.6e-06 1.95e-06 4e-06 1.95e-06 2.9e-06 3.35e-06 2.15e-06 2.65e-06 2.85e-06 2.95e-06 2.15e-06 2.55e-06 2.5e-06 2.8e-06 3.1e-06 1.8e-06 3.4e-06 2.1e-06 1.8e-06 3.3e-06 3.85e-06 3.15e-06 2.85e-06 3.35e-06 2.55e-06 2.6e-06 3.15e-06 3.4e-06 2.6e-06 2.2e-06 2.7e-06 3.3e-06 3.65e-06 2.45e-06 2.15e-06 3.2e-06 2.9e-06 3.25e-06 2.55e-06 2.8e-06 2.6e-06 3.25e-06
30 2.1e-06 2.4e-06 3.6e-06 3.2e-06 2.25e-06 2e-06 1.7e-06 3.15e-06 1.9e-06 3.5e-06 1.9e-06 2.2e-06 2.55e-06 9.5e-07 2.35e-06 3.15e-06 9.5e-07 3.8e-06 1.55e-06 2.75e-06 3.5e-06 2.25e-06 2.65e-06 3.35e-06 2.35e-06 1e-06 3.6e-06 3.15e-06 3.3e-06 1.8e-06 7e-07 3.35e-06 3.3e-06 8.5e-07 3.15e-06 3.2e-06 2.8e-06 1.95e-06 3.3e-06 1.9e-06 3.6e-06 3.25e-06 3.55e-06 2e-06 2e-06 3.7e-06 3.15e-06 3.5e-06 2.15e-06 1.8e-06 2.45e-06 3.1e-06 3.35e-06 3.2e-06 2.15e-06 3.25e-06 3.6e-06
31 3.15e-06 3.5e-06 2.3e-06 2.55e-06 3.3e-06 2.4e-06 2.4e-06 2.55e-06 2.5e-06 2.4e-06 2.4e-06 3.25e-06 2.85e-06 3.75e-06 2.6e-06 2.7e-06 3.55e-06 1.8e-06 3e-06 2.8e-06 1.9e-06 3.3e-06 1.8e-06 2.65e-06 2.75e-06 3.45e-06 2.95e-06 2.05e-06 2.6e-06 3.4e-06 3.35e-06 2.8e-06 3.25e-06 3.65e-06 1.55e-06 2.15e-06 1.9e-06 3.15e-06 1.45e-06 3e-06 2.95e-06 2.75e-06 1.6e-06 2.65e-06 3.1e-06 3.15e-06 1.55e-06 2.15e-06 2.4e-06 2.4e-06 3.05e-06 1.5e-06 2.2e-06 2.1e-06 2.8e-06 2.1e-06 2.4e-06
32 2.15e-06 1.8e-06 2.65e-06 2.5e-06 2.9e-06 3.6e-06 2.7e-06 2.6e-06 2.95e-06 1.65e-06 3.65e-06 2.25e-06 3.3e-06 3.2e-06 2.75e-06 1.7e-06 3.25e-06 4e-06 2.35e-06 2.45e-06 2.9e-06 1.75e-06 2.75e-06 2.05e-06 3.4e-06 3.15e-06 9.5e-07 1.55e-06 2e-06 2.1e-06 3.3e-06 3.25e-06 1.5e-06 3.1e-06 3.2e-06 4.3e-06 3.65e-06 3.5e-06 3.2e-06 3.2e-06 9e-07 2.55e-06 3e-06 3.55e-06 2.1e-06 9e-07 3.2e-06 3.55e-06 3.1e-06 2.85e-06 3.7e-06 2.4e-06 2.8e-06 1.65e-06 3.5e-06 1.65e-06 2.65e-06
33 2.15e-06 2.2e-06 3.7e-06 3.4e-06 2.05e-06 2.3e-06 2.05e-06 3.25e-06 2.15e-06 3.5e-06 2.2e-06 2.25e-06 2.65e-06 9.5e-07 2.6e-06 3.15e-06 1.1e-06 4.1e-06 1.65e-06 2.85e-06 3.75e-06 2.05e-06 2.95e-06 3.3e-06 2.4e-06 1.15e-06 3.4e-06 3.25e-06 3.25e-06 1.8e-06 8.5e-07 3.65e-06 3.1e-06 1.6e-06 3.5e-06 3.55e-06 3.1e-06 2.05e-06 3.6e-06 2e-06 3.35e-06 3.3e-06 3.85e-06 2.15e-06 2.1e-06 3.45e-06 3.5e-06 3.5e-06 2.4e-06 2.05e-06 2.55e-06 3.45e-06 3.4e-06 3.35e-06 2.5e-06 3.35e-06 3.65e-06
34 3e-06 3.4e-06 2.25e-06 2.35e-06 3.2e-06 2.45e-06 2.2e-06 2.45e-06 2.3e-06 2.3e-06 2.35e-06 3.05e-06 2.8e-06 3.6e-06 2.35e-06 2.5e-06 3.4e-06 1.65e-06 2.85e-06 2.75e-06 1.8e-06 3.2e-06 1.75e-06 2.55e-06 2.75e-06 3.3e-06 2.85e-06 1.9e-06 2.5e-06 3.3e-06 3.15e-06 1.55e-06 3.2e-06 3.5e-06 2.4e-06 1.9e-06 1.7e-06 3.05e-06 1.5e-06 2.85e-06 2.85e-06 2.65e-06 1.55e-06 2.65e-06 2.95e-06 3.05e-06 1.2e-06 2.15e-06 2.35e-06 2.2e-06 2.8e-06 1.35e-06 2.05e-06 1.9e-06 2.65e-06 1.95e-06 2.15e-06
35 3.6e-06 4e-06 2.7e-06 2.75e-06 3.05e-06 2.25e-06 3.05e-06 2.25e-06 3.15e-06 3.7e-06 2.15e-06 3.6e-06 2.85e-06 3.65e-06 2.75e-06 3.35e-06 3.55e-06 1.3e-06 3.6e-06 2.95e-06 2.25e-06 3.8e-06 2.75e-06 3.2e-06 2.65e-06 3.35e-06 4e-06 3.25e-06 3.15e-06 3.85e-06 3.2e-06 2.15e-06 4.3e-06 3.55e-06 1.9e-06 1.5e-06 1.75e-06 2.3e-06 2.1e-06 2.7e-06 4e-06 2.45e-06 2.4e-06 2.35e-06 3.55e-06 4.2e-06 1.9e-06 1.85e-06 2.65e-06 3.05e-06 2.45e-06 3e-06 2.7e-06 3.3e-06 2.35e-06 3.35e-06 2.35e-06
36 3.3e-06 3.6e-06 2.5e-06 2.9e-06 2.85e-06 2e-06 2.65e-06 2.9e-06 2.75e-06 3.3e-06 2e-06 3.35e-06 2.75e-06 3.2e-06 2.3e-06 3.25e-06 3.05e-06 1.65e-06 2.9e-06 3.3e-06 2.45e-06 3.45e-06 1.75e-06 3.05e-06 2.25e-06 3.1e-06 3.75e-06 2.95e-06 3e-06 3.15e-06 2.8e-06 1.9e-06 3.65e-06 3.1e-06 1.7e-06 1.75e-06 1.9e-06 2.8e-06 1.85e-06 2.55e-06 3.75e-06 3.05e-06 2.3e-06 2.3e-06 3.25e-06 3.9e-06 1.7e-06 1.75e-06 1.4e-06 2.65e-06 2.45e-06 2.6e-06 2.55e-06 3.05e-06 2.6e-06 3.05e-06 2.5e-06
37 2.6e-06 2.7e-06 3.3e-06 3.15e-06 2.15e-06 2.25e-06 2.55e-06 2.55e-06 2.9e-06 3.6e-06 2.3e-06 2.65e-06 2.55e-06 2.1e-06 2.75e-06 3.15e-06 2.25e-06 3.05e-06 2.5e-06 2.7e-06 3.1e-06 2.55e-06 3.15e-06 3.15e-06 2.4e-06 1.95e-06 3.5e-06 3.3e-06 3.1e-06 2.85e-06 1.95e-06 3.15e-06 3.5e-06 2.05e-06 3.05e-06 2.3e-06 2.8e-06 3.5e-06 3.1e-06 2.3e-06 3.45e-06 2.65e-06 3.35e-06 2.35e-06 2.6e-06 3.6e-06 3.05e-06 2.75e-06 2.75e-06 2.8e-06 2.45e-06 3.5e-06 3.1e-06 3.4e-06 2.45e-06 3.4e-06 3.15e-06
38 3.1e-06 3.45e-06 2.25e-06 2.5e-06 3.25e-06 2.35e-06 2.35e-06 2.5e-06 2.45e-06 2.35e-06 2.35e-06 3.2e-06 2.8e-06 3.7e-06 2.55e-06 2.65e-06 3.5e-06 1.75e-06 2.95e-06 2.75e-06 1.85e-06 3.25e-06 1.75e-06 2.6e-06 2.7e-06 3.4e-06 2.9e-06 2e-06 2.55e-06 3.35e-06 3.3e-06 1.45e-06 3.2e-06 3.6e-06 1.5e-06 2.1e-06 1.85e-06 3.1e-06 2.7e-06 2.95e-06 2.9e-06 2.7e-06 1.5e-06 2.6e-06 3.05e-06 3.1e-06 1.5e-06 2.1e-06 2.35e-06 2.35e-06 3e-06 1.5e-06 2.15e-06 2.05e-06 2.75e-06 2.05e-06 2.35e-06
39 2.55e-06 2.65e-06 3.05e-06 2.95e-06 1.9e-06 2.35e-06 2.5e-06 2.8e-06 2.6e-06 3.3e-06 2.15e-06 2.65e-06 2.7e-06 2.1e-06 2.45e-06 2.9e-06 2.2e-06 3.05e-06 2.4e-06 2.75e-06 3.1e-06 2.5e-06 2.8e-06 2.85e-06 2.4e-06 2e-06 3.2e-06 3e-06 2.8e-06 2.55e-06 1.9e-06 3e-06 3.2e-06 2e-06 2.85e-06 2.7e-06 2.55e-06 2.3e-06 2.95e-06 3.5e-06 3.15e-06 2.9e-06 3.2e-06 2.2e-06 2.55e-06 3.3e-06 2.85e-06 2.25e-06 2.35e-06 2.5e-06 2.6e-06 3.2e-06 2.55e-06 3.1e-06 2.45e-06 3.1e-06 3e-06
40 1.95e-06 1.65e-06 2.45e-06 2.2e-06 2.8e-06 3.6e-06 2.6e-06 2.3e-06 2.9e-06 1.15e-06 3.6e-06 2.2e-06 3.25e-06 3.45e-06 2.7e-06 1.35e-06 3.5e-06 3.7e-06 2.55e-06 2.05e-06 2.55e-06 1.7e-06 2.8e-06 1.75e-06 3.4e-06 3.2e-06 5.5e-07 1.2e-06 1.7e-06 2.6e-06 3.6e-06 2.95e-06 9e-07 3.35e-06 2.85e-06 4e-06 3.75e-06 3.45e-06 2.9e-06 3.15e-06 5e-07 2.15e-06 2.65e-06 3.55e-06 2.05e-06 4e-07 2.85e-06 3.25e-06 3.5e-06 2.8e-06 3.65e-06 2e-06 2.4e-06 1.35e-06 3.5e-06 1.3e-06 2.35e-06
41 2.75e-06 2.7e-06 2.75e-06 2.6e-06 2.9e-06 2.95e-06 2.85e-06 2.15e-06 3.05e-06 2.5e-06 2.9e-06 2.85e-06 3.05e-06 3.4e-06 2.8e-06 2.4e-06 3.4e-06 2.8e-06 3.05e-06 2.35e-06 2.5e-06 2.7e-06 3e-06 2.55e-06 3.1e-06 3.15e-06 2.25e-06 2.35e-06 2.5e-06 3.15e-06 3.25e-06 2.75e-06 2.55e-06 3.3e-06 2.65e-06 2.45e-06 3.05e-06 2.65e-06 2.7e-06 2.9e-06 2.15e-06 4.1e-06 2.7e-06 2.9e-06 2.75e-06 2.2e-06 2.65e-06 2.75e-06 3.25e-06 2.95e-06 3.2e-06 2.7e-06 2.7e-06 2.45e-06 2.85e-06 2.45e-06 2.6e-06
42 3.1e-06 3.45e-06 2.4e-06 2.5e-06 3.5e-06 2.75e-06 2.35e-06 2.5e-06 2.45e-06 2.1e-06 2.65e-06 3.2e-06 2.7e-06 3.95e-06 2.8e-06 2.65e-06 3.75e-06 1.65e-06 2.95e-06 2.75e-06 1.6e-06 3.25e-06 1.9e-06 2.6e-06 3.1e-06 3.65e-06 2.65e-06 1.75e-06 2.55e-06 3.4e-06 3.55e-06 1.6e-06 3e-06 3.85e-06 1.55e-06 2.4e-06 2.3e-06 3.35e-06 1.5e-06 3.2e-06 2.65e-06 2.7e-06 2.2e-06 2.9e-06 3.05e-06 2.85e-06 1.55e-06 2.5e-06 2.75e-06 2.35e-06 3.3e-06 1.25e-06 2.15e-06 1.8e-06 2.8e-06 1.8e-06 2.4e-06
43 2.8e-06 3.1e-06 3e-06 2.9e-06 2.55e-06 2.15e-06 2.55e-06 2.75e-06 2.45e-06 3.45e-06 2e-06 2.85e-06 2.7e-06 2.25e-06 2.3e-06 3.05e-06 2.15e-06 2.65e-06 2.6e-06 2.8e-06 2.8e-06 2.95e-06 2.65e-06 3e-06 2.45e-06 2.3e-06 3.55e-06 3.1e-06 2.95e-06 2.6e-06 2e-06 2.65e-06 3.55e-06 2.15e-06 2.65e-06 2.35e-06 2.3e-06 2.35e-06 2.6e-06 2.2e-06 3.55e-06 2.9e-06 2.9e-06 3.5e-06 2.8e-06 3.7e-06 2.65e-06 2.45e-06 2.15e-06 2.35e-06 2.7e-06 3.1e-06 2.9e-06 3.2e-06 2.25e-06 3.2e-06 3.05e-06
44 2e-06 2.05e-06 2.9e-06 2.55e-06 2.4e-06 2.7e-06 2.05e-06 2.55e-06 2.45e-06 2.4e-06 2.8e-06 2e-06 2.8e-06 2.2e-06 2.45e-06 2.1e-06 2.2e-06 3.7e-06 2e-06 2.45e-06 2.95e-06 1.8e-06 2.7e-06 2.4e-06 2.8e-06 2.05e-06 2e-06 2e-06 2.35e-06 2.2e-06 2e-06 3.1e-06 2.1e-06 2.1e-06 2.95e-06 3.55e-06 3.25e-06 2.6e-06 3.05e-06 2.55e-06 2.05e-06 2.75e-06 3.05e-06 2.8e-06 3.5e-06 2.2e-06 2.95e-06 3.3e-06 2.8e-06 2.35e-06 2.95e-06 2.5e-06 2.8e-06 2.15e-06 2.85e-06 2.1e-06 2.8e-06
45 2.15e-06 1.55e-06 2.65e-06 2.4e-06 2.95e-06 3.75e-06 2.75e-06 2.5e-06 3.05e-06 1.25e-06 3.75e-06 2.35e-06 3.4e-06 3.55e-06 2.85e-06 1.55e-06 3.6e-06 3.9e-06 2.65e-06 2e-06 2.75e-06 1.85e-06 2.95e-06 1.95e-06 3.55e-06 3.35e-06 4.5e-07 1.4e-06 1.9e-06 2.7e-06 3.7e-06 3.15e-06 9e-07 3.45e-06 3.05e-06 4.2e-06 3.9e-06 3.6e-06 3.1e-06 3.3e-06 4e-07 2.2e-06 2.85e-06 3.7e-06 2.2e-06 1e-07 3.05e-06 3.45e-06 3.6e-06 2.95e-06 3.8e-06 2.2e-06 2.6e-06 1.55e-06 3.65e-06 1.5e-06 2.55e-06
46 3e-06 3.4e-06 2.25e-06 2.35e-06 3.2e-06 2.45e-06 2.2e-06 2.45e-06 2.3e-06 2.3e-06 2.35e-06 3.05e-06 2.8e-06 3.6e-06 2.35e-06 2.5e-06 3.4e-06 1.65e-06 2.85e-06 2.75e-06 1.8e-06 3.2e-06 1.75e-06 2.55e-06 2.75e-06 3.3e-06 2.85e-06 1.9e-06 2.5e-06 3.3e-06 3.15e-06 1.55e-06 3.2e-06 3.5e-06 1.2e-06 1.9e-06 1.7e-06 3.05e-06 1.5e-06 2.85e-06 2.85e-06 2.65e-06 1.55e-06 2.65e-06 2.95e-06 3.05e-06 2.4e-06 2.15e-06 2.35e-06 2.2e-06 2.8e-06 1.35e-06 2.05e-06 1.9e-06 2.65e-06 1.95e-06 2.15e-06
47 3.3e-06 3.4e-06 2.25e-06 2.8e-06 2.2e-06 2.3e-06 3.15e-06 2.6e-06 3.35e-06 3.25e-06 2.35e-06 3.4e-06 2.8e-06 3.6e-06 2.65e-06 3e-06 3.6e-06 1.8e-06 3.4e-06 2.95e-06 2.5e-06 3.2e-06 2.55e-06 2.65e-06 2.2e-06 3.3e-06 3.3e-06 2.95e-06 2.6e-06 3.65e-06 3.5e-06 2.15e-06 3.55e-06 3.5e-06 2.15e-06 1.85e-06 1.75e-06 2.75e-06 2.1e-06 2.25e-06 3.25e-06 2.75e-06 2.5e-06 2.45e-06 3.3e-06 3.45e-06 2.15e-06 2e-06 2.3e-06 3.25e-06 2.65e-06 3.05e-06 2.1e-06 3.1e-06 2.85e-06 3.05e-06 2.4e-06
48 2.8e-06 3.05e-06 2.85e-06 2.85e-06 2.55e-06 2.1e-06 2.35e-06 3.15e-06 2.4e-06 3.1e-06 2.15e-06 2.85e-06 2.75e-06 2.5e-06 1.6e-06 3.05e-06 2.3e-06 2.6e-06 2.25e-06 3.45e-06 2.8e-06 2.95e-06 1.65e-06 2.95e-06 2.3e-06 2.6e-06 3.5e-06 2.95e-06 2.9e-06 2.45e-06 2.15e-06 2.4e-06 3.1e-06 2.4e-06 2.35e-06 2.65e-06 1.4e-06 2.75e-06 2.35e-06 2.35e-06 3.5e-06 3.25e-06 2.75e-06 2.15e-06 2.8e-06 3.6e-06 2.35e-06 2.3e-06 1.3e-06 2.4e-06 2.6e-06 2.6e-06 2.6e-06 3e-06 2.55e-06 3e-06 2.95e-06
49 2.4e-06 2.75e-06 2.95e-06 2.65e-06 3e-06 2.55e-06 1.75e-06 2.8e-06 1.6e-06 2.4e-06 2.3e-06 2.5e-06 2.85e-06 2.15e-06 2.35e-06 2.55e-06 2.05e-06 3.1e-06 2e-06 2.7e-06 2.55e-06 2.6e-06 2e-06 2.8e-06 2.85e-06 2.2e-06 2.8e-06 2.05e-06 2.75e-06 2.15e-06 1.8e-06 2.4e-06 2.85e-06 2.05e-06 2.2e-06 3.05e-06 2.65e-06 2.8e-06 2.35e-06 2.5e-06 2.8e-06 2.95e-06 2.35e-06 2.35e-06 2.35e-06 2.95e-06 2.2e-06 3.25e-06 2.4e-06 3e-06 3e-06 1.65e-06 2.6e-06 2.05e-06 2.5e-06 2.1e-06 2.95e-06
50 2.95e-06 3.05e-06 3.25e-06 3.2e-06 2.45e-06 2.45e-06 2.75e-06 3.1e-06 3.1e-06 3.65e-06 2.5e-06 3e-06 2.75e-06 2.55e-06 2.85e-06 3.35e-06 2.7e-06 2.75e-06 2.75e-06 3.15e-06 3.2e-06 2.9e-06 2.95e-06 3.3e-06 2.5e-06 2.45e-06 3.7e-06 3.35e-06 3.25e-06 3.2e-06 2.45e-06 3.05e-06 3.7e-06 2.55e-06 2.8e-06 2.45e-06 2.45e-06 2.45e-06 3e-06 2.6e-06 3.65e-06 3.2e-06 3.3e-06 2.7e-06 2.95e-06 3.8e-06 2.8e-06 2.65e-06 2.6e-06 3e-06 4.5e-06 3.4e-06 3.1e-06 3.45e-06 2.85e-06 3.45e-06 2.95e-06
51 2.55e-06 2.95e-06 2.35e-06 2.1e-06 3.55e-06 2.95e-06 1.65e-06 2.5e-06 1.65e-06 1.25e-06 2.85e-06 2.65e-06 3e-06 3.55e-06 2.25e-06 1.95e-06 3.3e-06 2.5e-06 2.35e-06 2.6e-06 1.65e-06 2.75e-06 1.45e-06 2.25e-06 3.25e-06 3.25e-06 2e-06 1e-06 2.2e-06 2.9e-06 3.1e-06 1.5e-06 2.4e-06 3.45e-06 1.35e-06 3e-06 2.6e-06 3.5e-06 1.5e-06 3.2e-06 2e-06 2.7e-06 1.25e-06 3.1e-06 2.5e-06 2.2e-06 1.35e-06 3.05e-06 2.6e-06 1.65e-06 3.4e-06 3e-07 1.8e-06 9.5e-07 2.95e-06 1e-06 2.35e-06
52 2.8e-06 2.95e-06 2.5e-06 2.45e-06 2.55e-06 2.85e-06 2.5e-06 2.55e-06 2.6e-06 2.2e-06 2.8e-06 2.9e-06 2.95e-06 3.5e-06 2.4e-06 2.35e-06 3.45e-06 2.5e-06 2.85e-06 2.75e-06 2.25e-06 2.75e-06 2.3e-06 2.35e-06 2.9e-06 3.2e-06 2.45e-06 2e-06 2.3e-06 3.25e-06 3.35e-06 2.2e-06 2.8e-06 3.4e-06 2.05e-06 2.7e-06 2.55e-06 3.1e-06 2.15e-06 2.55e-06 2.4e-06 2.7e-06 2.15e-06 2.9e-06 2.8e-06 2.6e-06 2.05e-06 2.1e-06 2.6e-06 2.6e-06 3.1e-06 1.8e-06 3.5e-06 2.05e-06 3e-06 2.05e-06 2.45e-06
53 2.25e-06 2.45e-06 2.1e-06 1.95e-06 3.2e-06 3.2e-06 2e-06 2.2e-06 2.15e-06 1.35e-06 3.15e-06 2.3e-06 3.05e-06 3.45e-06 2.35e-06 1.45e-06 3.35e-06 2.95e-06 2.4e-06 2.3e-06 1.95e-06 2.15e-06 2e-06 1.85e-06 3.3e-06 3.15e-06 1.3e-06 9e-07 1.8e-06 2.55e-06 3.2e-06 2.1e-06 1.65e-06 3.35e-06 1.9e-06 3.3e-06 3.05e-06 3.4e-06 2.05e-06 3.1e-06 1.35e-06 2.45e-06 1.8e-06 3.2e-06 2.15e-06 1.55e-06 1.9e-06 3.1e-06 3e-06 2.05e-06 3.45e-06 9.5e-07 2.05e-06 1.6e-06 3.05e-06 9.5e-07 2.15e-06
54 2.85e-06 3.2e-06 3.15e-06 2.9e-06 2.85e-06 2.45e-06 2.55e-06 2.7e-06 2.6e-06 3.4e-06 2.25e-06 2.9e-06 2.75e-06 2.6e-06 2.6e-06 3.15e-06 2.5e-06 2.65e-06 2.65e-06 2.85e-06 2.45e-06 3.05e-06 2.8e-06 3.15e-06 2.8e-06 2.5e-06 3.5e-06 3e-06 3.1e-06 2.8e-06 2.15e-06 2.8e-06 3.5e-06 2.5e-06 2.65e-06 2.35e-06 2.6e-06 2.45e-06 2.75e-06 2.45e-06 3.5e-06 2.85e-06 2.8e-06 2.25e-06 2.85e-06 3.65e-06 2.65e-06 2.85e-06 2.55e-06 2.5e-06 2.85e-06 2.95e-06 3e-06 3.05e-06 4e-06 3.1e-06 3.05e-06
55 2.25e-06 2.4e-06 2.2e-06 1.95e-06 3.15e-06 3.2e-06 2.05e-06 2.15e-06 2.2e-06 1.3e-06 3.15e-06 2.25e-06 3.05e-06 3.45e-06 2.4e-06 1.5e-06 3.35e-06 2.95e-06 2.4e-06 2.35e-06 1.95e-06 2.15e-06 2e-06 1.85e-06 3.25e-06 3.15e-06 1.2e-06 8.5e-07 1.8e-06 2.6e-06 3.25e-06 2.1e-06 1.65e-06 3.35e-06 1.95e-06 3.35e-06 3.05e-06 3.4e-06 2.05e-06 3.1e-06 1.3e-06 2.45e-06 1.8e-06 3.2e-06 2.1e-06 1.5e-06 1.95e-06 3.05e-06 3e-06 2.1e-06 3.45e-06 1e-06 2.05e-06 9.5e-07 3.1e-06 1.7e-06 2.15e-06
56 2.95e-06 3.05e-06 2.35e-06 2.35e-06 3e-06 2.95e-06 2.85e-06 2.35e-06 3.05e-06 2.5e-06 2.9e-06 2.9e-06 3.1e-06 3.75e-06 2.7e-06 2.25e-06 3.7e-06 2.25e-06 3.15e-06 2.75e-06 2.35e-06 2.75e-06 2.6e-06 2.35e-06 3e-06 3.45e-06 2.3e-06 2.05e-06 2.3e-06 3.25e-06 3.6e-06 2.4e-06 2.65e-06 3.65e-06 2.15e-06 2.35e-06 2.5e-06 3.15e-06 2.35e-06 3e-06 2.35e-06 2.6e-06 2.4e-06 3.05e-06 2.8e-06 2.55e-06 2.15e-06 2.4e-06 2.95e-06 2.95e-06 2.95e-06 2.35e-06 2.45e-06 2.15e-06 3.05e-06 2.15e-06 4e-06
