 slim_762026007 slim_762025985 slim_762026020 slim_762026003 slim_762025982 slim_762026016 slim_762025991 slim_762025969 slim_762025971 slim_762026005 slim_762025959 slim_762026006 slim_762025962 slim_762026001 slim_762026018 slim_762026021 slim_762026008 slim_762025994 slim_762025973 slim_762026017 slim_762026011 slim_762026024 slim_762025974 slim_762025967 slim_762025960 slim_762025999 slim_762026009 slim_762025998 slim_762025980 slim_762026000 slim_762025988 slim_762025978 slim_762025975 slim_762025961 slim_762026022 slim_762025970 slim_762026004 slim_762026012 slim_762025996 slim_762026002 slim_762025983 slim_762025995 slim_762026019 slim_762025979 slim_762025965 slim_762026014 slim_762025986 slim_762025989 slim_762025981 slim_762025964 slim_762025990 slim_762025984 slim_762025976 slim_762026023 slim_762025993 slim_762025992 slim_762025997 slim_762025972 slim_762026013 slim_762025977 slim_762026010 slim_762025963 slim_762025987 slim_762026015 slim_762025968 slim_762025966
0 5e-07 3.1e-06 1.5e-06 2.6e-06 2e-06 1.3e-06 1.85e-06 1.95e-06 2.6e-06 9e-07 3.6e-06 3.2e-06 1.5e-06 2.75e-06 1.5e-06 1.75e-06 1.05e-06 1.45e-06 1.75e-06 1.5e-06 2.75e-06 8e-07 1.5e-06 1.5e-06 1.85e-06 1.75e-06 3e-06 2.35e-06 1.85e-06 1.25e-06 1.75e-06 2.5e-06 1.45e-06 2.95e-06 1.4e-06 2.3e-06 1.5e-06 1.9e-06 1.3e-06 2.35e-06 1.7e-06 1.3e-06 1.75e-06 2.15e-06 1.75e-06 1.2e-06 1e-06 3.25e-06 1.4e-06 2.5e-06 2.05e-06 1.85e-06 2.95e-06 1.35e-06 1.55e-06 2.7e-06 1.9e-06 1.05e-06 1.85e-06 3.35e-06 2.75e-06 1.4e-06 1.35e-06 1.7e-06 1.7e-06 2.15e-06
1 3.1e-06 3.5e-06 2.95e-06 2.45e-06 2e-06 2.8e-06 2.05e-06 2.05e-06 2.05e-06 2.95e-06 2.6e-06 2.65e-06 2.65e-06 3.15e-06 2.3e-06 2.4e-06 2.9e-06 2.6e-06 2.3e-06 2.65e-06 3.25e-06 3.1e-06 2.55e-06 2.5e-06 1.95e-06 2.65e-06 2.95e-06 2.5e-06 2.25e-06 2.75e-06 2.4e-06 2.35e-06 2.95e-06 2.25e-06 2.75e-06 2.25e-06 2.65e-06 2e-06 2.9e-06 2.75e-06 2.3e-06 3.3e-06 2.4e-06 2.65e-06 2.2e-06 2.7e-06 2.75e-06 2.6e-06 2.85e-06 2.8e-06 2.05e-06 2.45e-06 1.75e-06 2.7e-06 2.35e-06 2.25e-06 2.75e-06 3.4e-06 2.4e-06 2.35e-06 3.25e-06 2.55e-06 3.05e-06 2.35e-06 2.35e-06 2.95e-06
2 1.5e-06 2.95e-06 1e-06 2.15e-06 1.9e-06 1.35e-06 1.75e-06 1.85e-06 2.45e-06 1e-06 2.8e-06 3.3e-06 1.25e-06 2.9e-06 1.45e-06 1.25e-06 1.1e-06 1.2e-06 1.65e-06 1.25e-06 2.7e-06 1.2e-06 1.25e-06 1.75e-06 1.75e-06 1.1e-06 3.15e-06 2e-06 1.25e-06 1.4e-06 1.25e-06 2.2e-06 1.5e-06 2.35e-06 1.15e-06 2.2e-06 1.05e-06 1.8e-06 1.25e-06 1.7e-06 1.65e-06 1.5e-06 1.25e-06 1.85e-06 1.85e-06 1.5e-06 1.6e-06 3.35e-06 6.5e-07 1.6e-06 1.95e-06 1.55e-06 2.8e-06 1.1e-06 1.5e-06 2.1e-06 2.2e-06 1.8e-06 1.55e-06 2.9e-06 2.7e-06 1.15e-06 7e-07 1.4e-06 1.4e-06 2.5e-06
3 2.6e-06 2.45e-06 2.15e-06 4e-06 2.2e-06 2.5e-06 2.2e-06 2.15e-06 2.3e-06 2.35e-06 2.3e-06 2.95e-06 2.2e-06 3.05e-06 2.05e-06 2.15e-06 2.35e-06 2.15e-06 2.25e-06 2.15e-06 3e-06 2.45e-06 2.2e-06 2.4e-06 2.05e-06 2.2e-06 3e-06 2.35e-06 2.05e-06 2.4e-06 2.15e-06 2.35e-06 2.5e-06 2.3e-06 2.25e-06 2.25e-06 2.1e-06 2.1e-06 2.4e-06 2.1e-06 2.1e-06 2.7e-06 2.15e-06 2.35e-06 2.35e-06 2.35e-06 2.4e-06 3e-06 2.1e-06 2.15e-06 2.25e-06 2.35e-06 2.3e-06 2.2e-06 2.15e-06 2.45e-06 2.5e-06 2.9e-06 2.15e-06 2.3e-06 3e-06 2.1e-06 2.25e-06 2.15e-06 2.15e-06 2.8e-06
4 2e-06 2e-06 1.9e-06 2.2e-06 9e-07 1.85e-06 6.5e-07 5.5e-07 1.75e-06 1.75e-06 3.95e-06 2.75e-06 1.1e-06 3.2e-06 7e-07 1.05e-06 2.05e-06 1.05e-06 9.5e-07 1.1e-06 3.3e-06 1.8e-06 1e-06 1.25e-06 4.5e-07 1.5e-06 2.85e-06 2.05e-06 1.25e-06 1.35e-06 1.05e-06 2.5e-06 1.45e-06 2.4e-06 1.3e-06 1.75e-06 1.1e-06 4.5e-07 1.5e-06 2.65e-06 6e-07 2e-06 1.05e-06 2.3e-06 8.5e-07 1.25e-06 1.3e-06 2.7e-06 1.8e-06 2.55e-06 5e-07 1.25e-06 1.95e-06 1.25e-06 7.5e-07 1.7e-06 3e-06 2.2e-06 9.5e-07 3.6e-06 3.3e-06 1e-06 1.65e-06 1e-06 1e-06 2.7e-06
5 1.3e-06 2.8e-06 1.35e-06 2.5e-06 1.85e-06 1.8e-06 1.7e-06 1.8e-06 2.6e-06 1.25e-06 3.2e-06 3e-06 1.35e-06 2.65e-06 1.55e-06 1.5e-06 1.4e-06 1.3e-06 1.5e-06 1.35e-06 2.55e-06 1.15e-06 1.35e-06 1.45e-06 1.7e-06 1.3e-06 3e-06 1.85e-06 1.6e-06 1.25e-06 1.5e-06 2.25e-06 1.4e-06 2.4e-06 1.25e-06 2.5e-06 1.45e-06 1.75e-06 1.15e-06 2.05e-06 1.75e-06 1.45e-06 1.5e-06 2.15e-06 1.65e-06 1.35e-06 1.5e-06 3.05e-06 1.15e-06 2.15e-06 1.9e-06 1.35e-06 2.65e-06 1.2e-06 1.6e-06 2.1e-06 2.15e-06 1.5e-06 1.6e-06 3.3e-06 2.55e-06 1.25e-06 1.1e-06 1.35e-06 1.35e-06 2.65e-06
6 1.85e-06 2.05e-06 1.75e-06 2.2e-06 6.5e-07 1.7e-06 1.2e-06 6.5e-07 1.8e-06 1.6e-06 3.8e-06 2.7e-06 1.1e-06 3.05e-06 6.5e-07 1.05e-06 1.9e-06 1.05e-06 1e-06 1.1e-06 3.1e-06 1.65e-06 1e-06 1.25e-06 6e-07 1.45e-06 2.8e-06 1.85e-06 1.25e-06 1.3e-06 1.05e-06 2.4e-06 1.4e-06 2.4e-06 1.1e-06 1.8e-06 1.1e-06 6.5e-07 1.4e-06 2.5e-06 7.5e-07 1.8e-06 1.05e-06 2.2e-06 9e-07 1.25e-06 1.3e-06 2.65e-06 1.65e-06 2.4e-06 7e-07 1.25e-06 2e-06 1.05e-06 7e-07 1.7e-06 2.85e-06 2e-06 1.05e-06 3.5e-06 3.1e-06 1e-06 1.5e-06 1e-06 1e-06 2.55e-06
7 1.95e-06 2.05e-06 1.85e-06 2.15e-06 5.5e-07 1.8e-06 6.5e-07 8e-07 1.7e-06 1.7e-06 3.9e-06 2.65e-06 1e-06 3.1e-06 6e-07 1e-06 2e-06 9.5e-07 9e-07 1.05e-06 3.2e-06 1.75e-06 1.05e-06 1.2e-06 4e-07 1.45e-06 2.7e-06 1.95e-06 1.2e-06 1.3e-06 1e-06 2.45e-06 1.4e-06 2.35e-06 1.2e-06 1.65e-06 1.05e-06 4.5e-07 1.45e-06 2.6e-06 5e-07 1.9e-06 1e-06 2.25e-06 9e-07 1.15e-06 1.25e-06 2.7e-06 1.75e-06 2.5e-06 6e-07 1.15e-06 1.9e-06 1.15e-06 6e-07 1.75e-06 2.95e-06 2.1e-06 9e-07 3.55e-06 3.2e-06 9.5e-07 1.6e-06 9.5e-07 9.5e-07 2.6e-06
8 2.6e-06 2.05e-06 2.45e-06 2.3e-06 1.75e-06 2.6e-06 1.8e-06 1.7e-06 3.1e-06 2.45e-06 2.95e-06 2.8e-06 2.15e-06 3.15e-06 1.8e-06 2.05e-06 2.5e-06 2.1e-06 1.95e-06 2.15e-06 3.25e-06 2.6e-06 2.15e-06 2.15e-06 1.6e-06 2.3e-06 2.95e-06 2.5e-06 1.9e-06 2.25e-06 2.05e-06 2.35e-06 2.45e-06 2.4e-06 2.25e-06 1.65e-06 2.15e-06 1.65e-06 2.4e-06 2.6e-06 1.8e-06 2.8e-06 2.05e-06 2.05e-06 1.95e-06 2.2e-06 2.25e-06 2.85e-06 2.35e-06 2.65e-06 1.8e-06 2.25e-06 1.9e-06 2.2e-06 1.85e-06 2.5e-06 2.75e-06 2.9e-06 2.05e-06 2.55e-06 3.25e-06 2.05e-06 2.55e-06 2e-06 2e-06 2.35e-06
9 9e-07 2.95e-06 1e-06 2.35e-06 1.75e-06 1.25e-06 1.6e-06 1.7e-06 2.45e-06 1.4e-06 3.35e-06 3.2e-06 1.2e-06 2.75e-06 1.25e-06 1.3e-06 1.25e-06 1.15e-06 1.5e-06 1.2e-06 2.7e-06 1e-06 1.2e-06 1.5e-06 1.6e-06 1.4e-06 3e-06 2.05e-06 1.55e-06 1.1e-06 1.3e-06 2.3e-06 1.3e-06 2.65e-06 1.1e-06 2.15e-06 1.05e-06 1.65e-06 1.1e-06 2.05e-06 1.45e-06 1.25e-06 1.3e-06 1.95e-06 1.6e-06 1.2e-06 1.25e-06 3.25e-06 1.05e-06 2e-06 1.8e-06 1.55e-06 2.8e-06 1.05e-06 1.3e-06 2.25e-06 2.1e-06 1.3e-06 1.55e-06 3.2e-06 2.7e-06 1.1e-06 8.5e-07 1.4e-06 1.4e-06 2.25e-06
10 3.6e-06 2.6e-06 2.8e-06 2.3e-06 3.95e-06 3.2e-06 3.8e-06 3.9e-06 2.95e-06 3.35e-06 9e-07 2.95e-06 3.7e-06 2.95e-06 3.9e-06 3.4e-06 2.95e-06 3.65e-06 3.7e-06 3.7e-06 2.75e-06 3.5e-06 3.7e-06 3.7e-06 3.8e-06 3e-06 3.2e-06 2.7e-06 3e-06 3.85e-06 3.4e-06 2.25e-06 3.95e-06 2e-06 3.6e-06 3.1e-06 3.6e-06 3.85e-06 3.7e-06 1.85e-06 4.1e-06 3.8e-06 3.4e-06 2.75e-06 3.9e-06 3.85e-06 3.9e-06 3e-06 2.8e-06 1.95e-06 4e-06 3.5e-06 2.45e-06 3.55e-06 3.95e-06 2.9e-06 2.05e-06 4e-06 3.6e-06 1.1e-06 2.75e-06 3.6e-06 3.25e-06 3.45e-06 3.45e-06 3.25e-06
11 3.2e-06 2.65e-06 3.3e-06 2.95e-06 2.75e-06 3e-06 2.7e-06 2.65e-06 2.8e-06 3.2e-06 2.95e-06 4.8e-06 3.15e-06 2.8e-06 2.85e-06 2.9e-06 3.1e-06 3.1e-06 2.8e-06 3.15e-06 2.85e-06 3.3e-06 3.15e-06 2.85e-06 2.6e-06 3e-06 2.7e-06 2.9e-06 2.75e-06 3.1e-06 2.9e-06 2.95e-06 3.3e-06 2.75e-06 3.15e-06 3e-06 3.15e-06 2.65e-06 3.25e-06 3.1e-06 2.95e-06 3.35e-06 2.9e-06 3.25e-06 2.8e-06 3.05e-06 3.1e-06 2.5e-06 3.2e-06 3.15e-06 2.8e-06 2.95e-06 2.5e-06 3.1e-06 2.9e-06 2.8e-06 3e-06 3.3e-06 2.9e-06 2.95e-06 2.85e-06 3.05e-06 3.4e-06 2.85e-06 2.85e-06 3.25e-06
12 1.5e-06 2.65e-06 1.25e-06 2.2e-06 1.1e-06 1.35e-06 1.1e-06 1e-06 2.15e-06 1.2e-06 3.7e-06 3.15e-06 1.3e-06 2.9e-06 7.5e-07 1.1e-06 1.6e-06 6.5e-07 1.05e-06 7.5e-07 2.85e-06 1.1e-06 7.5e-07 1.4e-06 9.5e-07 1.2e-06 2.9e-06 1.75e-06 1.35e-06 9e-07 1.1e-06 2.25e-06 1.05e-06 2.5e-06 8e-07 1.8e-06 8.5e-07 1e-06 8.5e-07 2.1e-06 7.5e-07 1.35e-06 1.1e-06 1.85e-06 1.2e-06 1.05e-06 1.1e-06 3.2e-06 1.05e-06 2.1e-06 1.15e-06 1.05e-06 2.5e-06 7.5e-07 7e-07 2.05e-06 2.6e-06 1.75e-06 1.1e-06 3.4e-06 2.85e-06 6.5e-07 8.5e-07 9.5e-07 9.5e-07 2.5e-06
13 2.75e-06 3.15e-06 2.9e-06 3.05e-06 3.2e-06 2.65e-06 3.05e-06 3.1e-06 3.15e-06 2.75e-06 2.95e-06 2.8e-06 2.9e-06 4.7e-06 2.9e-06 3.05e-06 2.8e-06 2.85e-06 2.75e-06 2.9e-06 2.55e-06 2.75e-06 2.9e-06 3e-06 3.05e-06 2.95e-06 2.8e-06 2.75e-06 2.95e-06 2.4e-06 3.05e-06 2.8e-06 2.9e-06 2.95e-06 2.8e-06 3.05e-06 3e-06 3.1e-06 2.6e-06 2.8e-06 3.1e-06 2.8e-06 3.05e-06 2.9e-06 2.9e-06 2.9e-06 2.9e-06 2.85e-06 2.7e-06 2.95e-06 3.25e-06 2.9e-06 3e-06 2.75e-06 2.95e-06 3.15e-06 2.75e-06 2.85e-06 3.15e-06 2.85e-06 2.55e-06 2.8e-06 2.85e-06 2.9e-06 2.9e-06 3e-06
14 1.5e-06 2.3e-06 1.45e-06 2.05e-06 7e-07 1.55e-06 6.5e-07 6e-07 1.8e-06 1.25e-06 3.9e-06 2.85e-06 7.5e-07 2.9e-06 5e-07 1e-06 1.7e-06 7e-07 9.5e-07 7e-07 2.95e-06 1.3e-06 7.5e-07 1.2e-06 5.5e-07 1.45e-06 2.65e-06 1.7e-06 1.25e-06 9.5e-07 1e-06 2.25e-06 1.05e-06 2.55e-06 7.5e-07 1.5e-06 7e-07 6e-07 1.05e-06 2.4e-06 3.5e-07 1.45e-06 1e-06 1.9e-06 9.5e-07 9e-07 9.5e-07 2.9e-06 1.35e-06 2.3e-06 7.5e-07 1.1e-06 2.15e-06 7e-07 3.5e-07 1.95e-06 2.7e-06 1.65e-06 9.5e-07 3.35e-06 2.95e-06 6.5e-07 1.15e-06 9.5e-07 9.5e-07 2.25e-06
15 1.75e-06 2.4e-06 1.25e-06 2.15e-06 1.05e-06 1.5e-06 1.05e-06 1e-06 2.05e-06 1.3e-06 3.4e-06 2.9e-06 1.1e-06 3.05e-06 1e-06 1.8e-06 1.65e-06 1.05e-06 1.1e-06 1.1e-06 3e-06 1.45e-06 1.1e-06 1.35e-06 9e-07 1.15e-06 3e-06 1.9e-06 1.2e-06 1.3e-06 9e-07 2.35e-06 1.4e-06 2.25e-06 1.15e-06 2.05e-06 9.5e-07 9.5e-07 1.3e-06 2.15e-06 1.05e-06 1.7e-06 9e-07 2.15e-06 1.2e-06 1.35e-06 1.4e-06 2.95e-06 1.3e-06 1.95e-06 1.1e-06 1.25e-06 2.25e-06 1.1e-06 1.05e-06 1.65e-06 2.65e-06 2e-06 1.05e-06 3.4e-06 3e-06 1e-06 1.05e-06 1e-06 1e-06 2.7e-06
16 1.05e-06 2.9e-06 1.1e-06 2.35e-06 2.05e-06 1.4e-06 1.9e-06 2e-06 2.5e-06 1.25e-06 2.95e-06 3.1e-06 1.6e-06 2.8e-06 1.7e-06 1.65e-06 1.9e-06 1.55e-06 1.8e-06 1.6e-06 2.7e-06 1.15e-06 1.6e-06 1.7e-06 1.9e-06 1.45e-06 3.05e-06 2.25e-06 1.5e-06 1.55e-06 1.65e-06 2.35e-06 1.7e-06 2.5e-06 1.5e-06 2.35e-06 1.55e-06 1.95e-06 1.5e-06 2e-06 1.9e-06 1.6e-06 1.65e-06 2.1e-06 1.9e-06 1.55e-06 1.45e-06 3.15e-06 1.1e-06 2.1e-06 2.1e-06 1.8e-06 2.75e-06 1.45e-06 1.75e-06 2.4e-06 2.05e-06 1.6e-06 1.8e-06 3e-06 2.7e-06 1.5e-06 1.3e-06 1.65e-06 1.65e-06 2.4e-06
17 1.45e-06 2.6e-06 1.2e-06 2.15e-06 1.05e-06 1.3e-06 1.05e-06 9.5e-07 2.1e-06 1.15e-06 3.65e-06 3.1e-06 6.5e-07 2.85e-06 7e-07 1.05e-06 1.55e-06 1.2e-06 1e-06 7e-07 2.8e-06 1.05e-06 7e-07 1.35e-06 9e-07 1.15e-06 2.85e-06 1.7e-06 1.3e-06 8.5e-07 1.05e-06 2.2e-06 1e-06 2.45e-06 7.5e-07 1.75e-06 8e-07 9.5e-07 8e-07 2.05e-06 7e-07 1.3e-06 1.05e-06 1.8e-06 1.15e-06 1e-06 1.05e-06 3.15e-06 1e-06 2.05e-06 1.1e-06 1e-06 2.45e-06 7e-07 7e-07 2e-06 2.55e-06 1.7e-06 1.05e-06 3.35e-06 2.8e-06 6e-07 8e-07 9e-07 9e-07 2.45e-06
18 1.75e-06 2.3e-06 1.65e-06 2.25e-06 9.5e-07 1.5e-06 1e-06 9e-07 1.95e-06 1.5e-06 3.7e-06 2.8e-06 1.05e-06 2.75e-06 9.5e-07 1.1e-06 1.8e-06 1e-06 1.6e-06 1.05e-06 2.95e-06 1.45e-06 1.05e-06 1.3e-06 8e-07 1.3e-06 2.9e-06 1.9e-06 1.3e-06 8.5e-07 1.1e-06 2.35e-06 1.25e-06 2.3e-06 1.15e-06 1.95e-06 1.15e-06 8.5e-07 1.05e-06 2.3e-06 9.5e-07 1.65e-06 1.1e-06 2.1e-06 9.5e-07 1.3e-06 1.3e-06 2.85e-06 1.45e-06 2.3e-06 1e-06 1.2e-06 2.15e-06 1.1e-06 1e-06 1.85e-06 2.75e-06 1.95e-06 1.1e-06 3.5e-06 2.95e-06 9.5e-07 1.3e-06 9.5e-07 9.5e-07 2.6e-06
19 1.5e-06 2.65e-06 1.25e-06 2.15e-06 1.1e-06 1.35e-06 1.1e-06 1.05e-06 2.15e-06 1.2e-06 3.7e-06 3.15e-06 7.5e-07 2.9e-06 7e-07 1.1e-06 1.6e-06 7e-07 1.05e-06 1.3e-06 2.85e-06 1.05e-06 7.5e-07 1.4e-06 9.5e-07 1.2e-06 2.95e-06 1.75e-06 1.35e-06 9e-07 1.1e-06 2.25e-06 1.05e-06 2.5e-06 8e-07 1.85e-06 8e-07 1e-06 8.5e-07 2.1e-06 7.5e-07 1.35e-06 1.1e-06 1.8e-06 1.2e-06 1.1e-06 1.1e-06 3.2e-06 1.05e-06 2.1e-06 1.15e-06 1.1e-06 2.5e-06 7.5e-07 8e-07 2.05e-06 2.6e-06 1.75e-06 1.05e-06 3.4e-06 2.85e-06 6.5e-07 8.5e-07 9.5e-07 9.5e-07 2.5e-06
20 2.75e-06 3.25e-06 2.7e-06 3e-06 3.3e-06 2.55e-06 3.1e-06 3.2e-06 3.25e-06 2.7e-06 2.75e-06 2.85e-06 2.85e-06 2.55e-06 2.95e-06 3e-06 2.7e-06 2.8e-06 2.95e-06 2.85e-06 4.9e-06 2.65e-06 2.85e-06 3.05e-06 3.15e-06 2.75e-06 2.85e-06 2.65e-06 2.9e-06 2.7e-06 3e-06 2.75e-06 2.95e-06 2.9e-06 2.7e-06 3.15e-06 2.95e-06 3.2e-06 2.65e-06 2.6e-06 3.2e-06 2.75e-06 3e-06 2.85e-06 3.1e-06 2.95e-06 2.95e-06 2.95e-06 2.5e-06 2.75e-06 3.35e-06 2.85e-06 3.1e-06 2.65e-06 3e-06 3.1e-06 2.65e-06 2.9e-06 3.1e-06 2.8e-06 2.45e-06 2.75e-06 2.65e-06 2.85e-06 2.85e-06 3.1e-06
21 8e-07 3.1e-06 1.2e-06 2.45e-06 1.8e-06 1.15e-06 1.65e-06 1.75e-06 2.6e-06 1e-06 3.5e-06 3.3e-06 1.1e-06 2.75e-06 1.3e-06 1.45e-06 1.15e-06 1.05e-06 1.45e-06 1.05e-06 2.65e-06 1.3e-06 1.1e-06 1.55e-06 1.65e-06 1.3e-06 3.1e-06 1.95e-06 1.65e-06 1e-06 1.45e-06 2.35e-06 1.2e-06 2.7e-06 1e-06 2.3e-06 1.2e-06 1.7e-06 9e-07 2e-06 1.5e-06 1.15e-06 1.45e-06 1.9e-06 1.6e-06 1.25e-06 1.05e-06 3.35e-06 1e-06 2.1e-06 1.85e-06 1.45e-06 2.95e-06 9.5e-07 1.35e-06 2.4e-06 2.2e-06 1.35e-06 1.55e-06 3.4e-06 2.65e-06 1e-06 8.5e-07 1.3e-06 1.3e-06 2.4e-06
22 1.5e-06 2.55e-06 1.25e-06 2.2e-06 1e-06 1.35e-06 1e-06 1.05e-06 2.15e-06 1.2e-06 3.7e-06 3.15e-06 7.5e-07 2.9e-06 7.5e-07 1.1e-06 1.6e-06 7e-07 1.05e-06 7.5e-07 2.85e-06 1.1e-06 1.3e-06 1.4e-06 9.5e-07 1.2e-06 2.95e-06 1.75e-06 1.35e-06 9e-07 1.1e-06 2.25e-06 1.05e-06 2.5e-06 8e-07 1.85e-06 8.5e-07 1e-06 8.5e-07 2.1e-06 8e-07 1.35e-06 1.1e-06 1.85e-06 1.1e-06 1.1e-06 1.1e-06 3.1e-06 1.05e-06 2.1e-06 1.05e-06 1.1e-06 2.5e-06 7.5e-07 8e-07 1.95e-06 2.6e-06 1.75e-06 1.1e-06 3.4e-06 2.85e-06 6.5e-07 8.5e-07 9.5e-07 9.5e-07 2.5e-06
23 1.5e-06 2.5e-06 1.75e-06 2.4e-06 1.25e-06 1.45e-06 1.25e-06 1.2e-06 2.15e-06 1.5e-06 3.7e-06 2.85e-06 1.4e-06 3e-06 1.2e-06 1.35e-06 1.7e-06 1.35e-06 1.3e-06 1.4e-06 3.05e-06 1.55e-06 1.4e-06 2.2e-06 1.1e-06 1.55e-06 2.95e-06 2.2e-06 1.45e-06 1.4e-06 1.35e-06 2.55e-06 1.5e-06 2.55e-06 1.45e-06 2.15e-06 1.4e-06 1.15e-06 1.5e-06 2.5e-06 1.25e-06 1.8e-06 1.35e-06 2.35e-06 1.3e-06 1.2e-06 1.4e-06 2.9e-06 1.65e-06 2.5e-06 1.3e-06 1.55e-06 2.35e-06 1.4e-06 1.25e-06 2.1e-06 2.6e-06 1.6e-06 1.35e-06 3.55e-06 3.05e-06 1.3e-06 1.6e-06 1.3e-06 1.3e-06 2.6e-06
24 1.85e-06 1.95e-06 1.75e-06 2.05e-06 4.5e-07 1.7e-06 6e-07 4e-07 1.6e-06 1.6e-06 3.8e-06 2.6e-06 9.5e-07 3.05e-06 5.5e-07 9e-07 1.9e-06 9e-07 8e-07 9.5e-07 3.15e-06 1.65e-06 9.5e-07 1.1e-06 6e-07 1.35e-06 2.7e-06 1.9e-06 1.1e-06 1.2e-06 9e-07 2.35e-06 1.3e-06 2.25e-06 1.15e-06 1.6e-06 9.5e-07 3.5e-07 1.35e-06 2.5e-06 4.5e-07 1.85e-06 9e-07 2.15e-06 8e-07 1.1e-06 1.15e-06 2.65e-06 1.65e-06 2.4e-06 5e-07 1.1e-06 1.8e-06 1.1e-06 6e-07 1.65e-06 2.85e-06 2.05e-06 8e-07 3.45e-06 3.15e-06 8.5e-07 1.5e-06 8.5e-07 8.5e-07 2.55e-06
25 1.75e-06 2.65e-06 1.1e-06 2.2e-06 1.5e-06 1.3e-06 1.45e-06 1.45e-06 2.3e-06 1.4e-06 3e-06 3e-06 1.2e-06 2.95e-06 1.45e-06 1.15e-06 1.45e-06 1.15e-06 1.3e-06 1.2e-06 2.75e-06 1.3e-06 1.2e-06 1.55e-06 1.35e-06 1.2e-06 3.15e-06 1.85e-06 1.2e-06 1.45e-06 1.15e-06 2.3e-06 1.5e-06 1.95e-06 1.2e-06 2.35e-06 1.25e-06 1.4e-06 1.25e-06 1.8e-06 1.55e-06 1.6e-06 1.15e-06 2.05e-06 1.55e-06 1.6e-06 1.65e-06 3.05e-06 9.5e-07 1.75e-06 1.55e-06 1.3e-06 2.5e-06 1.15e-06 1.5e-06 1.8e-06 2.4e-06 2.05e-06 1.05e-06 3.3e-06 2.75e-06 1.1e-06 9.5e-07 1.05e-06 1.05e-06 2.8e-06
26 3e-06 2.95e-06 3.15e-06 3e-06 2.85e-06 3e-06 2.8e-06 2.7e-06 2.95e-06 3e-06 3.2e-06 2.7e-06 2.9e-06 2.8e-06 2.65e-06 3e-06 3.05e-06 2.85e-06 2.9e-06 2.95e-06 2.85e-06 3.1e-06 2.95e-06 2.95e-06 2.7e-06 3.15e-06 5.2e-06 2.9e-06 2.9e-06 2.9e-06 3e-06 2.95e-06 3.1e-06 3.05e-06 2.95e-06 2.8e-06 2.95e-06 2.75e-06 3.05e-06 3.15e-06 2.7e-06 3.15e-06 3e-06 3.1e-06 2.9e-06 2.8e-06 2.9e-06 2.8e-06 3.05e-06 3.2e-06 2.9e-06 2.9e-06 2.8e-06 2.9e-06 2.65e-06 3.1e-06 3e-06 3.1e-06 3e-06 2.95e-06 2.85e-06 2.85e-06 3.2e-06 2.95e-06 2.95e-06 3.1e-06
27 2.35e-06 2.5e-06 2e-06 2.35e-06 2.05e-06 1.85e-06 1.85e-06 1.95e-06 2.5e-06 2.05e-06 2.7e-06 2.9e-06 1.75e-06 2.75e-06 1.7e-06 1.9e-06 2.25e-06 1.7e-06 1.9e-06 1.75e-06 2.65e-06 1.95e-06 1.75e-06 2.2e-06 1.9e-06 1.85e-06 2.9e-06 3e-06 2.05e-06 1.85e-06 1.9e-06 2.15e-06 2e-06 2.3e-06 1.6e-06 2.4e-06 1.85e-06 1.95e-06 1.75e-06 2.1e-06 1.95e-06 2.15e-06 1.9e-06 2.25e-06 2.05e-06 2.1e-06 2.1e-06 2.95e-06 1.8e-06 2.1e-06 2.1e-06 1.75e-06 2.35e-06 1.55e-06 1.75e-06 2.05e-06 2.45e-06 2.55e-06 2e-06 2.65e-06 2.65e-06 1.65e-06 1.7e-06 1.75e-06 1.75e-06 2.85e-06
28 1.85e-06 2.25e-06 1.25e-06 2.05e-06 1.25e-06 1.6e-06 1.25e-06 1.2e-06 1.9e-06 1.55e-06 3e-06 2.75e-06 1.35e-06 2.95e-06 1.25e-06 1.2e-06 1.5e-06 1.3e-06 1.3e-06 1.35e-06 2.9e-06 1.65e-06 1.35e-06 1.45e-06 1.1e-06 1.2e-06 2.9e-06 2.05e-06 2.1e-06 1.55e-06 1.2e-06 2.25e-06 1.65e-06 2.1e-06 1.4e-06 1.95e-06 1.3e-06 1.15e-06 1.55e-06 2.05e-06 1.3e-06 1.9e-06 1.2e-06 2.05e-06 1.4e-06 1.5e-06 1.6e-06 2.8e-06 1.2e-06 2.05e-06 1.3e-06 1.45e-06 2.1e-06 1.35e-06 1.3e-06 1.85e-06 2.45e-06 2.1e-06 1.25e-06 3e-06 2.9e-06 1.25e-06 1.4e-06 1.2e-06 1.2e-06 2.55e-06
29 1.25e-06 2.75e-06 1.4e-06 2.4e-06 1.35e-06 1.25e-06 1.3e-06 1.3e-06 2.25e-06 1.1e-06 3.85e-06 3.1e-06 9e-07 2.4e-06 9.5e-07 1.3e-06 1.55e-06 8.5e-07 8.5e-07 9e-07 2.7e-06 1e-06 9e-07 1.4e-06 1.2e-06 1.45e-06 2.9e-06 1.85e-06 1.55e-06 4e-07 1.3e-06 2.25e-06 9.5e-07 2.65e-06 9e-07 1.95e-06 1.05e-06 1.25e-06 5.5e-07 2.2e-06 1.05e-06 1.2e-06 1.3e-06 1.85e-06 9.5e-07 1.1e-06 1.05e-06 3.15e-06 1.15e-06 2.25e-06 1.4e-06 1.25e-06 2.6e-06 8.5e-07 1e-06 2.25e-06 2.55e-06 1.45e-06 1.4e-06 3.45e-06 2.7e-06 8e-07 9.5e-07 1.1e-06 1.1e-06 2.3e-06
30 1.75e-06 2.4e-06 1.25e-06 2.15e-06 1.05e-06 1.5e-06 1.05e-06 1e-06 2.05e-06 1.3e-06 3.4e-06 2.9e-06 1.1e-06 3.05e-06 1e-06 9e-07 1.65e-06 1.05e-06 1.1e-06 1.1e-06 3e-06 1.45e-06 1.1e-06 1.35e-06 9e-07 1.15e-06 3e-06 1.9e-06 1.2e-06 1.3e-06 1.8e-06 2.35e-06 1.4e-06 2.25e-06 1.15e-06 2.05e-06 9.5e-07 9.5e-07 1.3e-06 2.15e-06 1.05e-06 1.7e-06 9e-07 2.15e-06 1.2e-06 1.35e-06 1.4e-06 2.95e-06 1.3e-06 1.95e-06 1.1e-06 1.25e-06 2.25e-06 1.1e-06 1.05e-06 1.65e-06 2.65e-06 2e-06 1.05e-06 3.4e-06 3e-06 1e-06 1.05e-06 1e-06 1e-06 2.7e-06
31 2.5e-06 2.35e-06 2.2e-06 2.35e-06 2.5e-06 2.25e-06 2.4e-06 2.45e-06 2.35e-06 2.3e-06 2.25e-06 2.95e-06 2.25e-06 2.8e-06 2.25e-06 2.35e-06 2.35e-06 2.2e-06 2.35e-06 2.25e-06 2.75e-06 2.35e-06 2.25e-06 2.55e-06 2.35e-06 2.3e-06 2.95e-06 2.15e-06 2.25e-06 2.25e-06 2.35e-06 3.9e-06 2.5e-06 2.25e-06 2.2e-06 2.25e-06 2.3e-06 2.4e-06 2.25e-06 2.15e-06 2.4e-06 2.6e-06 2.35e-06 2.15e-06 2.45e-06 2.45e-06 2.45e-06 3e-06 2.05e-06 2.25e-06 2.55e-06 2.25e-06 2.2e-06 2.15e-06 2.3e-06 2.5e-06 2.25e-06 2.85e-06 2.45e-06 2.05e-06 2.75e-06 2.15e-06 2.2e-06 2.25e-06 2.25e-06 2.65e-06
32 1.45e-06 2.95e-06 1.5e-06 2.5e-06 1.45e-06 1.4e-06 1.4e-06 1.4e-06 2.45e-06 1.3e-06 3.95e-06 3.3e-06 1.05e-06 2.9e-06 1.05e-06 1.4e-06 1.7e-06 1e-06 1.25e-06 1.05e-06 2.95e-06 1.2e-06 1.05e-06 1.5e-06 1.3e-06 1.5e-06 3.1e-06 2e-06 1.65e-06 9.5e-07 1.4e-06 2.5e-06 1.8e-06 2.8e-06 1.05e-06 2.15e-06 1.15e-06 1.35e-06 1e-06 2.35e-06 1.15e-06 1.45e-06 1.4e-06 2.1e-06 1.4e-06 1.2e-06 1.25e-06 3.35e-06 1.3e-06 2.35e-06 1.5e-06 1.4e-06 2.8e-06 1e-06 1.1e-06 2.35e-06 2.7e-06 1.65e-06 1.45e-06 3.65e-06 2.95e-06 9.5e-07 1.05e-06 1.25e-06 1.25e-06 2.6e-06
33 2.95e-06 2.25e-06 2.35e-06 2.3e-06 2.4e-06 2.4e-06 2.4e-06 2.35e-06 2.4e-06 2.65e-06 2e-06 2.75e-06 2.5e-06 2.95e-06 2.55e-06 2.25e-06 2.5e-06 2.45e-06 2.3e-06 2.5e-06 2.9e-06 2.7e-06 2.5e-06 2.55e-06 2.25e-06 1.95e-06 3.05e-06 2.3e-06 2.1e-06 2.65e-06 2.25e-06 2.25e-06 2.8e-06 3.5e-06 2.55e-06 2.6e-06 2.5e-06 2.3e-06 2.65e-06 2.15e-06 2.6e-06 2.95e-06 2.25e-06 2.55e-06 2.5e-06 2.75e-06 2.8e-06 2.8e-06 2.25e-06 2.2e-06 2.45e-06 2.3e-06 2.1e-06 2.5e-06 2.6e-06 2.2e-06 2.4e-06 3.25e-06 2.15e-06 2.25e-06 2.9e-06 2.4e-06 2.45e-06 2.2e-06 2.2e-06 3.1e-06
34 1.4e-06 2.75e-06 1.15e-06 2.25e-06 1.3e-06 1.25e-06 1.1e-06 1.2e-06 2.25e-06 1.1e-06 3.6e-06 3.15e-06 8e-07 2.8e-06 7.5e-07 1.15e-06 1.5e-06 7.5e-07 1.15e-06 8e-07 2.7e-06 1e-06 8e-07 1.45e-06 1.15e-06 1.2e-06 2.95e-06 1.6e-06 1.4e-06 9e-07 1.15e-06 2.2e-06 1.05e-06 2.55e-06 1.1e-06 1.95e-06 9e-07 1.2e-06 8e-07 2e-06 1e-06 1.2e-06 1.15e-06 1.8e-06 1.3e-06 1.15e-06 1.15e-06 3.2e-06 9.5e-07 2e-06 1.35e-06 1.15e-06 2.6e-06 5.5e-07 8e-07 2.1e-06 2.5e-06 1.6e-06 1.25e-06 3.35e-06 2.7e-06 7e-07 7.5e-07 1e-06 1e-06 2.4e-06
35 2.3e-06 2.25e-06 2.2e-06 2.25e-06 1.75e-06 2.5e-06 1.8e-06 1.65e-06 1.65e-06 2.15e-06 3.1e-06 3e-06 1.8e-06 3.05e-06 1.5e-06 2.05e-06 2.35e-06 1.75e-06 1.95e-06 1.85e-06 3.15e-06 2.3e-06 1.85e-06 2.15e-06 1.6e-06 2.35e-06 2.8e-06 2.4e-06 1.95e-06 1.95e-06 2.05e-06 2.25e-06 2.15e-06 2.6e-06 1.95e-06 2.7e-06 1.85e-06 1.65e-06 2.1e-06 2.55e-06 1.45e-06 2.5e-06 2.05e-06 1.8e-06 1.95e-06 1.85e-06 1.95e-06 3.05e-06 2.1e-06 2.6e-06 1.8e-06 2.1e-06 2.1e-06 1.9e-06 1.5e-06 2.7e-06 2.65e-06 2.6e-06 2.05e-06 2.45e-06 3.15e-06 1.75e-06 2.25e-06 2e-06 2e-06 2.1e-06
36 1.5e-06 2.65e-06 1.05e-06 2.1e-06 1.1e-06 1.45e-06 1.1e-06 1.05e-06 2.15e-06 1.05e-06 3.6e-06 3.15e-06 8.5e-07 3e-06 7e-07 9.5e-07 1.55e-06 8e-07 1.15e-06 8e-07 2.95e-06 1.2e-06 8.5e-07 1.4e-06 9.5e-07 1.25e-06 2.95e-06 1.85e-06 1.3e-06 1.05e-06 9.5e-07 2.3e-06 1.15e-06 2.5e-06 9e-07 1.85e-06 1.3e-06 1e-06 1.05e-06 2.15e-06 7.5e-07 1.45e-06 9.5e-07 1.95e-06 1.25e-06 1.1e-06 1.15e-06 3.2e-06 1.1e-06 1.95e-06 1.15e-06 1.2e-06 2.5e-06 8.5e-07 8e-07 1.9e-06 2.6e-06 1.75e-06 1.05e-06 3.35e-06 2.95e-06 7.5e-07 8e-07 1.05e-06 1.05e-06 2.5e-06
37 1.9e-06 2e-06 1.8e-06 2.1e-06 4.5e-07 1.75e-06 6.5e-07 4.5e-07 1.65e-06 1.65e-06 3.85e-06 2.65e-06 1e-06 3.1e-06 6e-07 9.5e-07 1.95e-06 9.5e-07 8.5e-07 1e-06 3.2e-06 1.7e-06 1e-06 1.15e-06 3.5e-07 1.4e-06 2.75e-06 1.95e-06 1.15e-06 1.25e-06 9.5e-07 2.4e-06 1.35e-06 2.3e-06 1.2e-06 1.65e-06 1e-06 7e-07 1.4e-06 2.55e-06 5e-07 1.9e-06 9.5e-07 2.2e-06 8.5e-07 1.15e-06 1.2e-06 2.7e-06 1.7e-06 2.45e-06 5e-07 1.15e-06 1.85e-06 1.15e-06 6.5e-07 1.7e-06 2.9e-06 2.1e-06 8.5e-07 3.5e-06 3.2e-06 9e-07 1.55e-06 9e-07 9e-07 2.6e-06
38 1.3e-06 2.9e-06 1.25e-06 2.4e-06 1.5e-06 1.15e-06 1.4e-06 1.45e-06 2.4e-06 1.1e-06 3.7e-06 3.25e-06 8.5e-07 2.6e-06 1.05e-06 1.3e-06 1.5e-06 8e-07 1.05e-06 8.5e-07 2.65e-06 9e-07 8.5e-07 1.5e-06 1.35e-06 1.25e-06 3.05e-06 1.75e-06 1.55e-06 5.5e-07 1.3e-06 2.25e-06 1e-06 2.65e-06 8e-07 2.1e-06 1.05e-06 1.4e-06 9e-07 2e-06 1.2e-06 1.15e-06 1.3e-06 1.8e-06 1.25e-06 1.2e-06 1.15e-06 3.3e-06 9.5e-07 2.1e-06 1.55e-06 1.2e-06 2.75e-06 7.5e-07 1.1e-06 2.25e-06 2.5e-06 1.55e-06 1.4e-06 3.45e-06 2.65e-06 7.5e-07 7.5e-07 1.05e-06 1.05e-06 2.45e-06
39 2.35e-06 2.75e-06 1.7e-06 2.1e-06 2.65e-06 2.05e-06 2.5e-06 2.6e-06 2.6e-06 2.05e-06 1.85e-06 3.1e-06 2.1e-06 2.8e-06 2.4e-06 2.15e-06 2e-06 2.05e-06 2.3e-06 2.1e-06 2.6e-06 2e-06 2.1e-06 2.5e-06 2.5e-06 1.8e-06 3.15e-06 2.1e-06 2.05e-06 2.2e-06 2.15e-06 2.15e-06 2.35e-06 2.15e-06 2e-06 2.55e-06 2.15e-06 2.55e-06 2e-06 3.1e-06 2.6e-06 2.3e-06 2.15e-06 2.1e-06 2.55e-06 2.45e-06 2.45e-06 3.15e-06 1.55e-06 1.7e-06 2.7e-06 2.25e-06 2.6e-06 1.95e-06 2.45e-06 2.45e-06 2.15e-06 2.7e-06 2.3e-06 2.15e-06 2.6e-06 2e-06 1.7e-06 2.05e-06 2.05e-06 2.8e-06
40 1.7e-06 2.3e-06 1.65e-06 2.1e-06 6e-07 1.75e-06 7.5e-07 5e-07 1.8e-06 1.45e-06 4.1e-06 2.95e-06 7.5e-07 3.1e-06 3.5e-07 1.05e-06 1.9e-06 7e-07 9.5e-07 7.5e-07 3.2e-06 1.5e-06 8e-07 1.25e-06 4.5e-07 1.55e-06 2.7e-06 1.95e-06 1.3e-06 1.05e-06 1.05e-06 2.4e-06 1.15e-06 2.6e-06 1e-06 1.45e-06 7.5e-07 5e-07 1.2e-06 2.6e-06 3e-07 1.7e-06 1.05e-06 2.05e-06 9.5e-07 8.5e-07 1e-06 3e-06 1.55e-06 2.5e-06 6.5e-07 1.05e-06 2.15e-06 9.5e-07 4e-07 2e-06 2.9e-06 1.9e-06 9e-07 3.5e-06 3.2e-06 7e-07 1.35e-06 1e-06 1e-06 2.45e-06
41 1.3e-06 3.3e-06 1.5e-06 2.7e-06 2e-06 1.45e-06 1.8e-06 1.9e-06 2.8e-06 1.25e-06 3.8e-06 3.35e-06 1.35e-06 2.8e-06 1.45e-06 1.7e-06 1.6e-06 1.3e-06 1.65e-06 1.35e-06 2.75e-06 1.15e-06 1.35e-06 1.8e-06 1.85e-06 1.6e-06 3.15e-06 2.15e-06 1.9e-06 1.2e-06 1.7e-06 2.6e-06 1.45e-06 2.95e-06 1.2e-06 2.5e-06 1.45e-06 1.9e-06 1.15e-06 2.3e-06 1.7e-06 1.9e-06 1.7e-06 2.2e-06 1.8e-06 1.5e-06 1.45e-06 3.4e-06 1.3e-06 2.4e-06 2.05e-06 1.7e-06 3.15e-06 1.15e-06 1.5e-06 2.65e-06 2.55e-06 1.15e-06 1.8e-06 3.65e-06 2.75e-06 1.25e-06 1.15e-06 1.55e-06 1.55e-06 2.15e-06
42 1.75e-06 2.4e-06 1.25e-06 2.15e-06 1.05e-06 1.5e-06 1.05e-06 1e-06 2.05e-06 1.3e-06 3.4e-06 2.9e-06 1.1e-06 3.05e-06 1e-06 9e-07 1.65e-06 1.05e-06 1.1e-06 1.1e-06 3e-06 1.45e-06 1.1e-06 1.35e-06 9e-07 1.15e-06 3e-06 1.9e-06 1.2e-06 1.3e-06 9e-07 2.35e-06 1.4e-06 2.25e-06 1.15e-06 2.05e-06 9.5e-07 9.5e-07 1.3e-06 2.15e-06 1.05e-06 1.7e-06 1.8e-06 2.15e-06 1.2e-06 1.35e-06 1.4e-06 2.95e-06 1.3e-06 1.95e-06 1.1e-06 1.25e-06 2.25e-06 1.1e-06 1.05e-06 1.65e-06 2.65e-06 2e-06 1.05e-06 3.4e-06 3e-06 1e-06 1.05e-06 1e-06 1e-06 2.7e-06
43 2.15e-06 2.65e-06 1.85e-06 2.35e-06 2.3e-06 2.15e-06 2.2e-06 2.25e-06 2.05e-06 1.95e-06 2.75e-06 3.25e-06 1.85e-06 2.9e-06 1.9e-06 2.15e-06 2.1e-06 1.8e-06 2.1e-06 1.8e-06 2.85e-06 1.9e-06 1.85e-06 2.35e-06 2.15e-06 2.05e-06 3.1e-06 2.25e-06 2.05e-06 1.85e-06 2.15e-06 2.15e-06 2.1e-06 2.55e-06 1.8e-06 1.8e-06 1.95e-06 2.2e-06 1.8e-06 2.1e-06 2.05e-06 2.2e-06 2.15e-06 3.2e-06 2.25e-06 2.1e-06 2.1e-06 3.3e-06 1.65e-06 2.25e-06 2.35e-06 2.15e-06 2.5e-06 1.75e-06 1.95e-06 2.8e-06 2.4e-06 2.5e-06 2.25e-06 2.4e-06 2.85e-06 1.75e-06 1.8e-06 2e-06 2e-06 2.2e-06
44 1.75e-06 2.2e-06 1.85e-06 2.35e-06 8.5e-07 1.65e-06 9e-07 9e-07 1.95e-06 1.6e-06 3.9e-06 2.8e-06 1.2e-06 2.9e-06 9.5e-07 1.2e-06 1.9e-06 1.15e-06 9.5e-07 1.2e-06 3.1e-06 1.6e-06 1.1e-06 1.3e-06 8e-07 1.55e-06 2.9e-06 2.05e-06 1.4e-06 9.5e-07 1.2e-06 2.45e-06 1.4e-06 2.5e-06 1.3e-06 1.95e-06 1.25e-06 8.5e-07 1.25e-06 2.55e-06 9.5e-07 1.8e-06 1.2e-06 2.25e-06 1.6e-06 1.3e-06 1.3e-06 2.75e-06 1.7e-06 2.5e-06 9e-07 1.35e-06 2.15e-06 1.25e-06 1e-06 1.85e-06 2.85e-06 1.95e-06 1.2e-06 3.6e-06 3.1e-06 1.1e-06 1.55e-06 1.1e-06 1.1e-06 2.6e-06
45 1.2e-06 2.7e-06 1.5e-06 2.35e-06 1.25e-06 1.35e-06 1.25e-06 1.15e-06 2.2e-06 1.2e-06 3.85e-06 3.05e-06 1.05e-06 2.9e-06 9e-07 1.35e-06 1.55e-06 1e-06 1.3e-06 1.1e-06 2.95e-06 1.25e-06 1.1e-06 1.2e-06 1.1e-06 1.6e-06 2.8e-06 2.1e-06 1.5e-06 1.1e-06 1.35e-06 2.45e-06 1.2e-06 2.75e-06 1.15e-06 1.85e-06 1.1e-06 1.15e-06 1.2e-06 2.45e-06 8.5e-07 1.5e-06 1.35e-06 2.1e-06 1.3e-06 1.6e-06 1.1e-06 3.1e-06 1.4e-06 2.45e-06 1.3e-06 1.35e-06 2.55e-06 1.1e-06 9e-07 2.3e-06 2.5e-06 1.35e-06 1.35e-06 3.45e-06 2.95e-06 1e-06 1.3e-06 1.3e-06 1.3e-06 2.35e-06
46 1e-06 2.75e-06 1.6e-06 2.4e-06 1.3e-06 1.5e-06 1.3e-06 1.25e-06 2.25e-06 1.25e-06 3.9e-06 3.1e-06 1.1e-06 2.9e-06 9.5e-07 1.4e-06 1.45e-06 1.05e-06 1.3e-06 1.1e-06 2.95e-06 1.05e-06 1.1e-06 1.4e-06 1.15e-06 1.65e-06 2.9e-06 2.1e-06 1.6e-06 1.05e-06 1.4e-06 2.45e-06 1.25e-06 2.8e-06 1.15e-06 1.95e-06 1.15e-06 1.2e-06 1.15e-06 2.45e-06 1e-06 1.45e-06 1.4e-06 2.1e-06 1.3e-06 1.1e-06 1.7e-06 3.15e-06 1.45e-06 2.5e-06 1.35e-06 1.45e-06 2.6e-06 1.1e-06 1e-06 2.35e-06 2.5e-06 1.5e-06 1.4e-06 3.5e-06 2.95e-06 1e-06 1.3e-06 1.3e-06 1.3e-06 2.35e-06
47 3.25e-06 2.6e-06 3.35e-06 3e-06 2.7e-06 3.05e-06 2.65e-06 2.7e-06 2.85e-06 3.25e-06 3e-06 2.5e-06 3.2e-06 2.85e-06 2.9e-06 2.95e-06 3.15e-06 3.15e-06 2.85e-06 3.2e-06 2.95e-06 3.35e-06 3.1e-06 2.9e-06 2.65e-06 3.05e-06 2.8e-06 2.95e-06 2.8e-06 3.15e-06 2.95e-06 3e-06 3.35e-06 2.8e-06 3.2e-06 3.05e-06 3.2e-06 2.7e-06 3.3e-06 3.15e-06 3e-06 3.4e-06 2.95e-06 3.3e-06 2.75e-06 3.1e-06 3.15e-06 4.9e-06 3.25e-06 3.2e-06 2.75e-06 3e-06 2.55e-06 3.15e-06 2.95e-06 2.75e-06 3.05e-06 3.35e-06 2.95e-06 3e-06 2.95e-06 3.1e-06 3.45e-06 2.9e-06 2.9e-06 3.3e-06
48 1.4e-06 2.85e-06 6.5e-07 2.1e-06 1.8e-06 1.15e-06 1.65e-06 1.75e-06 2.35e-06 1.05e-06 2.8e-06 3.2e-06 1.05e-06 2.7e-06 1.35e-06 1.3e-06 1.1e-06 1e-06 1.45e-06 1.05e-06 2.5e-06 1e-06 1.05e-06 1.65e-06 1.65e-06 9.5e-07 3.05e-06 1.8e-06 1.2e-06 1.15e-06 1.3e-06 2.05e-06 1.3e-06 2.25e-06 9.5e-07 2.1e-06 1.1e-06 1.7e-06 9.5e-07 1.55e-06 1.55e-06 1.3e-06 1.3e-06 1.65e-06 1.7e-06 1.4e-06 1.45e-06 3.25e-06 1e-06 1.65e-06 1.85e-06 1.35e-06 2.7e-06 9e-07 1.4e-06 2.15e-06 2.1e-06 1.7e-06 1.45e-06 2.85e-06 2.5e-06 9.5e-07 6.5e-07 1.2e-06 1.2e-06 2.4e-06
49 2.5e-06 2.8e-06 1.6e-06 2.15e-06 2.55e-06 2.15e-06 2.4e-06 2.5e-06 2.65e-06 2e-06 1.95e-06 3.15e-06 2.1e-06 2.95e-06 2.3e-06 1.95e-06 2.1e-06 2.05e-06 2.3e-06 2.1e-06 2.75e-06 2.1e-06 2.1e-06 2.5e-06 2.4e-06 1.75e-06 3.2e-06 2.1e-06 2.05e-06 2.25e-06 1.95e-06 2.25e-06 2.35e-06 2.2e-06 2e-06 2.6e-06 1.95e-06 2.45e-06 2.1e-06 1.7e-06 2.5e-06 2.4e-06 1.95e-06 2.25e-06 2.5e-06 2.45e-06 2.5e-06 3.2e-06 1.65e-06 2.9e-06 2.6e-06 2.25e-06 2.65e-06 1.95e-06 2.35e-06 2.25e-06 2.35e-06 2.8e-06 2.2e-06 2.35e-06 2.75e-06 2e-06 1.6e-06 2.05e-06 2.05e-06 2.95e-06
50 2.05e-06 2.05e-06 1.95e-06 2.25e-06 5e-07 1.9e-06 7e-07 6e-07 1.8e-06 1.8e-06 4e-06 2.8e-06 1.15e-06 3.25e-06 7.5e-07 1.1e-06 2.1e-06 1.1e-06 1e-06 1.15e-06 3.35e-06 1.85e-06 1.05e-06 1.3e-06 5e-07 1.55e-06 2.9e-06 2.1e-06 1.3e-06 1.4e-06 1.1e-06 2.55e-06 1.5e-06 2.45e-06 1.35e-06 1.8e-06 1.15e-06 5e-07 1.55e-06 2.7e-06 6.5e-07 2.05e-06 1.1e-06 2.35e-06 9e-07 1.3e-06 1.35e-06 2.75e-06 1.85e-06 2.6e-06 1e-06 1.3e-06 2e-06 1.3e-06 8e-07 1.75e-06 3.05e-06 2.25e-06 1e-06 3.65e-06 3.35e-06 1.05e-06 1.7e-06 1.05e-06 1.05e-06 2.75e-06
51 1.85e-06 2.45e-06 1.55e-06 2.35e-06 1.25e-06 1.35e-06 1.25e-06 1.15e-06 2.25e-06 1.55e-06 3.5e-06 2.95e-06 1.05e-06 2.9e-06 1.1e-06 1.25e-06 1.8e-06 1e-06 1.2e-06 1.1e-06 2.85e-06 1.45e-06 1.1e-06 1.55e-06 1.1e-06 1.3e-06 2.9e-06 1.75e-06 1.45e-06 1.25e-06 1.25e-06 2.25e-06 1.4e-06 2.3e-06 1.15e-06 2.1e-06 1.2e-06 1.15e-06 1.2e-06 2.25e-06 1.05e-06 1.7e-06 1.25e-06 2.15e-06 1.35e-06 1.35e-06 1.45e-06 3e-06 1.35e-06 2.25e-06 1.3e-06 2e-06 2.3e-06 1.1e-06 1.1e-06 1.85e-06 2.6e-06 2.1e-06 1.25e-06 3.4e-06 2.85e-06 1e-06 1.2e-06 1.1e-06 1.1e-06 2.8e-06
52 2.95e-06 1.75e-06 2.8e-06 2.3e-06 1.95e-06 2.65e-06 2e-06 1.9e-06 1.9e-06 2.8e-06 2.45e-06 2.5e-06 2.5e-06 3e-06 2.15e-06 2.25e-06 2.75e-06 2.45e-06 2.15e-06 2.5e-06 3.1e-06 2.95e-06 2.5e-06 2.35e-06 1.8e-06 2.5e-06 2.8e-06 2.35e-06 2.1e-06 2.6e-06 2.25e-06 2.2e-06 2.8e-06 2.1e-06 2.6e-06 2.1e-06 2.5e-06 1.85e-06 2.75e-06 2.6e-06 2.15e-06 3.15e-06 2.25e-06 2.5e-06 2.15e-06 2.55e-06 2.6e-06 2.55e-06 2.7e-06 2.65e-06 2e-06 2.3e-06 3.2e-06 2.55e-06 2.2e-06 2.2e-06 2.6e-06 3.25e-06 2.25e-06 2.2e-06 3.1e-06 2.4e-06 2.9e-06 2.2e-06 2.2e-06 2.8e-06
53 1.35e-06 2.7e-06 1.1e-06 2.2e-06 1.25e-06 1.2e-06 1.05e-06 1.15e-06 2.2e-06 1.05e-06 3.55e-06 3.1e-06 7.5e-07 2.75e-06 7e-07 1.1e-06 1.45e-06 7e-07 1.1e-06 7.5e-07 2.65e-06 9.5e-07 7.5e-07 1.4e-06 1.1e-06 1.15e-06 2.9e-06 1.55e-06 1.35e-06 8.5e-07 1.1e-06 2.15e-06 1e-06 2.5e-06 5.5e-07 1.9e-06 8.5e-07 1.15e-06 7.5e-07 1.95e-06 9.5e-07 1.15e-06 1.1e-06 1.75e-06 1.25e-06 1.1e-06 1.1e-06 3.15e-06 9e-07 1.95e-06 1.3e-06 1.1e-06 2.55e-06 1e-06 7.5e-07 2.05e-06 2.45e-06 1.55e-06 1.2e-06 3.3e-06 2.65e-06 6.5e-07 7e-07 9.5e-07 9.5e-07 2.35e-06
54 1.55e-06 2.35e-06 1.5e-06 2.15e-06 7.5e-07 1.6e-06 7e-07 6e-07 1.85e-06 1.3e-06 3.95e-06 2.9e-06 7e-07 2.95e-06 3.5e-07 1.05e-06 1.75e-06 7e-07 1e-06 8e-07 3e-06 1.35e-06 8e-07 1.25e-06 6e-07 1.5e-06 2.65e-06 1.75e-06 1.3e-06 1e-06 1.05e-06 2.3e-06 1.1e-06 2.6e-06 8e-07 1.5e-06 8e-07 6.5e-07 1.1e-06 2.45e-06 4e-07 1.5e-06 1.05e-06 1.95e-06 1e-06 9e-07 1e-06 2.95e-06 1.4e-06 2.35e-06 8e-07 1.1e-06 2.2e-06 7.5e-07 6e-07 2e-06 2.75e-06 1.7e-06 1.05e-06 3.4e-06 3e-06 7e-07 1.2e-06 1e-06 1e-06 2.3e-06
55 2.7e-06 2.25e-06 2.1e-06 2.45e-06 1.7e-06 2.1e-06 1.7e-06 1.75e-06 2.5e-06 2.25e-06 2.9e-06 2.8e-06 2.05e-06 3.15e-06 1.95e-06 1.65e-06 2.4e-06 2e-06 1.85e-06 2.05e-06 3.1e-06 2.4e-06 1.95e-06 2.1e-06 1.65e-06 1.8e-06 3.1e-06 2.05e-06 1.85e-06 2.25e-06 1.65e-06 2.5e-06 2.35e-06 2.2e-06 2.1e-06 2.7e-06 1.9e-06 1.7e-06 2.25e-06 2.45e-06 2e-06 2.65e-06 1.65e-06 2.8e-06 1.85e-06 2.3e-06 2.35e-06 2.75e-06 2.15e-06 2.25e-06 1.75e-06 1.85e-06 2.2e-06 2.05e-06 2e-06 2.9e-06 2.8e-06 2.95e-06 1.8e-06 3.1e-06 3.1e-06 1.95e-06 2e-06 1.75e-06 1.75e-06 3.35e-06
56 1.9e-06 2.75e-06 2.2e-06 2.5e-06 3e-06 2.15e-06 2.85e-06 2.95e-06 2.75e-06 2.1e-06 2.05e-06 3e-06 2.6e-06 2.75e-06 2.7e-06 2.65e-06 2.05e-06 2.55e-06 2.75e-06 2.6e-06 2.65e-06 2.2e-06 2.6e-06 2.6e-06 2.85e-06 2.4e-06 3e-06 2.45e-06 2.45e-06 2.55e-06 2.65e-06 2.25e-06 2.7e-06 2.4e-06 2.5e-06 2.65e-06 2.6e-06 2.9e-06 2.5e-06 2.15e-06 2.9e-06 2.55e-06 2.65e-06 2.4e-06 2.85e-06 2.5e-06 2.5e-06 3.05e-06 2.1e-06 2.35e-06 3.05e-06 2.6e-06 2.6e-06 2.45e-06 2.75e-06 2.8e-06 3.5e-06 2.5e-06 2.75e-06 2.1e-06 2.65e-06 2.5e-06 2.35e-06 2.6e-06 2.6e-06 2.65e-06
57 1.05e-06 3.4e-06 1.8e-06 2.9e-06 2.2e-06 1.5e-06 2e-06 2.1e-06 2.9e-06 1.3e-06 4e-06 3.3e-06 1.75e-06 2.85e-06 1.65e-06 2e-06 1.6e-06 1.7e-06 1.95e-06 1.75e-06 2.9e-06 1.35e-06 1.75e-06 1.6e-06 2.05e-06 2.05e-06 3.1e-06 2.55e-06 2.1e-06 1.45e-06 2e-06 2.85e-06 1.65e-06 3.25e-06 1.6e-06 2.6e-06 1.75e-06 2.1e-06 1.55e-06 2.7e-06 1.9e-06 1.15e-06 2e-06 2.5e-06 1.95e-06 1.35e-06 1.5e-06 3.35e-06 1.7e-06 2.8e-06 2.25e-06 2.1e-06 3.25e-06 1.55e-06 1.7e-06 2.95e-06 2.5e-06 1.5e-06 2.1e-06 3.75e-06 2.9e-06 1.65e-06 1.65e-06 1.95e-06 1.95e-06 2.05e-06
58 1.85e-06 2.4e-06 1.55e-06 2.15e-06 9.5e-07 1.6e-06 1.05e-06 9e-07 2.05e-06 1.55e-06 3.6e-06 2.9e-06 1.1e-06 3.15e-06 9.5e-07 1.05e-06 1.8e-06 1.05e-06 1.1e-06 1.05e-06 3.1e-06 1.55e-06 1.1e-06 1.35e-06 8e-07 1.05e-06 3e-06 2e-06 1.25e-06 1.4e-06 1.05e-06 2.45e-06 1.45e-06 2.15e-06 1.25e-06 2.05e-06 1.05e-06 8.5e-07 1.4e-06 2.3e-06 9e-07 1.8e-06 1.05e-06 2.25e-06 1.2e-06 1.35e-06 1.4e-06 2.95e-06 1.45e-06 2.2e-06 1e-06 1.25e-06 2.25e-06 1.2e-06 1.05e-06 1.8e-06 2.75e-06 2.1e-06 1.6e-06 3.55e-06 3.1e-06 1e-06 1.3e-06 1e-06 1e-06 2.8e-06
59 3.35e-06 2.35e-06 2.9e-06 2.3e-06 3.6e-06 3.3e-06 3.5e-06 3.55e-06 2.55e-06 3.2e-06 1.1e-06 2.95e-06 3.4e-06 2.85e-06 3.35e-06 3.4e-06 3e-06 3.35e-06 3.5e-06 3.4e-06 2.8e-06 3.4e-06 3.4e-06 3.55e-06 3.45e-06 3.3e-06 2.95e-06 2.65e-06 3e-06 3.45e-06 3.4e-06 2.05e-06 3.65e-06 2.25e-06 3.35e-06 2.45e-06 3.35e-06 3.5e-06 3.45e-06 2.15e-06 3.5e-06 3.65e-06 3.4e-06 2.4e-06 3.6e-06 3.45e-06 3.5e-06 3e-06 2.85e-06 2.35e-06 3.65e-06 3.4e-06 2.2e-06 3.3e-06 3.4e-06 3.1e-06 2.1e-06 3.75e-06 3.55e-06 1.7e-06 2.8e-06 3.3e-06 3.3e-06 3.4e-06 3.4e-06 2.75e-06
60 2.75e-06 3.25e-06 2.7e-06 3e-06 3.3e-06 2.55e-06 3.1e-06 3.2e-06 3.25e-06 2.7e-06 2.75e-06 2.85e-06 2.85e-06 2.55e-06 2.95e-06 3e-06 2.7e-06 2.8e-06 2.95e-06 2.85e-06 2.45e-06 2.65e-06 2.85e-06 3.05e-06 3.15e-06 2.75e-06 2.85e-06 2.65e-06 2.9e-06 2.7e-06 3e-06 2.75e-06 2.95e-06 2.9e-06 2.7e-06 3.15e-06 2.95e-06 3.2e-06 2.65e-06 2.6e-06 3.2e-06 2.75e-06 3e-06 2.85e-06 3.1e-06 2.95e-06 2.95e-06 2.95e-06 2.5e-06 2.75e-06 3.35e-06 2.85e-06 3.1e-06 2.65e-06 3e-06 3.1e-06 2.65e-06 2.9e-06 3.1e-06 2.8e-06 4.9e-06 2.75e-06 2.65e-06 2.85e-06 2.85e-06 3.1e-06
61 1.4e-06 2.55e-06 1.15e-06 2.1e-06 1e-06 1.25e-06 1e-06 9.5e-07 2.05e-06 1.1e-06 3.6e-06 3.05e-06 6.5e-07 2.8e-06 6.5e-07 1e-06 1.5e-06 6e-07 9.5e-07 6.5e-07 2.75e-06 1e-06 6.5e-07 1.3e-06 8.5e-07 1.1e-06 2.85e-06 1.65e-06 1.25e-06 8e-07 1e-06 2.15e-06 9.5e-07 2.4e-06 7e-07 1.75e-06 7.5e-07 9e-07 7.5e-07 2e-06 7e-07 1.25e-06 1e-06 1.75e-06 1.1e-06 1e-06 1e-06 3.1e-06 9.5e-07 2e-06 1.05e-06 1e-06 2.4e-06 6.5e-07 7e-07 1.95e-06 2.5e-06 1.65e-06 1e-06 3.3e-06 2.75e-06 1.1e-06 7.5e-07 8.5e-07 8.5e-07 2.4e-06
62 1.35e-06 3.05e-06 7e-07 2.25e-06 1.65e-06 1.1e-06 1.5e-06 1.6e-06 2.55e-06 8.5e-07 3.25e-06 3.4e-06 8.5e-07 2.85e-06 1.15e-06 1.05e-06 1.3e-06 8e-07 1.3e-06 8.5e-07 2.65e-06 8.5e-07 8.5e-07 1.6e-06 1.5e-06 9.5e-07 3.2e-06 1.7e-06 1.4e-06 9.5e-07 1.05e-06 2.2e-06 1.05e-06 2.45e-06 7.5e-07 2.25e-06 8e-07 1.55e-06 7.5e-07 1.7e-06 1.35e-06 1.15e-06 1.05e-06 1.8e-06 1.55e-06 1.3e-06 1.3e-06 3.45e-06 6.5e-07 1.6e-06 1.7e-06 1.2e-06 2.9e-06 7e-07 1.2e-06 2e-06 2.35e-06 1.65e-06 1.3e-06 3.3e-06 2.65e-06 7.5e-07 6e-07 1.05e-06 1.05e-06 2.6e-06
63 1.7e-06 2.35e-06 1.4e-06 2.15e-06 1e-06 1.35e-06 1e-06 9.5e-07 2e-06 1.4e-06 3.45e-06 2.85e-06 9.5e-07 2.9e-06 9.5e-07 1e-06 1.65e-06 9e-07 9.5e-07 9.5e-07 2.85e-06 1.3e-06 9.5e-07 1.3e-06 8.5e-07 1.05e-06 2.95e-06 1.75e-06 1.2e-06 1.1e-06 1e-06 2.25e-06 1.25e-06 2.2e-06 1e-06 2e-06 1.05e-06 9e-07 1.05e-06 2.05e-06 1e-06 1.55e-06 1e-06 2e-06 1.1e-06 1.3e-06 1.3e-06 2.9e-06 1.2e-06 2.05e-06 1.05e-06 1.1e-06 2.2e-06 9.5e-07 1e-06 1.75e-06 2.6e-06 1.95e-06 1e-06 3.4e-06 2.85e-06 8.5e-07 1.05e-06 1.7e-06 8.5e-07 2.65e-06
64 1.7e-06 2.35e-06 1.4e-06 2.15e-06 1e-06 1.35e-06 1e-06 9.5e-07 2e-06 1.4e-06 3.45e-06 2.85e-06 9.5e-07 2.9e-06 9.5e-07 1e-06 1.65e-06 9e-07 9.5e-07 9.5e-07 2.85e-06 1.3e-06 9.5e-07 1.3e-06 8.5e-07 1.05e-06 2.95e-06 1.75e-06 1.2e-06 1.1e-06 1e-06 2.25e-06 1.25e-06 2.2e-06 1e-06 2e-06 1.05e-06 9e-07 1.05e-06 2.05e-06 1e-06 1.55e-06 1e-06 2e-06 1.1e-06 1.3e-06 1.3e-06 2.9e-06 1.2e-06 2.05e-06 1.05e-06 1.1e-06 2.2e-06 9.5e-07 1e-06 1.75e-06 2.6e-06 1.95e-06 1e-06 3.4e-06 2.85e-06 8.5e-07 1.05e-06 8.5e-07 1.7e-06 2.65e-06
65 2.15e-06 2.95e-06 2.5e-06 2.8e-06 2.7e-06 2.65e-06 2.55e-06 2.6e-06 2.35e-06 2.25e-06 3.25e-06 3.25e-06 2.5e-06 3e-06 2.25e-06 2.7e-06 2.4e-06 2.45e-06 2.6e-06 2.5e-06 3.1e-06 2.4e-06 2.5e-06 2.6e-06 2.55e-06 2.8e-06 3.1e-06 2.85e-06 2.55e-06 2.3e-06 2.7e-06 2.65e-06 2.6e-06 3.1e-06 2.4e-06 2.1e-06 2.5e-06 2.6e-06 2.45e-06 2.8e-06 2.45e-06 2.15e-06 2.7e-06 2.2e-06 2.6e-06 2.35e-06 2.35e-06 3.3e-06 2.4e-06 2.95e-06 2.75e-06 2.8e-06 2.8e-06 2.35e-06 2.3e-06 3.35e-06 2.65e-06 2.05e-06 2.8e-06 2.75e-06 3.1e-06 2.4e-06 2.6e-06 2.65e-06 2.65e-06 3.6e-06
