 slim_762505904 slim_762505871 slim_762505906 slim_762505854 slim_762505869 slim_762505850 slim_762505861 slim_762505863 slim_762505872 slim_762505865 slim_762505842 slim_762505878 slim_762505882 slim_762505875 slim_762505846 slim_762505862 slim_762505843 slim_762505851 slim_762505857 slim_762505860 slim_762505859 slim_762505905 slim_762505885 slim_762505893 slim_762505849 slim_762505899 slim_762505877 slim_762505855 slim_762505868 slim_762505889 slim_762505876 slim_762505870 slim_762505900 slim_762505873 slim_762505891 slim_762505884 slim_762505901 slim_762505848 slim_762505879 slim_762505845 slim_762505897 slim_762505886 slim_762505902 slim_762505896 slim_762505867 slim_762505853 slim_762505895 slim_762505888 slim_762505874 slim_762505852 slim_762505866 slim_762505858 slim_762505844 slim_762505898 slim_762505903 slim_762505847 slim_762505864 slim_762505887 slim_762505894 slim_762505880 slim_762505892 slim_762505883 slim_762505856 slim_762505881 slim_762505890
0 1e-06 2.7e-06 2.45e-06 3.65e-06 4.35e-06 3.4e-06 1.35e-06 2.65e-06 2.3e-06 2.3e-06 1.25e-06 1.6e-06 3.65e-06 3.5e-06 1.6e-06 3.1e-06 1.85e-06 3.6e-06 3.75e-06 1.95e-06 3.45e-06 1.75e-06 3e-06 3e-06 3.4e-06 2e-06 2e-06 3.15e-06 3.25e-06 2.2e-06 1.95e-06 1.05e-06 1.1e-06 2.6e-06 2.6e-06 3.6e-06 3.1e-06 1.7e-06 3.65e-06 3.3e-06 1.95e-06 3.85e-06 3.2e-06 1.65e-06 2.6e-06 9.5e-07 1.25e-06 1e-06 1.7e-06 3.35e-06 4.15e-06 4.25e-06 2.7e-06 3.75e-06 2.35e-06 3.05e-06 4.25e-06 3.05e-06 3.65e-06 3.8e-06 4.2e-06 2.45e-06 1.85e-06 2.3e-06 3.2e-06
1 2.7e-06 2.9e-06 2.75e-06 3.2e-06 3.8e-06 3.8e-06 2.8e-06 2.65e-06 3.8e-06 3.3e-06 2.8e-06 3.25e-06 3.05e-06 3.1e-06 2.25e-06 3.95e-06 2.95e-06 3.05e-06 3.4e-06 3.2e-06 3.8e-06 3.35e-06 3.55e-06 2.55e-06 2.7e-06 2.15e-06 2.65e-06 3.85e-06 3.05e-06 2.65e-06 1.5e-06 3e-06 2.6e-06 2.5e-06 2.6e-06 3.35e-06 4.05e-06 2.2e-06 2.2e-06 3.9e-06 3.15e-06 2.85e-06 3.35e-06 3.4e-06 2.65e-06 2.5e-06 2.2e-06 2.45e-06 3.25e-06 3.15e-06 3.7e-06 4.3e-06 2.75e-06 2.7e-06 3.4e-06 2.8e-06 4e-06 2.7e-06 2.5e-06 2.15e-06 4.05e-06 3.3e-06 3.3e-06 3.55e-06 3.15e-06
2 2.45e-06 2.75e-06 4.1e-06 3.4e-06 3.7e-06 3.75e-06 2.55e-06 2.35e-06 3.35e-06 3.2e-06 2.6e-06 3e-06 3.55e-06 2.8e-06 2.6e-06 3.9e-06 2.85e-06 3.4e-06 3.3e-06 3e-06 3.8e-06 3.3e-06 3.55e-06 3.45e-06 3.15e-06 2.8e-06 3e-06 3.6e-06 2.65e-06 2.95e-06 2.7e-06 2.8e-06 2.5e-06 2.65e-06 2.05e-06 3.55e-06 3.95e-06 3e-06 2.45e-06 3.85e-06 2.7e-06 3.35e-06 2.75e-06 2.9e-06 2.35e-06 2.3e-06 2.8e-06 2.3e-06 3e-06 2.65e-06 3.75e-06 4.3e-06 2.25e-06 3.45e-06 3.55e-06 3.6e-06 4.35e-06 3.45e-06 3.4e-06 2.35e-06 4.55e-06 3.35e-06 2.85e-06 3.7e-06 2.85e-06
3 3.65e-06 3.2e-06 3.4e-06 4.7e-06 2.95e-06 3.05e-06 3.65e-06 3.5e-06 4.2e-06 3.25e-06 3.95e-06 3.75e-06 2.35e-06 3.45e-06 3.4e-06 3.4e-06 3.6e-06 2.6e-06 2.55e-06 3.9e-06 3.1e-06 3.9e-06 3.4e-06 3.05e-06 3.4e-06 3.4e-06 3.8e-06 3.75e-06 3.3e-06 3.55e-06 3.3e-06 3.75e-06 3.85e-06 3.35e-06 3.35e-06 2.5e-06 3.5e-06 3.4e-06 2.9e-06 3.15e-06 3.2e-06 2.65e-06 3.8e-06 3.9e-06 3.5e-06 3.7e-06 3.6e-06 3.65e-06 4.05e-06 3.4e-06 2.7e-06 2.7e-06 3.55e-06 2.65e-06 3.1e-06 2.95e-06 2.4e-06 2.8e-06 2.85e-06 3.1e-06 2.9e-06 3.1e-06 3.8e-06 3.25e-06 3.3e-06
4 4.35e-06 3.8e-06 3.7e-06 2.95e-06 4.6e-06 2.75e-06 4.3e-06 3.85e-06 4.4e-06 3.5e-06 4.2e-06 3.8e-06 2.8e-06 3.2e-06 4.15e-06 3.4e-06 3.6e-06 3.1e-06 3.15e-06 3.85e-06 2.8e-06 4.6e-06 3.2e-06 3.35e-06 3.35e-06 4.05e-06 4.55e-06 4.05e-06 3.15e-06 3.55e-06 4.05e-06 4.5e-06 4.4e-06 3.9e-06 3.6e-06 2.95e-06 3.75e-06 4.1e-06 3.4e-06 2.7e-06 3.55e-06 2.85e-06 4.15e-06 4.65e-06 3.85e-06 4.25e-06 4.35e-06 4.2e-06 4.4e-06 3.15e-06 2.5e-06 2.6e-06 3.8e-06 2.9e-06 3.5e-06 3.2e-06 2.5e-06 3.2e-06 3e-06 3.3e-06 2.65e-06 3.25e-06 4.2e-06 3.5e-06 3.3e-06
5 3.4e-06 3.8e-06 3.75e-06 3.05e-06 2.75e-06 2.9e-06 3.55e-06 3.7e-06 4.15e-06 2.65e-06 2.9e-06 2.55e-06 2.3e-06 2.85e-06 4e-06 3.15e-06 2.15e-06 3.65e-06 3.6e-06 2.4e-06 1.5e-06 4.15e-06 2.2e-06 3.3e-06 3.6e-06 3.2e-06 4.4e-06 4.15e-06 2.7e-06 2.75e-06 4e-06 3.95e-06 3.1e-06 3.8e-06 3.5e-06 3.4e-06 3.5e-06 3.75e-06 3.95e-06 1.75e-06 2.75e-06 2.4e-06 4.6e-06 4.4e-06 3.75e-06 2.9e-06 3.9e-06 2.9e-06 3.65e-06 2.8e-06 2.55e-06 2.35e-06 3.7e-06 2.45e-06 2.6e-06 3e-06 1.8e-06 2.7e-06 3e-06 3.9e-06 2.5e-06 2.45e-06 3.35e-06 2.95e-06 3e-06
6 1.35e-06 2.8e-06 2.55e-06 3.65e-06 4.3e-06 3.55e-06 1.7e-06 2.2e-06 1.55e-06 2.55e-06 1.4e-06 2.1e-06 3.85e-06 3.25e-06 1.6e-06 3e-06 1.9e-06 3.5e-06 3.5e-06 1.9e-06 3.6e-06 2.15e-06 3.1e-06 3e-06 3.15e-06 2.15e-06 2e-06 3e-06 3e-06 2.45e-06 2e-06 1.1e-06 1.1e-06 2.25e-06 2.4e-06 3.8e-06 3.35e-06 2.15e-06 3.45e-06 3.65e-06 2e-06 3.95e-06 2.85e-06 1.6e-06 2.2e-06 1.2e-06 1.7e-06 1e-06 1.4e-06 3.1e-06 4.15e-06 4.35e-06 2.5e-06 3.9e-06 2.85e-06 3.25e-06 4.35e-06 3.15e-06 3.7e-06 3.55e-06 4.5e-06 2.85e-06 1.75e-06 3e-06 3.05e-06
7 2.65e-06 2.65e-06 2.35e-06 3.5e-06 3.85e-06 3.7e-06 2.2e-06 3.8e-06 3.2e-06 3e-06 2.3e-06 3.05e-06 3.5e-06 2.7e-06 2.7e-06 3.9e-06 2.7e-06 3.55e-06 3.25e-06 2.65e-06 3.75e-06 3.4e-06 3.4e-06 3.5e-06 3.15e-06 2.8e-06 3.1e-06 3.8e-06 2.55e-06 3e-06 2.75e-06 2.65e-06 2e-06 2.45e-06 2.05e-06 3.8e-06 4.15e-06 3.05e-06 2.45e-06 3.95e-06 2.75e-06 3.25e-06 2.85e-06 3.05e-06 2e-06 2.05e-06 2.8e-06 1.95e-06 2.7e-06 2.55e-06 3.8e-06 4.25e-06 2.15e-06 3.3e-06 3.5e-06 3.7e-06 4.4e-06 3.45e-06 3.3e-06 2.25e-06 4.7e-06 3.35e-06 2.75e-06 3.8e-06 2.9e-06
8 2.3e-06 3.8e-06 3.35e-06 4.2e-06 4.4e-06 4.15e-06 1.55e-06 3.2e-06 4e-07 3.55e-06 2.25e-06 2.6e-06 5e-06 3.6e-06 2.05e-06 2.75e-06 2.6e-06 3.75e-06 3.95e-06 2.7e-06 4.2e-06 2.75e-06 3.8e-06 3.55e-06 3e-06 3.15e-06 2.45e-06 2.55e-06 3.35e-06 2.9e-06 2.65e-06 1.5e-06 2.5e-06 2.85e-06 3.35e-06 4.2e-06 3.85e-06 2.95e-06 4.05e-06 4.1e-06 2.7e-06 5.1e-06 3.25e-06 1.85e-06 3.15e-06 2.55e-06 2.45e-06 2.4e-06 1.4e-06 3.45e-06 4.8e-06 5.15e-06 3.45e-06 5.1e-06 3.8e-06 3.95e-06 5.1e-06 4e-06 4.6e-06 4.5e-06 4.8e-06 3.9e-06 1.85e-06 3.8e-06 3.1e-06
9 2.3e-06 3.3e-06 3.2e-06 3.25e-06 3.5e-06 2.65e-06 2.55e-06 3e-06 3.55e-06 4e-06 2.35e-06 2.45e-06 3.05e-06 3.3e-06 3e-06 3.3e-06 2.45e-06 3.4e-06 3.4e-06 2.5e-06 2.7e-06 3.3e-06 2.8e-06 3.05e-06 3.55e-06 2.9e-06 3.4e-06 3.9e-06 3.15e-06 2.9e-06 3.15e-06 2.55e-06 2.25e-06 3.2e-06 3e-06 3.5e-06 3.45e-06 3.05e-06 3.7e-06 2.85e-06 2.5e-06 3.05e-06 3.8e-06 3.25e-06 3.05e-06 2.15e-06 2.7e-06 2.15e-06 2.85e-06 3.15e-06 3.15e-06 3.1e-06 3.1e-06 3e-06 2.45e-06 3.1e-06 2.9e-06 2.9e-06 3.1e-06 3.6e-06 3.25e-06 2.6e-06 2.95e-06 2.7e-06 3.3e-06
10 1.25e-06 2.8e-06 2.6e-06 3.95e-06 4.2e-06 2.9e-06 1.4e-06 2.3e-06 2.25e-06 2.35e-06 1.3e-06 1.6e-06 3.55e-06 2.9e-06 2.2e-06 3.35e-06 1.4e-06 4.15e-06 4e-06 1.35e-06 2.95e-06 2.45e-06 2.4e-06 3.4e-06 3.3e-06 2.1e-06 2.6e-06 3.6e-06 2.65e-06 2.1e-06 2.4e-06 1.7e-06 8e-07 2.65e-06 2.3e-06 4.25e-06 3.75e-06 2.25e-06 3.7e-06 3.15e-06 2.15e-06 3.6e-06 3.4e-06 2.4e-06 2.35e-06 7e-07 1.9e-06 7e-07 1.5e-06 2.75e-06 4.3e-06 4.4e-06 2.4e-06 3.55e-06 2.7e-06 3.45e-06 4.35e-06 3.2e-06 3.7e-06 3.5e-06 4.6e-06 2.6e-06 1.8e-06 3e-06 3e-06
11 1.6e-06 3.25e-06 3e-06 3.75e-06 3.8e-06 2.55e-06 2.1e-06 3.05e-06 2.6e-06 2.45e-06 1.6e-06 2.9e-06 3.6e-06 2.95e-06 2.5e-06 3.2e-06 1.6e-06 3.8e-06 4.05e-06 1.75e-06 2.6e-06 2.8e-06 2.7e-06 3.25e-06 3.3e-06 2.4e-06 2.9e-06 3.25e-06 2.7e-06 2.1e-06 2.8e-06 2.1e-06 1.85e-06 3.1e-06 2.9e-06 3.85e-06 3.45e-06 2.7e-06 3.85e-06 2.6e-06 2.1e-06 3.6e-06 3.7e-06 2.6e-06 3.05e-06 1.7e-06 2.25e-06 1.65e-06 2.15e-06 2.8e-06 3.75e-06 4.05e-06 3.1e-06 3.6e-06 2.65e-06 3.3e-06 3.8e-06 3.2e-06 3.6e-06 3.95e-06 3.85e-06 2.7e-06 2.15e-06 2.75e-06 2.8e-06
12 3.65e-06 3.05e-06 3.55e-06 2.35e-06 2.8e-06 2.3e-06 3.85e-06 3.5e-06 5e-06 3.05e-06 3.55e-06 3.6e-06 2.5e-06 3.35e-06 3.85e-06 3.45e-06 3.1e-06 3.25e-06 2.85e-06 3.5e-06 2.35e-06 3.9e-06 2.65e-06 3.25e-06 3.75e-06 3.2e-06 4.25e-06 4.65e-06 3.3e-06 3.45e-06 3.5e-06 4.2e-06 3.45e-06 3.5e-06 3.35e-06 2.7e-06 3.5e-06 3.15e-06 3.1e-06 2.6e-06 3.35e-06 1.85e-06 4.35e-06 4.6e-06 3.55e-06 3.3e-06 3.75e-06 3.25e-06 4.25e-06 3.4e-06 2.55e-06 2.1e-06 3.55e-06 1.85e-06 2.6e-06 2.65e-06 1.65e-06 2.35e-06 2.7e-06 3.05e-06 2.65e-06 2.55e-06 4e-06 2.95e-06 3.55e-06
13 3.5e-06 3.1e-06 2.8e-06 3.45e-06 3.2e-06 2.85e-06 3.25e-06 2.7e-06 3.6e-06 3.3e-06 2.9e-06 2.95e-06 3.35e-06 4.3e-06 3.5e-06 3.85e-06 2.55e-06 3.6e-06 3.5e-06 2.75e-06 2.85e-06 4.2e-06 3.1e-06 3.65e-06 3.05e-06 3.05e-06 3.9e-06 3.75e-06 2.15e-06 2.85e-06 3.5e-06 3.7e-06 3.1e-06 2.95e-06 2.5e-06 3.75e-06 4.25e-06 3.8e-06 2.55e-06 3.1e-06 2.9e-06 2.9e-06 3.4e-06 3.9e-06 2.75e-06 2.9e-06 3.7e-06 2.9e-06 3.4e-06 2.15e-06 3.3e-06 3.9e-06 2.7e-06 3.05e-06 3.7e-06 3.75e-06 3.8e-06 3.5e-06 3.15e-06 2.45e-06 4.1e-06 3.45e-06 3.1e-06 4e-06 2.5e-06
14 1.6e-06 2.25e-06 2.6e-06 3.4e-06 4.15e-06 4e-06 1.6e-06 2.7e-06 2.05e-06 3e-06 2.2e-06 2.5e-06 3.85e-06 3.5e-06 1.9e-06 3.2e-06 2.55e-06 2.95e-06 3.45e-06 2.8e-06 4.05e-06 2.1e-06 3.65e-06 2.3e-06 2.55e-06 1.9e-06 1.45e-06 2.65e-06 3.3e-06 2.25e-06 1e-06 1.55e-06 2.05e-06 2.5e-06 2.65e-06 3.35e-06 3.2e-06 1.65e-06 3.15e-06 3.9e-06 2.25e-06 4e-06 2.75e-06 1.45e-06 2.65e-06 2e-06 1.35e-06 1.85e-06 2.05e-06 3.4e-06 3.95e-06 4.55e-06 2.85e-06 3.95e-06 3.1e-06 2.7e-06 4.3e-06 2.75e-06 3.45e-06 3.45e-06 4.15e-06 3.15e-06 2.3e-06 3.05e-06 3.15e-06
15 3.1e-06 3.95e-06 3.9e-06 3.4e-06 3.4e-06 3.15e-06 3e-06 3.9e-06 2.75e-06 3.3e-06 3.35e-06 3.2e-06 3.45e-06 3.85e-06 3.2e-06 5.4e-06 3.15e-06 3.35e-06 3.5e-06 3.35e-06 3.2e-06 3.4e-06 3.2e-06 3.2e-06 3.65e-06 3.55e-06 3.6e-06 3.6e-06 3.7e-06 3.35e-06 3.45e-06 2.9e-06 3.4e-06 3.55e-06 3.95e-06 3.25e-06 3.3e-06 3.25e-06 4.1e-06 2.95e-06 3.15e-06 3.7e-06 4.2e-06 3.35e-06 3.85e-06 3.35e-06 3.3e-06 3.3e-06 3.15e-06 3.8e-06 3.4e-06 3.05e-06 4.05e-06 3.7e-06 3.1e-06 3.1e-06 3e-06 3.25e-06 3.6e-06 4.45e-06 2.95e-06 3e-06 3.15e-06 2.95e-06 3.55e-06
16 1.85e-06 2.95e-06 2.85e-06 3.6e-06 3.6e-06 2.15e-06 1.9e-06 2.7e-06 2.6e-06 2.45e-06 1.4e-06 1.6e-06 3.1e-06 2.55e-06 2.55e-06 3.15e-06 2.3e-06 3.85e-06 3.95e-06 1.4e-06 2.2e-06 2.95e-06 2.3e-06 3.15e-06 3.15e-06 2.1e-06 2.95e-06 3.45e-06 2.4e-06 1.95e-06 2.7e-06 2.35e-06 1.5e-06 2.85e-06 2.6e-06 3.9e-06 3.5e-06 2.7e-06 3.65e-06 2.4e-06 2.05e-06 3.1e-06 3.65e-06 2.8e-06 2.75e-06 1.4e-06 2.45e-06 1.3e-06 2.1e-06 2.5e-06 3.55e-06 3.8e-06 2.8e-06 3.1e-06 2.65e-06 3.15e-06 3.5e-06 2.9e-06 3.3e-06 3.55e-06 3.75e-06 2.5e-06 2.05e-06 2.95e-06 2.7e-06
17 3.6e-06 3.05e-06 3.4e-06 2.6e-06 3.1e-06 3.65e-06 3.5e-06 3.55e-06 3.75e-06 3.4e-06 4.15e-06 3.8e-06 3.25e-06 3.6e-06 2.95e-06 3.35e-06 3.85e-06 3.8e-06 2.75e-06 4.1e-06 3.7e-06 4e-06 3.85e-06 2.35e-06 3.05e-06 3.25e-06 3.35e-06 3.35e-06 3.4e-06 3.45e-06 2.75e-06 3.45e-06 4.05e-06 3.25e-06 3.45e-06 2.4e-06 3.5e-06 3.4e-06 2.8e-06 3.45e-06 3.2e-06 3.25e-06 3.6e-06 3.55e-06 3.5e-06 3.95e-06 3.2e-06 3.85e-06 3.9e-06 3.5e-06 2.9e-06 3.3e-06 3.65e-06 3.25e-06 3.5e-06 2.85e-06 3e-06 3e-06 2.55e-06 3.2e-06 2.65e-06 3.4e-06 3.75e-06 3.35e-06 3.2e-06
18 3.75e-06 3.4e-06 3.3e-06 2.55e-06 3.15e-06 3.6e-06 3.5e-06 3.25e-06 3.95e-06 3.4e-06 4e-06 4.05e-06 2.85e-06 3.5e-06 3.45e-06 3.5e-06 3.95e-06 2.75e-06 4.1e-06 4.05e-06 3.65e-06 3.85e-06 3.7e-06 3.5e-06 3.45e-06 3.65e-06 3.85e-06 3.65e-06 3.35e-06 3.9e-06 3.6e-06 3.55e-06 3.75e-06 3.3e-06 3.2e-06 2.65e-06 3.7e-06 3.6e-06 2.95e-06 3.65e-06 3.35e-06 3.15e-06 3.5e-06 3.7e-06 3.25e-06 3.6e-06 3.75e-06 3.65e-06 3.95e-06 3.4e-06 2.9e-06 2.65e-06 3.3e-06 3.05e-06 3.45e-06 3.4e-06 3.1e-06 3.3e-06 3.2e-06 2.95e-06 3.45e-06 3.35e-06 3.65e-06 3.55e-06 3.4e-06
19 1.95e-06 3.2e-06 3e-06 3.9e-06 3.85e-06 2.4e-06 1.9e-06 2.65e-06 2.7e-06 2.5e-06 1.35e-06 1.75e-06 3.5e-06 2.75e-06 2.8e-06 3.35e-06 1.4e-06 4.1e-06 4.05e-06 2.5e-06 2.45e-06 3.15e-06 2.45e-06 3.45e-06 3.35e-06 2.4e-06 3.2e-06 3.65e-06 2.5e-06 2.15e-06 3e-06 2.35e-06 1.3e-06 3e-06 2.7e-06 4.2e-06 3.8e-06 2.95e-06 3.9e-06 2.65e-06 2.2e-06 3.45e-06 3.8e-06 3e-06 2.7e-06 1.25e-06 2.6e-06 1.25e-06 2.1e-06 2.6e-06 3.8e-06 4e-06 2.8e-06 3.4e-06 2.85e-06 3.5e-06 3.85e-06 3.25e-06 3.55e-06 3.7e-06 4.1e-06 2.65e-06 2.1e-06 3.15e-06 2.85e-06
20 3.45e-06 3.8e-06 3.8e-06 3.1e-06 2.8e-06 1.5e-06 3.6e-06 3.75e-06 4.2e-06 2.7e-06 2.95e-06 2.6e-06 2.35e-06 2.85e-06 4.05e-06 3.2e-06 2.2e-06 3.7e-06 3.65e-06 2.45e-06 3e-06 4.2e-06 2.2e-06 3.35e-06 3.65e-06 3.2e-06 4.45e-06 4.2e-06 2.75e-06 2.8e-06 4.05e-06 4e-06 3.15e-06 3.8e-06 3.55e-06 3.45e-06 3.55e-06 3.8e-06 3.95e-06 1.8e-06 2.8e-06 2.4e-06 4.65e-06 4.45e-06 3.8e-06 2.95e-06 3.95e-06 2.95e-06 3.7e-06 2.85e-06 2.6e-06 2.4e-06 3.75e-06 2.45e-06 2.65e-06 3.05e-06 1.85e-06 2.75e-06 3e-06 3.9e-06 2.55e-06 2.5e-06 3.4e-06 3e-06 3.05e-06
21 1.75e-06 3.35e-06 3.3e-06 3.9e-06 4.6e-06 4.15e-06 2.15e-06 3.4e-06 2.75e-06 3.3e-06 2.45e-06 2.8e-06 3.9e-06 4.2e-06 2.1e-06 3.4e-06 2.95e-06 4e-06 3.85e-06 3.15e-06 4.2e-06 3.1e-06 3.75e-06 3.55e-06 3.85e-06 2.8e-06 2e-06 3e-06 4.05e-06 3.1e-06 2.5e-06 1.85e-06 2.3e-06 3.2e-06 3.4e-06 3.8e-06 2.9e-06 2.05e-06 4.15e-06 4e-06 2.8e-06 4.35e-06 3.1e-06 1.6e-06 3.35e-06 2.2e-06 2.1e-06 2.2e-06 2.5e-06 4.15e-06 4.4e-06 4.3e-06 3.5e-06 4.25e-06 3.05e-06 3.4e-06 4.4e-06 3.45e-06 4.3e-06 4.35e-06 4.55e-06 3.15e-06 2.7e-06 2.95e-06 3.95e-06
22 3e-06 3.55e-06 3.55e-06 3.4e-06 3.2e-06 2.2e-06 3.1e-06 3.4e-06 3.8e-06 2.8e-06 2.4e-06 2.7e-06 2.65e-06 3.1e-06 3.65e-06 3.2e-06 2.3e-06 3.85e-06 3.7e-06 2.45e-06 2.2e-06 3.75e-06 4.2e-06 3.4e-06 3.75e-06 3.05e-06 4.05e-06 4.35e-06 3e-06 2.9e-06 3.65e-06 3.5e-06 2.55e-06 3.5e-06 3.25e-06 3.6e-06 3.6e-06 3.35e-06 3.9e-06 2.35e-06 2.95e-06 2.75e-06 4.4e-06 4.05e-06 3.45e-06 2.35e-06 3.5e-06 2.4e-06 3.25e-06 3.1e-06 3.2e-06 2.8e-06 3.4e-06 2.8e-06 2.8e-06 3.1e-06 2.65e-06 2.95e-06 3.2e-06 3.8e-06 3.05e-06 2.45e-06 3.15e-06 3e-06 3.35e-06
23 3e-06 2.55e-06 3.45e-06 3.05e-06 3.35e-06 3.3e-06 3e-06 3.5e-06 3.55e-06 3.05e-06 3.4e-06 3.25e-06 3.25e-06 3.65e-06 2.3e-06 3.2e-06 3.15e-06 2.35e-06 3.5e-06 3.45e-06 3.35e-06 3.55e-06 3.4e-06 3.2e-06 2.7e-06 2.45e-06 2.7e-06 3.55e-06 3.5e-06 2.7e-06 1.65e-06 3.05e-06 3.3e-06 3.2e-06 3.45e-06 2.95e-06 3.35e-06 2.5e-06 3.25e-06 3.15e-06 3.05e-06 3.2e-06 3.85e-06 3.35e-06 3.45e-06 3.25e-06 2.35e-06 3.1e-06 3.4e-06 3.6e-06 3.05e-06 3.45e-06 3.65e-06 3.2e-06 3.1e-06 2.2e-06 2.8e-06 2.35e-06 2.45e-06 3.6e-06 2.45e-06 3e-06 3.55e-06 3e-06 3.35e-06
24 3.4e-06 2.7e-06 3.15e-06 3.4e-06 3.35e-06 3.6e-06 3.15e-06 3.15e-06 3e-06 3.55e-06 3.3e-06 3.3e-06 3.75e-06 3.05e-06 2.55e-06 3.65e-06 3.15e-06 3.05e-06 3.45e-06 3.35e-06 3.65e-06 3.85e-06 3.75e-06 2.7e-06 4e-06 2.8e-06 2.95e-06 3.2e-06 2.95e-06 2.65e-06 2.05e-06 3.35e-06 3.45e-06 3.2e-06 3.05e-06 3.5e-06 4.1e-06 2.95e-06 3.05e-06 3.65e-06 3.15e-06 3.65e-06 3.45e-06 3.45e-06 3.1e-06 3.35e-06 2.85e-06 3.25e-06 3.2e-06 2.95e-06 3.3e-06 4.25e-06 3.25e-06 3.65e-06 3.85e-06 3.1e-06 3.9e-06 3.05e-06 3.25e-06 3.1e-06 3.8e-06 3.75e-06 3.3e-06 3.95e-06 3e-06
25 2e-06 2.15e-06 2.8e-06 3.4e-06 4.05e-06 3.2e-06 2.15e-06 2.8e-06 3.15e-06 2.9e-06 2.1e-06 2.4e-06 3.2e-06 3.05e-06 1.9e-06 3.55e-06 2.1e-06 3.25e-06 3.65e-06 2.4e-06 3.2e-06 2.8e-06 3.05e-06 2.45e-06 2.8e-06 2.9e-06 2.3e-06 3.5e-06 3e-06 2.15e-06 1.5e-06 2.4e-06 1.95e-06 2.7e-06 2.65e-06 3.55e-06 3.6e-06 2e-06 3.15e-06 3.3e-06 2.5e-06 3.25e-06 3.45e-06 2.7e-06 2.8e-06 1.8e-06 1.85e-06 1.75e-06 2.6e-06 3.1e-06 3.7e-06 4.15e-06 2.85e-06 3.2e-06 3e-06 2.7e-06 3.8e-06 2.6e-06 3e-06 3.2e-06 3.85e-06 2.85e-06 2.5e-06 3.15e-06 3.1e-06
26 2e-06 2.65e-06 3e-06 3.8e-06 4.55e-06 4.4e-06 2e-06 3.1e-06 2.45e-06 3.4e-06 2.6e-06 2.9e-06 4.25e-06 3.9e-06 1.45e-06 3.6e-06 2.95e-06 3.35e-06 3.85e-06 3.2e-06 4.45e-06 2e-06 4.05e-06 2.7e-06 2.95e-06 2.3e-06 2.7e-06 2.55e-06 3.7e-06 2.65e-06 1.4e-06 1.95e-06 2.45e-06 2.9e-06 3.05e-06 3.75e-06 3.1e-06 2.05e-06 3.55e-06 4.3e-06 2.7e-06 4.4e-06 2.65e-06 1.4e-06 3.05e-06 2.4e-06 1.75e-06 2.25e-06 2.45e-06 3.8e-06 4.35e-06 4.95e-06 3.25e-06 4.35e-06 3.5e-06 3.1e-06 4.7e-06 3.15e-06 3.85e-06 3.85e-06 4.55e-06 3.55e-06 2.7e-06 3.45e-06 3.55e-06
27 3.15e-06 3.85e-06 3.6e-06 3.75e-06 4.05e-06 4.15e-06 3e-06 3.8e-06 2.55e-06 3.9e-06 3.6e-06 3.25e-06 4.65e-06 3.75e-06 2.65e-06 3.6e-06 3.45e-06 3.35e-06 3.65e-06 3.65e-06 4.2e-06 3e-06 4.35e-06 3.55e-06 3.2e-06 3.5e-06 2.55e-06 4.2e-06 3.5e-06 3.2e-06 3.05e-06 2.85e-06 3.75e-06 3.55e-06 3.7e-06 3.65e-06 3.4e-06 3.5e-06 3.85e-06 4e-06 3e-06 4.7e-06 3.05e-06 2.15e-06 3.75e-06 3.65e-06 3.15e-06 3.55e-06 3.15e-06 3.6e-06 4e-06 4.7e-06 3.9e-06 4.7e-06 4.05e-06 3.9e-06 4.65e-06 3.95e-06 4.25e-06 4.25e-06 4.45e-06 4.1e-06 3.1e-06 3.95e-06 3.3e-06
28 3.25e-06 3.05e-06 2.65e-06 3.3e-06 3.15e-06 2.7e-06 3e-06 2.55e-06 3.35e-06 3.15e-06 2.65e-06 2.7e-06 3.3e-06 2.15e-06 3.3e-06 3.7e-06 2.4e-06 3.4e-06 3.35e-06 2.5e-06 2.75e-06 4.05e-06 3e-06 3.5e-06 2.95e-06 3e-06 3.7e-06 3.5e-06 3.8e-06 2.65e-06 3.35e-06 3.45e-06 2.85e-06 2.85e-06 2.35e-06 3.6e-06 4.1e-06 3.7e-06 2.45e-06 2.95e-06 2.65e-06 2.9e-06 3.25e-06 3.65e-06 2.6e-06 2.65e-06 3.5e-06 2.65e-06 3.15e-06 2e-06 3.25e-06 3.85e-06 2.55e-06 3.05e-06 3.55e-06 3.65e-06 3.7e-06 3.4e-06 3.1e-06 2.45e-06 4e-06 3.3e-06 2.85e-06 3.85e-06 2.25e-06
29 2.2e-06 2.65e-06 2.95e-06 3.55e-06 3.55e-06 2.75e-06 2.45e-06 3e-06 2.9e-06 2.9e-06 2.1e-06 2.1e-06 3.45e-06 2.85e-06 2.25e-06 3.35e-06 1.95e-06 3.45e-06 3.9e-06 2.15e-06 2.8e-06 3.1e-06 2.9e-06 2.7e-06 2.65e-06 2.15e-06 2.65e-06 3.2e-06 2.65e-06 3.7e-06 2e-06 2.65e-06 2.25e-06 3.05e-06 2.85e-06 3.65e-06 3.6e-06 2.45e-06 3.45e-06 2.8e-06 2.45e-06 3.4e-06 3.6e-06 2.9e-06 3e-06 2.1e-06 2.25e-06 2.05e-06 2.6e-06 2.75e-06 3.5e-06 4.1e-06 3.05e-06 3.4e-06 3.05e-06 2.9e-06 3.7e-06 2.8e-06 3.25e-06 3.5e-06 3.7e-06 2.9e-06 2.5e-06 3.15e-06 2.8e-06
30 1.95e-06 1.5e-06 2.7e-06 3.3e-06 4.05e-06 4e-06 2e-06 2.75e-06 2.65e-06 3.15e-06 2.4e-06 2.8e-06 3.5e-06 3.5e-06 1e-06 3.45e-06 2.7e-06 2.75e-06 3.6e-06 3e-06 4.05e-06 2.5e-06 3.65e-06 1.65e-06 2.05e-06 1.5e-06 1.4e-06 3.05e-06 3.35e-06 2e-06 1e-07 2.05e-06 2.25e-06 2.5e-06 2.7e-06 3.3e-06 3.55e-06 1.2e-06 2.8e-06 3.95e-06 2.8e-06 3.6e-06 3.1e-06 2.3e-06 2.7e-06 2.2e-06 1.1e-06 2.05e-06 2.45e-06 3.45e-06 3.85e-06 4.65e-06 2.9e-06 3.55e-06 3.2e-06 2.15e-06 4.05e-06 2.2e-06 2.95e-06 3.1e-06 3.9e-06 3.2e-06 2.8e-06 3.2e-06 3.2e-06
31 1.05e-06 3e-06 2.8e-06 3.75e-06 4.5e-06 3.95e-06 1.1e-06 2.65e-06 1.5e-06 2.55e-06 1.7e-06 2.1e-06 4.2e-06 3.7e-06 1.55e-06 2.9e-06 2.35e-06 3.45e-06 3.55e-06 2.35e-06 4e-06 1.85e-06 3.5e-06 3.05e-06 3.35e-06 2.4e-06 1.95e-06 2.85e-06 3.45e-06 2.65e-06 2.05e-06 1.4e-06 1.45e-06 2.4e-06 2.85e-06 3.7e-06 3.25e-06 1.95e-06 3.65e-06 3.85e-06 2.15e-06 4.35e-06 3e-06 1.45e-06 2.6e-06 1.45e-06 1.4e-06 1.45e-06 1.5e-06 3.55e-06 4.35e-06 4.45e-06 2.85e-06 4.25e-06 2.7e-06 3.3e-06 4.55e-06 3.35e-06 3.9e-06 3.95e-06 4.5e-06 2.95e-06 1.85e-06 2.65e-06 3.25e-06
32 1.1e-06 2.6e-06 2.5e-06 3.85e-06 4.4e-06 3.1e-06 1.1e-06 2e-06 2.5e-06 2.25e-06 8e-07 1.85e-06 3.45e-06 3.1e-06 2.05e-06 3.4e-06 1.5e-06 4.05e-06 3.75e-06 1.3e-06 3.15e-06 2.3e-06 2.55e-06 3.3e-06 3.45e-06 1.95e-06 2.45e-06 3.75e-06 2.85e-06 2.25e-06 2.25e-06 1.45e-06 6e-07 2.45e-06 2.2e-06 4.15e-06 3.65e-06 2.1e-06 3.65e-06 3.35e-06 2.05e-06 3.55e-06 3.3e-06 2.25e-06 2.1e-06 3e-07 1.75e-06 4e-07 1.6e-06 2.95e-06 4.2e-06 4.2e-06 2.2e-06 3.4e-06 2.6e-06 3.35e-06 4.3e-06 3.1e-06 3.55e-06 3.35e-06 4.6e-06 2.4e-06 1.8e-06 2.9e-06 3.2e-06
33 2.6e-06 2.5e-06 2.65e-06 3.35e-06 3.9e-06 3.8e-06 2.25e-06 2.45e-06 2.85e-06 3.2e-06 2.65e-06 3.1e-06 3.5e-06 2.95e-06 2.5e-06 3.55e-06 2.85e-06 3.25e-06 3.3e-06 3e-06 3.8e-06 3.2e-06 3.5e-06 3.2e-06 3.2e-06 2.7e-06 2.9e-06 3.55e-06 2.85e-06 3.05e-06 2.5e-06 2.4e-06 2.45e-06 4.3e-06 2.5e-06 3.5e-06 3.9e-06 2.8e-06 2.25e-06 3.9e-06 2.8e-06 3.15e-06 3.05e-06 2.9e-06 2.45e-06 2.4e-06 2.6e-06 2.35e-06 2.75e-06 2.95e-06 3.9e-06 4.25e-06 2.6e-06 3.25e-06 3.4e-06 3.4e-06 4.2e-06 3.3e-06 3.1e-06 2.5e-06 4.4e-06 3.35e-06 2.8e-06 3.55e-06 2.9e-06
34 2.6e-06 2.6e-06 2.05e-06 3.35e-06 3.6e-06 3.5e-06 2.4e-06 2.05e-06 3.35e-06 3e-06 2.3e-06 2.9e-06 3.35e-06 2.5e-06 2.65e-06 3.95e-06 2.6e-06 3.45e-06 3.2e-06 2.7e-06 3.55e-06 3.4e-06 3.25e-06 3.45e-06 3.05e-06 2.65e-06 3.05e-06 3.7e-06 2.35e-06 2.85e-06 2.7e-06 2.85e-06 2.2e-06 2.5e-06 3.5e-06 3.65e-06 4.05e-06 3.05e-06 2.3e-06 3.75e-06 2.6e-06 3.1e-06 2.65e-06 3e-06 2.1e-06 2e-06 2.85e-06 2e-06 2.85e-06 2.35e-06 3.65e-06 4.2e-06 1.95e-06 3.2e-06 3.5e-06 3.6e-06 4.25e-06 3.35e-06 3.25e-06 2.05e-06 4.6e-06 3.25e-06 2.75e-06 3.8e-06 2.7e-06
35 3.6e-06 3.35e-06 3.55e-06 2.5e-06 2.95e-06 3.4e-06 3.8e-06 3.8e-06 4.2e-06 3.5e-06 4.25e-06 3.85e-06 2.7e-06 3.75e-06 3.35e-06 3.25e-06 3.9e-06 2.4e-06 2.65e-06 4.2e-06 3.45e-06 3.8e-06 3.6e-06 2.95e-06 3.5e-06 3.55e-06 3.75e-06 3.65e-06 3.6e-06 3.65e-06 3.3e-06 3.7e-06 4.15e-06 3.5e-06 3.65e-06 4.5e-06 3.3e-06 3.35e-06 3.05e-06 3.15e-06 3.35e-06 3e-06 3.9e-06 3.8e-06 3.75e-06 4e-06 3.55e-06 3.95e-06 4.2e-06 3.7e-06 2.75e-06 2.7e-06 3.85e-06 3e-06 3.25e-06 2.85e-06 2.65e-06 3e-06 2.9e-06 3.4e-06 2.65e-06 3.1e-06 3.9e-06 3.05e-06 3.45e-06
36 3.1e-06 4.05e-06 3.95e-06 3.5e-06 3.75e-06 3.5e-06 3.35e-06 4.15e-06 3.85e-06 3.45e-06 3.75e-06 3.45e-06 3.5e-06 4.25e-06 3.2e-06 3.3e-06 3.5e-06 3.5e-06 3.7e-06 3.8e-06 3.55e-06 2.9e-06 3.6e-06 3.35e-06 4.1e-06 3.6e-06 3.1e-06 3.4e-06 4.1e-06 3.6e-06 3.55e-06 3.25e-06 3.65e-06 3.9e-06 4.05e-06 3.3e-06 5.4e-06 3.35e-06 4.3e-06 3.25e-06 3.15e-06 3.8e-06 3.75e-06 2.75e-06 4.1e-06 3.55e-06 3.4e-06 3.45e-06 3.75e-06 4.2e-06 3.45e-06 3.2e-06 4.25e-06 3.8e-06 3.2e-06 3.2e-06 3.15e-06 3.35e-06 3.75e-06 4.6e-06 3.15e-06 3.1e-06 3.65e-06 3e-06 4e-06
37 1.7e-06 2.2e-06 3e-06 3.4e-06 4.1e-06 3.75e-06 2.15e-06 3.05e-06 2.95e-06 3.05e-06 2.25e-06 2.7e-06 3.15e-06 3.8e-06 1.65e-06 3.25e-06 2.7e-06 3.4e-06 3.6e-06 2.95e-06 3.8e-06 2.05e-06 3.35e-06 2.5e-06 2.95e-06 2e-06 2.05e-06 3.5e-06 3.7e-06 2.45e-06 1.2e-06 1.95e-06 2.1e-06 2.8e-06 3.05e-06 3.35e-06 3.35e-06 2.3e-06 3.4e-06 3.65e-06 2.9e-06 3.55e-06 3.55e-06 2.5e-06 3e-06 2e-06 1.45e-06 2e-06 2.5e-06 3.8e-06 3.9e-06 4e-06 3.15e-06 3.45e-06 2.75e-06 2.45e-06 3.75e-06 2.5e-06 3.4e-06 3.6e-06 3.9e-06 2.8e-06 2.8e-06 2.7e-06 3.6e-06
38 3.65e-06 2.2e-06 2.45e-06 2.9e-06 3.4e-06 3.95e-06 3.45e-06 2.45e-06 4.05e-06 3.7e-06 3.7e-06 3.85e-06 3.1e-06 2.55e-06 3.15e-06 4.1e-06 3.65e-06 2.8e-06 2.95e-06 3.9e-06 3.95e-06 4.15e-06 3.9e-06 3.25e-06 3.05e-06 3.15e-06 3.55e-06 3.85e-06 2.45e-06 3.45e-06 2.8e-06 3.65e-06 3.65e-06 2.25e-06 2.3e-06 3.05e-06 4.3e-06 3.4e-06 1.9e-06 4.05e-06 3.35e-06 2.45e-06 2.95e-06 3.9e-06 2.45e-06 3.5e-06 3.35e-06 3.45e-06 3.9e-06 2.55e-06 3.5e-06 4.15e-06 2.5e-06 2.7e-06 3.9e-06 3.45e-06 4e-06 3.35e-06 2.55e-06 1.4e-06 4.2e-06 3.8e-06 3.7e-06 4.05e-06 2.45e-06
39 3.3e-06 3.9e-06 3.85e-06 3.15e-06 2.7e-06 1.75e-06 3.65e-06 3.95e-06 4.1e-06 2.85e-06 3.15e-06 2.6e-06 2.6e-06 3.1e-06 3.9e-06 2.95e-06 2.4e-06 3.45e-06 3.65e-06 2.65e-06 1.8e-06 4e-06 2.35e-06 3.15e-06 3.65e-06 3.3e-06 4.3e-06 4e-06 2.95e-06 2.8e-06 3.95e-06 3.85e-06 3.35e-06 3.9e-06 3.75e-06 3.15e-06 3.25e-06 3.65e-06 4.05e-06 3.4e-06 2.85e-06 2.7e-06 4.65e-06 4.25e-06 3.95e-06 3.15e-06 3.8e-06 3.15e-06 3.75e-06 3.05e-06 2.55e-06 2.3e-06 3.95e-06 2.75e-06 2.7e-06 2.85e-06 2e-06 2.85e-06 3e-06 4.15e-06 2.2e-06 2.4e-06 3.4e-06 2.7e-06 3.1e-06
40 1.95e-06 3.15e-06 2.7e-06 3.2e-06 3.55e-06 2.75e-06 2e-06 2.75e-06 2.7e-06 2.5e-06 2.15e-06 2.1e-06 3.35e-06 2.9e-06 2.25e-06 3.15e-06 2.05e-06 3.2e-06 3.35e-06 2.2e-06 2.8e-06 2.8e-06 2.95e-06 3.05e-06 3.15e-06 2.5e-06 2.7e-06 3e-06 2.65e-06 2.45e-06 2.8e-06 2.15e-06 2.05e-06 2.8e-06 2.6e-06 3.35e-06 3.15e-06 2.9e-06 3.35e-06 2.85e-06 3.3e-06 3.35e-06 3.1e-06 2.15e-06 2.75e-06 1.9e-06 2.5e-06 1.85e-06 2.4e-06 2.75e-06 3.2e-06 3.65e-06 2.75e-06 3.35e-06 2.75e-06 3.2e-06 3.4e-06 3.05e-06 3.3e-06 3.45e-06 3.65e-06 2.7e-06 2.3e-06 2.9e-06 2.75e-06
41 3.85e-06 2.85e-06 3.35e-06 2.65e-06 2.85e-06 2.4e-06 3.95e-06 3.25e-06 5.1e-06 3.05e-06 3.6e-06 3.6e-06 1.85e-06 2.9e-06 4e-06 3.7e-06 3.1e-06 3.25e-06 3.15e-06 3.45e-06 2.4e-06 4.35e-06 2.75e-06 3.2e-06 3.65e-06 3.25e-06 4.4e-06 4.7e-06 2.9e-06 3.4e-06 3.6e-06 4.35e-06 3.55e-06 3.15e-06 3.1e-06 3e-06 3.8e-06 3.55e-06 2.45e-06 2.7e-06 3.35e-06 3.3e-06 4.2e-06 4.8e-06 3.3e-06 3.4e-06 3.9e-06 3.35e-06 4.35e-06 3e-06 2.65e-06 2.5e-06 3.3e-06 1.8e-06 2.9e-06 2.9e-06 2.05e-06 2.6e-06 2.35e-06 2.5e-06 2.8e-06 2.8e-06 4.1e-06 3.25e-06 3.2e-06
42 3.2e-06 3.35e-06 2.75e-06 3.8e-06 4.15e-06 4.6e-06 2.85e-06 2.85e-06 3.25e-06 3.8e-06 3.4e-06 3.7e-06 4.35e-06 3.4e-06 2.75e-06 4.2e-06 3.65e-06 3.6e-06 3.5e-06 3.8e-06 4.65e-06 3.1e-06 4.4e-06 3.85e-06 3.45e-06 3.45e-06 2.65e-06 3.05e-06 3.25e-06 3.6e-06 3.1e-06 3e-06 3.3e-06 3.05e-06 2.65e-06 3.9e-06 3.75e-06 3.55e-06 2.95e-06 4.65e-06 3.1e-06 4.2e-06 4.5e-06 2.3e-06 2.85e-06 3.2e-06 3.25e-06 3.1e-06 3.3e-06 3.25e-06 4.2e-06 4.85e-06 2.8e-06 4.25e-06 4.2e-06 4.15e-06 5e-06 4.05e-06 4e-06 2.9e-06 5.1e-06 4.15e-06 3.25e-06 4.3e-06 3.35e-06
43 1.65e-06 3.4e-06 2.9e-06 3.9e-06 4.65e-06 4.4e-06 1.6e-06 3.05e-06 1.85e-06 3.25e-06 2.4e-06 2.6e-06 4.6e-06 3.9e-06 1.45e-06 3.35e-06 2.8e-06 3.55e-06 3.7e-06 3e-06 4.45e-06 1.6e-06 4.05e-06 3.35e-06 3.45e-06 2.7e-06 1.4e-06 2.15e-06 3.65e-06 2.9e-06 2.3e-06 1.45e-06 2.25e-06 2.9e-06 3e-06 3.8e-06 2.75e-06 2.5e-06 3.9e-06 4.25e-06 2.15e-06 4.8e-06 2.3e-06 1.1e-06 3e-06 2.2e-06 2e-06 2.05e-06 2.05e-06 3.75e-06 4.45e-06 4.85e-06 3.2e-06 4.75e-06 3.4e-06 3.65e-06 4.95e-06 3.7e-06 4.35e-06 4.2e-06 4.8e-06 3.5e-06 2.2e-06 3.3e-06 3.5e-06
44 2.6e-06 2.65e-06 2.35e-06 3.5e-06 3.85e-06 3.75e-06 2.2e-06 2e-06 3.15e-06 3.05e-06 2.35e-06 3.05e-06 3.55e-06 2.75e-06 2.65e-06 3.85e-06 2.75e-06 3.5e-06 3.25e-06 2.7e-06 3.8e-06 3.35e-06 3.45e-06 3.45e-06 3.1e-06 2.8e-06 3.05e-06 3.75e-06 2.6e-06 3e-06 2.7e-06 2.6e-06 2.1e-06 2.45e-06 2.1e-06 3.75e-06 4.1e-06 3e-06 2.45e-06 3.95e-06 2.75e-06 3.3e-06 2.85e-06 3e-06 3.9e-06 2.1e-06 2.75e-06 2e-06 2.7e-06 2.6e-06 3.8e-06 4.25e-06 2.2e-06 3.35e-06 3.5e-06 3.65e-06 4.4e-06 3.45e-06 3.3e-06 2.3e-06 4.65e-06 3.35e-06 2.75e-06 3.75e-06 2.9e-06
45 9.5e-07 2.5e-06 2.3e-06 3.7e-06 4.25e-06 2.9e-06 1.2e-06 2.05e-06 2.55e-06 2.15e-06 7e-07 1.7e-06 3.3e-06 2.9e-06 2e-06 3.35e-06 1.4e-06 3.95e-06 3.6e-06 1.25e-06 2.95e-06 2.2e-06 2.35e-06 3.25e-06 3.35e-06 1.8e-06 2.4e-06 3.65e-06 2.65e-06 2.1e-06 2.2e-06 1.45e-06 3e-07 2.4e-06 2e-06 4e-06 3.55e-06 2e-06 3.5e-06 3.15e-06 1.9e-06 3.4e-06 3.2e-06 2.2e-06 2.1e-06 1e-07 1.7e-06 3.5e-07 1.65e-06 2.75e-06 4.05e-06 4.05e-06 2e-06 3.25e-06 2.5e-06 3.25e-06 4.15e-06 3e-06 3.45e-06 3.2e-06 4.5e-06 2.2e-06 1.7e-06 2.8e-06 3e-06
46 1.25e-06 2.2e-06 2.8e-06 3.6e-06 4.35e-06 3.9e-06 1.7e-06 2.8e-06 2.45e-06 2.7e-06 1.9e-06 2.25e-06 3.75e-06 3.7e-06 1.35e-06 3.3e-06 2.45e-06 3.2e-06 3.75e-06 2.6e-06 3.95e-06 2.1e-06 3.5e-06 2.35e-06 2.85e-06 1.85e-06 1.75e-06 3.15e-06 3.5e-06 2.25e-06 1.1e-06 1.4e-06 1.75e-06 2.6e-06 2.85e-06 3.55e-06 3.4e-06 1.45e-06 3.35e-06 3.8e-06 2.5e-06 3.9e-06 3.25e-06 2e-06 2.75e-06 1.7e-06 2.1e-06 1.65e-06 2.05e-06 3.6e-06 4.15e-06 4.55e-06 2.95e-06 3.8e-06 2.75e-06 2.7e-06 4.3e-06 2.75e-06 3.35e-06 3.6e-06 4.1e-06 2.95e-06 2.4e-06 2.7e-06 3.35e-06
47 1e-06 2.45e-06 2.3e-06 3.65e-06 4.2e-06 2.9e-06 1e-06 1.95e-06 2.4e-06 2.15e-06 7e-07 1.65e-06 3.25e-06 2.9e-06 1.85e-06 3.3e-06 1.3e-06 3.85e-06 3.65e-06 1.25e-06 2.95e-06 2.2e-06 2.4e-06 3.1e-06 3.25e-06 1.75e-06 2.25e-06 3.55e-06 2.65e-06 2.05e-06 2.05e-06 1.45e-06 4e-07 2.35e-06 2e-06 3.95e-06 3.45e-06 2e-06 3.45e-06 3.15e-06 1.85e-06 3.35e-06 3.1e-06 2.05e-06 2e-06 3.5e-07 1.65e-06 6e-07 1.5e-06 2.75e-06 4e-06 4.1e-06 2.1e-06 3.25e-06 2.5e-06 3.15e-06 4.1e-06 2.9e-06 3.4e-06 3.2e-06 4.4e-06 2.3e-06 1.7e-06 2.8e-06 3e-06
48 1.7e-06 3.25e-06 3e-06 4.05e-06 4.4e-06 3.65e-06 1.4e-06 2.7e-06 1.4e-06 2.85e-06 1.5e-06 2.15e-06 4.25e-06 3.4e-06 2.05e-06 3.15e-06 2.1e-06 3.9e-06 3.95e-06 2.1e-06 3.7e-06 2.5e-06 3.25e-06 3.4e-06 3.2e-06 2.6e-06 2.45e-06 3.15e-06 3.15e-06 2.6e-06 2.45e-06 1.5e-06 1.6e-06 2.75e-06 2.85e-06 4.2e-06 3.75e-06 2.5e-06 3.9e-06 3.75e-06 2.4e-06 4.35e-06 3.3e-06 2.05e-06 2.7e-06 1.65e-06 2.05e-06 1.5e-06 2.8e-06 3.25e-06 4.5e-06 4.75e-06 2.95e-06 4.3e-06 3.15e-06 3.65e-06 4.7e-06 3.55e-06 4.1e-06 4e-06 4.65e-06 3.25e-06 1.95e-06 3.3e-06 3.2e-06
49 3.35e-06 3.15e-06 2.65e-06 3.4e-06 3.15e-06 2.8e-06 3.1e-06 2.55e-06 3.45e-06 3.15e-06 2.75e-06 2.8e-06 3.4e-06 2.15e-06 3.4e-06 3.8e-06 2.5e-06 3.5e-06 3.4e-06 2.6e-06 2.85e-06 4.15e-06 3.1e-06 3.6e-06 2.95e-06 3.1e-06 3.8e-06 3.6e-06 2e-06 2.75e-06 3.45e-06 3.55e-06 2.95e-06 2.95e-06 2.35e-06 3.7e-06 4.2e-06 3.8e-06 2.55e-06 3.05e-06 2.75e-06 3e-06 3.25e-06 3.75e-06 2.6e-06 2.75e-06 3.6e-06 2.75e-06 3.25e-06 4e-06 3.25e-06 3.9e-06 2.55e-06 3.15e-06 3.65e-06 3.75e-06 3.8e-06 3.5e-06 3.2e-06 2.45e-06 4.1e-06 3.4e-06 2.95e-06 3.95e-06 2.35e-06
50 4.15e-06 3.7e-06 3.75e-06 2.7e-06 2.5e-06 2.55e-06 4.15e-06 3.8e-06 4.8e-06 3.15e-06 4.3e-06 3.75e-06 2.55e-06 3.3e-06 3.95e-06 3.4e-06 3.55e-06 2.9e-06 2.9e-06 3.8e-06 2.6e-06 4.4e-06 3.2e-06 3.05e-06 3.3e-06 3.7e-06 4.35e-06 4e-06 3.25e-06 3.5e-06 3.85e-06 4.35e-06 4.2e-06 3.9e-06 3.65e-06 2.75e-06 3.45e-06 3.9e-06 3.5e-06 2.55e-06 3.2e-06 2.65e-06 4.2e-06 4.45e-06 3.8e-06 4.05e-06 4.15e-06 4e-06 4.5e-06 3.25e-06 3.8e-06 2.15e-06 3.85e-06 2.65e-06 3.15e-06 2.9e-06 2e-06 2.85e-06 2.8e-06 3.45e-06 2.25e-06 2.95e-06 4.2e-06 3.2e-06 3.4e-06
51 4.25e-06 4.3e-06 4.3e-06 2.7e-06 2.6e-06 2.35e-06 4.35e-06 4.25e-06 5.15e-06 3.1e-06 4.4e-06 4.05e-06 2.1e-06 3.9e-06 4.55e-06 3.05e-06 3.8e-06 3.3e-06 2.65e-06 4e-06 2.4e-06 4.3e-06 2.8e-06 3.45e-06 4.25e-06 4.15e-06 4.95e-06 4.7e-06 3.85e-06 4.1e-06 4.65e-06 4.45e-06 4.2e-06 4.25e-06 4.2e-06 2.7e-06 3.2e-06 4e-06 4.15e-06 2.3e-06 3.65e-06 2.5e-06 4.85e-06 4.85e-06 4.25e-06 4.05e-06 4.55e-06 4.1e-06 4.75e-06 3.9e-06 2.15e-06 2e-06 4.3e-06 2.45e-06 2.75e-06 2.85e-06 1.35e-06 2.85e-06 3e-06 4.1e-06 1.85e-06 2.5e-06 4.4e-06 2.75e-06 4e-06
52 2.7e-06 2.75e-06 2.25e-06 3.55e-06 3.8e-06 3.7e-06 2.5e-06 2.15e-06 3.45e-06 3.1e-06 2.4e-06 3.1e-06 3.55e-06 2.7e-06 2.85e-06 4.05e-06 2.8e-06 3.65e-06 3.3e-06 2.8e-06 3.75e-06 3.5e-06 3.4e-06 3.65e-06 3.25e-06 2.85e-06 3.25e-06 3.9e-06 2.55e-06 3.05e-06 2.9e-06 2.85e-06 2.2e-06 2.6e-06 1.95e-06 3.85e-06 4.25e-06 3.15e-06 2.5e-06 3.95e-06 2.75e-06 3.3e-06 2.8e-06 3.2e-06 2.2e-06 2e-06 2.95e-06 2.1e-06 2.95e-06 2.55e-06 3.85e-06 4.3e-06 3.9e-06 3.35e-06 3.6e-06 3.8e-06 4.45e-06 3.55e-06 3.4e-06 2.2e-06 4.8e-06 3.35e-06 2.85e-06 3.9e-06 2.9e-06
53 3.75e-06 2.7e-06 3.45e-06 2.65e-06 2.9e-06 2.45e-06 3.9e-06 3.3e-06 5.1e-06 3e-06 3.55e-06 3.6e-06 1.85e-06 3.05e-06 3.95e-06 3.7e-06 3.1e-06 3.25e-06 3.05e-06 3.4e-06 2.45e-06 4.25e-06 2.8e-06 3.2e-06 3.65e-06 3.2e-06 4.35e-06 4.7e-06 3.05e-06 3.4e-06 3.55e-06 4.25e-06 3.4e-06 3.25e-06 3.2e-06 3e-06 3.8e-06 3.45e-06 2.7e-06 2.75e-06 3.35e-06 1.8e-06 4.25e-06 4.75e-06 3.35e-06 3.25e-06 3.8e-06 3.25e-06 4.3e-06 3.15e-06 2.65e-06 2.45e-06 3.35e-06 3.4e-06 2.85e-06 2.9e-06 2.1e-06 2.6e-06 2.25e-06 2.5e-06 2.8e-06 2.75e-06 4.05e-06 3.2e-06 3.35e-06
54 2.35e-06 3.4e-06 3.55e-06 3.1e-06 3.5e-06 2.6e-06 2.85e-06 3.5e-06 3.8e-06 2.45e-06 2.7e-06 2.65e-06 2.6e-06 3.7e-06 3.1e-06 3.1e-06 2.65e-06 3.5e-06 3.45e-06 2.85e-06 2.65e-06 3.05e-06 2.8e-06 3.1e-06 3.85e-06 3e-06 3.5e-06 4.05e-06 3.55e-06 3.05e-06 3.2e-06 2.7e-06 2.6e-06 3.4e-06 3.5e-06 3.25e-06 3.2e-06 2.75e-06 3.9e-06 2.7e-06 2.75e-06 2.9e-06 4.2e-06 3.4e-06 3.5e-06 2.5e-06 2.75e-06 2.5e-06 3.15e-06 3.65e-06 3.15e-06 2.75e-06 3.6e-06 2.85e-06 4.5e-06 2.85e-06 2.45e-06 2.7e-06 3.2e-06 4e-06 2.95e-06 2.45e-06 3.2e-06 2.4e-06 3.6e-06
55 3.05e-06 2.8e-06 3.6e-06 2.95e-06 3.2e-06 3e-06 3.25e-06 3.7e-06 3.95e-06 3.1e-06 3.45e-06 3.3e-06 2.65e-06 3.75e-06 2.7e-06 3.1e-06 3.15e-06 2.85e-06 3.4e-06 3.5e-06 3.05e-06 3.4e-06 3.1e-06 2.2e-06 3.1e-06 2.7e-06 3.1e-06 3.9e-06 3.65e-06 2.9e-06 2.15e-06 3.3e-06 3.35e-06 3.4e-06 3.6e-06 2.85e-06 3.2e-06 2.45e-06 3.45e-06 2.85e-06 3.2e-06 2.9e-06 4.15e-06 3.65e-06 3.65e-06 3.25e-06 2.7e-06 3.15e-06 3.65e-06 3.75e-06 2.9e-06 2.85e-06 3.8e-06 2.9e-06 2.85e-06 4.2e-06 2.4e-06 2.3e-06 2.75e-06 3.75e-06 2.45e-06 2.7e-06 3.7e-06 2.75e-06 3.55e-06
56 4.25e-06 4e-06 4.35e-06 2.4e-06 2.5e-06 1.8e-06 4.35e-06 4.4e-06 5.1e-06 2.9e-06 4.35e-06 3.8e-06 1.65e-06 3.8e-06 4.3e-06 3e-06 3.5e-06 3e-06 3.1e-06 3.85e-06 1.85e-06 4.4e-06 2.65e-06 2.8e-06 3.9e-06 3.8e-06 4.7e-06 4.65e-06 3.7e-06 3.7e-06 4.05e-06 4.55e-06 4.3e-06 4.2e-06 4.25e-06 2.65e-06 3.15e-06 3.75e-06 4e-06 2e-06 3.4e-06 2.05e-06 5e-06 4.95e-06 4.4e-06 4.15e-06 4.3e-06 4.1e-06 4.7e-06 3.8e-06 2e-06 1.35e-06 4.45e-06 2.1e-06 2.45e-06 2.4e-06 8e-07 2.2e-06 2.65e-06 4.2e-06 1.45e-06 2.45e-06 4.5e-06 2.7e-06 3.75e-06
57 3.05e-06 2.7e-06 3.45e-06 2.8e-06 3.2e-06 2.7e-06 3.15e-06 3.45e-06 4e-06 2.9e-06 3.2e-06 3.2e-06 2.35e-06 3.5e-06 2.75e-06 3.25e-06 2.9e-06 3e-06 3.3e-06 3.25e-06 2.75e-06 3.45e-06 2.95e-06 2.35e-06 3.05e-06 2.6e-06 3.15e-06 3.95e-06 3.4e-06 2.8e-06 2.2e-06 3.35e-06 3.1e-06 3.3e-06 3.35e-06 3e-06 3.35e-06 2.5e-06 3.35e-06 2.85e-06 3.05e-06 2.6e-06 4.05e-06 3.7e-06 3.45e-06 3e-06 2.75e-06 2.9e-06 3.55e-06 3.5e-06 2.85e-06 2.85e-06 3.55e-06 2.6e-06 2.7e-06 2.3e-06 2.2e-06 4.3e-06 2.75e-06 3.5e-06 2.7e-06 2.7e-06 3.6e-06 2.9e-06 3.45e-06
58 3.65e-06 2.5e-06 3.4e-06 2.85e-06 3e-06 3e-06 3.7e-06 3.3e-06 4.6e-06 3.1e-06 3.7e-06 3.6e-06 2.7e-06 3.15e-06 3.45e-06 3.6e-06 3.3e-06 2.55e-06 3.2e-06 3.55e-06 3e-06 4.3e-06 3.2e-06 2.45e-06 3.25e-06 3e-06 3.85e-06 4.25e-06 3.1e-06 3.25e-06 2.95e-06 3.9e-06 3.55e-06 3.1e-06 3.25e-06 2.9e-06 3.75e-06 3.4e-06 2.55e-06 3e-06 3.3e-06 2.35e-06 4e-06 4.35e-06 3.3e-06 3.45e-06 3.35e-06 3.4e-06 4.1e-06 3.2e-06 2.8e-06 3e-06 3.4e-06 2.25e-06 3.2e-06 2.75e-06 2.65e-06 2.75e-06 3.8e-06 2.55e-06 2.5e-06 3e-06 3.95e-06 3.25e-06 3.2e-06
59 3.8e-06 2.15e-06 2.35e-06 3.1e-06 3.3e-06 3.9e-06 3.55e-06 2.25e-06 4.5e-06 3.6e-06 3.5e-06 3.95e-06 3.05e-06 2.45e-06 3.45e-06 4.45e-06 3.55e-06 3.2e-06 2.95e-06 3.7e-06 3.9e-06 4.35e-06 3.8e-06 3.6e-06 3.1e-06 3.2e-06 3.85e-06 4.25e-06 2.45e-06 3.5e-06 3.1e-06 3.95e-06 3.35e-06 2.5e-06 2.05e-06 3.4e-06 4.6e-06 3.6e-06 1.4e-06 4.15e-06 3.45e-06 2.5e-06 2.9e-06 4.2e-06 2.3e-06 3.2e-06 3.6e-06 3.2e-06 4e-06 2.45e-06 3.45e-06 4.1e-06 2.2e-06 2.5e-06 4e-06 3.75e-06 4.2e-06 3.5e-06 2.55e-06 2.1e-06 4.5e-06 3.8e-06 3.75e-06 4.3e-06 2.8e-06
60 4.2e-06 4.05e-06 4.55e-06 2.9e-06 2.65e-06 2.5e-06 4.5e-06 4.7e-06 4.8e-06 3.25e-06 4.6e-06 3.85e-06 2.65e-06 4.1e-06 4.15e-06 2.95e-06 3.75e-06 2.65e-06 3.45e-06 4.1e-06 2.55e-06 4.55e-06 3.05e-06 2.45e-06 3.8e-06 3.85e-06 4.55e-06 4.45e-06 4e-06 3.7e-06 3.9e-06 4.5e-06 4.6e-06 4.4e-06 4.6e-06 2.65e-06 3.15e-06 3.9e-06 4.2e-06 2.2e-06 3.65e-06 2.8e-06 5.1e-06 4.8e-06 4.65e-06 4.5e-06 4.1e-06 4.4e-06 4.65e-06 4.1e-06 2.25e-06 1.85e-06 4.8e-06 2.8e-06 2.95e-06 2.45e-06 1.45e-06 2.7e-06 2.5e-06 4.5e-06 1.9e-06 2.7e-06 4.5e-06 2.7e-06 3.9e-06
61 2.45e-06 3.3e-06 3.35e-06 3.1e-06 3.25e-06 2.45e-06 2.85e-06 3.35e-06 3.9e-06 2.6e-06 2.6e-06 2.7e-06 2.55e-06 3.45e-06 3.15e-06 3e-06 2.5e-06 3.4e-06 3.35e-06 2.65e-06 2.5e-06 3.15e-06 2.45e-06 3e-06 3.75e-06 2.85e-06 3.55e-06 4.1e-06 3.3e-06 2.9e-06 3.2e-06 2.95e-06 2.4e-06 3.35e-06 3.25e-06 3.1e-06 3.1e-06 2.8e-06 3.8e-06 2.4e-06 2.7e-06 2.8e-06 4.15e-06 3.5e-06 3.35e-06 2.2e-06 2.95e-06 2.3e-06 3.25e-06 3.4e-06 2.95e-06 2.5e-06 3.35e-06 2.75e-06 2.45e-06 2.7e-06 2.45e-06 2.7e-06 3e-06 3.8e-06 2.7e-06 4.3e-06 3.1e-06 2.45e-06 3.45e-06
62 1.85e-06 3.3e-06 2.85e-06 3.8e-06 4.2e-06 3.35e-06 1.75e-06 2.75e-06 1.85e-06 2.95e-06 1.8e-06 2.15e-06 4e-06 3.1e-06 2.3e-06 3.15e-06 2.05e-06 3.75e-06 3.65e-06 2.1e-06 3.4e-06 2.7e-06 3.15e-06 3.55e-06 3.3e-06 2.5e-06 2.7e-06 3.1e-06 2.85e-06 2.5e-06 2.8e-06 1.85e-06 1.8e-06 2.8e-06 2.75e-06 3.9e-06 3.65e-06 2.8e-06 3.7e-06 3.4e-06 2.3e-06 4.1e-06 3.25e-06 2.2e-06 2.75e-06 1.7e-06 2.4e-06 1.7e-06 1.95e-06 2.95e-06 4.2e-06 4.4e-06 2.85e-06 4.05e-06 3.2e-06 3.7e-06 4.5e-06 3.6e-06 3.95e-06 3.75e-06 4.5e-06 3.1e-06 3.3e-06 3.3e-06 2.95e-06
63 2.3e-06 3.55e-06 3.7e-06 3.25e-06 3.5e-06 2.95e-06 3e-06 3.8e-06 3.8e-06 2.7e-06 3e-06 2.75e-06 2.95e-06 4e-06 3.05e-06 2.95e-06 2.95e-06 3.35e-06 3.55e-06 3.15e-06 3e-06 2.95e-06 3e-06 3e-06 3.95e-06 3.15e-06 3.45e-06 3.95e-06 3.85e-06 3.15e-06 3.2e-06 2.65e-06 2.9e-06 3.55e-06 3.8e-06 3.05e-06 3e-06 2.7e-06 4.05e-06 2.7e-06 2.9e-06 3.25e-06 4.3e-06 3.3e-06 3.75e-06 2.8e-06 2.7e-06 2.8e-06 3.3e-06 3.95e-06 3.2e-06 2.75e-06 3.9e-06 3.2e-06 2.4e-06 2.75e-06 2.7e-06 2.9e-06 3.25e-06 4.3e-06 2.7e-06 2.45e-06 3.3e-06 4.3e-06 3.75e-06
64 3.2e-06 3.15e-06 2.85e-06 3.3e-06 3.3e-06 3e-06 3.05e-06 2.9e-06 3.1e-06 3.3e-06 3e-06 2.8e-06 3.55e-06 2.5e-06 3.15e-06 3.55e-06 2.7e-06 3.2e-06 3.4e-06 2.85e-06 3.05e-06 3.95e-06 3.35e-06 3.35e-06 3e-06 3.1e-06 3.55e-06 3.3e-06 2.25e-06 2.8e-06 3.2e-06 3.25e-06 3.2e-06 2.9e-06 2.7e-06 3.45e-06 4e-06 3.6e-06 2.45e-06 3.1e-06 2.75e-06 3.2e-06 3.35e-06 3.5e-06 2.9e-06 3e-06 3.35e-06 3e-06 3.2e-06 2.35e-06 3.4e-06 4e-06 2.9e-06 3.35e-06 3.6e-06 3.55e-06 3.75e-06 3.45e-06 3.2e-06 2.8e-06 3.9e-06 3.45e-06 2.95e-06 3.75e-06 4.5e-06
