 slim_762287439 slim_762287453 slim_762287449 slim_762287442 slim_762287435 slim_762287431 slim_762287450 slim_762287420 slim_762287430 slim_762287455 slim_762287422 slim_762287446 slim_762287441 slim_762287447 slim_762287457 slim_762287417 slim_762287436 slim_762287458 slim_762287448 slim_762287465 slim_762287429 slim_762287456 slim_762287452 slim_762287440 slim_762287445 slim_762287459 slim_762287460 slim_762287423 slim_762287437 slim_762287463 slim_762287438 slim_762287464 slim_762287444 slim_762287426 slim_762287428 slim_762287466 slim_762287425 slim_762287416 slim_762287451 slim_762287427 slim_762287432 slim_762287443 slim_762287415 slim_762287433 slim_762287462 slim_762287418 slim_762287454 slim_762287421 slim_762287419 slim_762287461 slim_762287424 slim_762287434
0 3.4e-06 2.8e-06 3e-06 2.9e-06 2.5e-06 1.95e-06 2.55e-06 2.45e-06 3e-06 2.35e-06 2.1e-06 2.15e-06 2.8e-06 2.85e-06 2.1e-06 2.95e-06 2.45e-06 1.85e-06 2.5e-06 2.85e-06 2.5e-06 2.4e-06 3e-06 2.25e-06 2.45e-06 2.65e-06 2.55e-06 3e-06 2.2e-06 2.35e-06 2.5e-06 2.15e-06 2.95e-06 2.95e-06 1.8e-06 2.5e-06 2.55e-06 2.45e-06 2.65e-06 2.35e-06 2e-06 2.95e-06 2.6e-06 2.3e-06 2.2e-06 2.6e-06 2.35e-06 2.55e-06 2.55e-06 2.5e-06 2.4e-06 2.8e-06
1 2.8e-06 1.7e-06 3.7e-06 1.45e-06 2.3e-06 2.5e-06 9e-07 3.3e-06 9.5e-07 2.8e-06 2.8e-06 1.75e-06 2.85e-06 2.05e-06 2.65e-06 3.1e-06 3e-06 2.45e-06 2.3e-06 1.5e-06 2.3e-06 3.2e-06 3.55e-06 2.7e-06 3.2e-06 2.3e-06 1.2e-06 2.35e-06 2.7e-06 1.8e-06 2.15e-06 2.85e-06 1.75e-06 1.85e-06 2.25e-06 2.15e-06 3.1e-06 1.8e-06 2.2e-06 2.5e-06 2.55e-06 3.6e-06 2e-06 3.1e-06 1.6e-06 1.3e-06 1.55e-06 3.25e-06 2.35e-06 2.2e-06 2e-06 2.25e-06
2 3e-06 3.7e-06 4.3e-06 3.7e-06 2.65e-06 2.9e-06 3.5e-06 2.65e-06 3.75e-06 2.5e-06 2.65e-06 3.25e-06 3e-06 2.95e-06 2.6e-06 2.5e-06 2.4e-06 2.95e-06 3.15e-06 3.65e-06 3e-06 2.6e-06 2.4e-06 2.4e-06 2.9e-06 3e-06 3.55e-06 2.9e-06 2.6e-06 2.9e-06 3.1e-06 2.7e-06 3.5e-06 3.1e-06 2.65e-06 3.1e-06 2.65e-06 3.5e-06 3.3e-06 2.55e-06 2.95e-06 2.7e-06 2.8e-06 2.95e-06 3.1e-06 3.4e-06 3.15e-06 2.4e-06 2.7e-06 3.1e-06 3.6e-06 3.05e-06
3 2.9e-06 1.45e-06 3.7e-06 2.2e-06 2.45e-06 2.8e-06 1.15e-06 3.2e-06 1.6e-06 3.1e-06 3.15e-06 2.05e-06 2.85e-06 2.5e-06 3e-06 3e-06 3.1e-06 2.6e-06 2.55e-06 1.6e-06 2.3e-06 3.55e-06 3.5e-06 3e-06 3.05e-06 2.3e-06 1.25e-06 2.35e-06 2.85e-06 2.15e-06 2.45e-06 3.2e-06 1.7e-06 2.35e-06 2.6e-06 2.45e-06 3.1e-06 2.1e-06 2.1e-06 2.85e-06 2.85e-06 3.6e-06 2.25e-06 3.4e-06 1.9e-06 1.6e-06 2.05e-06 3.55e-06 2.5e-06 2.5e-06 2.1e-06 2.3e-06
4 2.5e-06 2.3e-06 2.65e-06 2.45e-06 2.6e-06 1.75e-06 2.35e-06 2.8e-06 2.1e-06 1.5e-06 2e-06 1.8e-06 2.65e-06 1.7e-06 1.7e-06 2.4e-06 1.65e-06 1.8e-06 2.45e-06 2.45e-06 2.15e-06 2.2e-06 2.45e-06 1.4e-06 2.6e-06 1.95e-06 2.1e-06 1.85e-06 1.8e-06 1.6e-06 2.45e-06 2.05e-06 2.65e-06 1.85e-06 1.5e-06 2.45e-06 2.55e-06 2.1e-06 2.55e-06 1.55e-06 1.8e-06 2.85e-06 1.8e-06 2.3e-06 1.95e-06 1.65e-06 1.75e-06 1.9e-06 1.35e-06 2.45e-06 2.45e-06 2.1e-06
5 1.95e-06 2.5e-06 2.9e-06 2.8e-06 1.75e-06 1e-06 2.75e-06 2.55e-06 2.2e-06 1.1e-06 1.55e-06 1.35e-06 3e-06 1.85e-06 1.1e-06 2.8e-06 1.7e-06 1.05e-06 2.75e-06 2.85e-06 1.95e-06 2.15e-06 2.75e-06 1e-06 2.35e-06 2.3e-06 2.4e-06 2.05e-06 1.55e-06 1.3e-06 2.7e-06 1.6e-06 3.15e-06 2.15e-06 5e-07 2.7e-06 2.25e-06 1.9e-06 2.5e-06 1.3e-06 5.5e-07 2.95e-06 2.1e-06 1.6e-06 1.65e-06 2.05e-06 1.3e-06 2.05e-06 1.8e-06 2.7e-06 2.35e-06 2.1e-06
6 2.55e-06 9e-07 3.5e-06 1.15e-06 2.35e-06 2.75e-06 1e-07 3.15e-06 1.55e-06 3.05e-06 3.1e-06 2.1e-06 2.7e-06 2.45e-06 2.95e-06 2.9e-06 3.2e-06 2.7e-06 2.05e-06 9e-07 2.15e-06 3.5e-06 3.35e-06 2.95e-06 3e-06 2e-06 9e-07 2.55e-06 2.6e-06 2.05e-06 1.9e-06 3.15e-06 1.05e-06 2.25e-06 2.55e-06 1.9e-06 2.95e-06 2.2e-06 2e-06 2.75e-06 2.8e-06 3.45e-06 1.7e-06 3.35e-06 1.35e-06 1.45e-06 2e-06 3.5e-06 2.4e-06 1.95e-06 1.7e-06 2.5e-06
7 2.45e-06 3.3e-06 2.65e-06 3.2e-06 2.8e-06 2.55e-06 3.15e-06 4.2e-06 3.4e-06 2.65e-06 2.45e-06 2.55e-06 2.8e-06 3.15e-06 2.45e-06 2.65e-06 2.55e-06 2.45e-06 2.95e-06 3.25e-06 2.55e-06 2.7e-06 2.7e-06 2.55e-06 2.65e-06 3.05e-06 3.05e-06 3.1e-06 2.6e-06 2.7e-06 2.95e-06 2.5e-06 3.1e-06 3.25e-06 2.2e-06 2.95e-06 2.35e-06 3.05e-06 2.85e-06 2.65e-06 2.6e-06 2.7e-06 3e-06 2.85e-06 2.7e-06 3e-06 2.75e-06 2.8e-06 2.85e-06 2.95e-06 3.1e-06 2.95e-06
8 3e-06 9.5e-07 3.75e-06 1.6e-06 2.1e-06 2.2e-06 1.55e-06 3.4e-06 2e-07 2.5e-06 2.45e-06 1.55e-06 2.85e-06 1.5e-06 2.3e-06 3.15e-06 2.65e-06 2.15e-06 2.4e-06 1.9e-06 2.4e-06 2.75e-06 3.6e-06 2.4e-06 3.25e-06 2.45e-06 1.35e-06 2e-06 2.75e-06 1.5e-06 2.25e-06 2.5e-06 2.3e-06 1.4e-06 2e-06 2.25e-06 3.2e-06 1.35e-06 2.25e-06 2.2e-06 2.25e-06 3.6e-06 2.15e-06 2.7e-06 1.8e-06 1.1e-06 1.05e-06 2.85e-06 2.15e-06 2.3e-06 2.15e-06 1.85e-06
9 2.35e-06 2.8e-06 2.5e-06 3.1e-06 1.5e-06 1.1e-06 3.05e-06 2.65e-06 2.5e-06 1.4e-06 1.55e-06 1.55e-06 3.05e-06 1.55e-06 1.1e-06 2.4e-06 1.25e-06 1.4e-06 2.8e-06 3.1e-06 2.2e-06 1.95e-06 2.35e-06 7e-07 2.55e-06 2.05e-06 2.65e-06 1.75e-06 1.3e-06 1.35e-06 2.75e-06 1.55e-06 3.4e-06 1.9e-06 7e-07 2.75e-06 2.35e-06 2.3e-06 2.9e-06 1e-06 1.15e-06 2.85e-06 1.85e-06 2e-06 1.9e-06 2.3e-06 1.55e-06 1.55e-06 1.55e-06 2.7e-06 2.75e-06 2.15e-06
10 2.1e-06 2.8e-06 2.65e-06 3.15e-06 2e-06 1.55e-06 3.1e-06 2.45e-06 2.45e-06 1.55e-06 2.3e-06 1.75e-06 2.45e-06 2.1e-06 1.15e-06 2.8e-06 1.8e-06 1.6e-06 2.25e-06 3.15e-06 2.4e-06 1.2e-06 2.7e-06 1.45e-06 2.5e-06 2.6e-06 2.7e-06 2.35e-06 2e-06 1.75e-06 2.2e-06 1.25e-06 3.4e-06 2.25e-06 1.15e-06 2.2e-06 2.4e-06 2.25e-06 2.9e-06 1.6e-06 1.6e-06 2.5e-06 2.4e-06 1.65e-06 2.1e-06 2.15e-06 1.75e-06 1.45e-06 2.05e-06 2.1e-06 2.75e-06 2e-06
11 2.15e-06 1.75e-06 3.25e-06 2.05e-06 1.8e-06 1.35e-06 2.1e-06 2.55e-06 1.55e-06 1.55e-06 1.75e-06 1.5e-06 2.8e-06 1.8e-06 1.5e-06 2.7e-06 1.8e-06 1.25e-06 2.45e-06 2.2e-06 1.9e-06 2.4e-06 3.05e-06 1.45e-06 2.6e-06 2.15e-06 1.6e-06 2e-06 1.85e-06 1.1e-06 2.4e-06 1.8e-06 2.55e-06 1.75e-06 8.5e-07 2.4e-06 2.45e-06 1.55e-06 2.2e-06 1.45e-06 1.4e-06 3.2e-06 2.05e-06 2.3e-06 1.5e-06 1.4e-06 1.15e-06 2.35e-06 1.85e-06 2.35e-06 2e-06 2e-06
12 2.8e-06 2.85e-06 3e-06 2.85e-06 2.65e-06 3e-06 2.7e-06 2.8e-06 2.85e-06 3.05e-06 2.45e-06 2.8e-06 4.1e-06 3e-06 2.55e-06 3e-06 3e-06 2.8e-06 2.35e-06 2.75e-06 2.4e-06 2.2e-06 2.9e-06 2.95e-06 2.7e-06 3.05e-06 2.7e-06 3e-06 3.05e-06 2.8e-06 2.4e-06 2.45e-06 2.45e-06 3e-06 2.75e-06 2.4e-06 2.7e-06 2.85e-06 2.75e-06 2.95e-06 3.05e-06 2.6e-06 2.9e-06 2.7e-06 2.7e-06 2.4e-06 2.75e-06 2.65e-06 2.7e-06 2.45e-06 3e-06 2.55e-06
13 2.85e-06 2.05e-06 2.95e-06 2.5e-06 1.7e-06 1.85e-06 2.45e-06 3.15e-06 1.5e-06 1.55e-06 2.1e-06 1.8e-06 3e-06 2.8e-06 1.8e-06 2.6e-06 1.8e-06 1.95e-06 2.65e-06 2.65e-06 2.5e-06 2.3e-06 2.8e-06 1.5e-06 2.95e-06 2.15e-06 2.15e-06 1.75e-06 1.95e-06 1.55e-06 2.55e-06 2.15e-06 3e-06 1.55e-06 1.6e-06 2.55e-06 2.9e-06 1.95e-06 2.7e-06 1.55e-06 1.9e-06 3.2e-06 1.9e-06 2.4e-06 2.05e-06 1.85e-06 1.5e-06 2e-06 1.75e-06 2.55e-06 2.6e-06 2.05e-06
14 2.1e-06 2.65e-06 2.6e-06 3e-06 1.7e-06 1.1e-06 2.95e-06 2.45e-06 2.3e-06 1.1e-06 1.15e-06 1.5e-06 2.55e-06 1.8e-06 1.4e-06 2.65e-06 1.5e-06 1.3e-06 2.35e-06 3e-06 2.1e-06 1.15e-06 2.45e-06 1e-06 2.2e-06 2.3e-06 2.55e-06 2.05e-06 1.6e-06 1.45e-06 2.3e-06 1.2e-06 3.25e-06 2.1e-06 7e-07 2.3e-06 2.15e-06 2.1e-06 2.75e-06 1.3e-06 1.15e-06 2.25e-06 2.1e-06 1.6e-06 1.8e-06 2.05e-06 1.45e-06 1.45e-06 1.75e-06 2.25e-06 2.6e-06 1.7e-06
15 2.95e-06 3.1e-06 2.5e-06 3e-06 2.4e-06 2.8e-06 2.9e-06 2.65e-06 3.15e-06 2.4e-06 2.8e-06 2.7e-06 3e-06 2.6e-06 2.65e-06 3.5e-06 2e-06 2.55e-06 3.05e-06 3.1e-06 2.75e-06 2.9e-06 2.3e-06 2.3e-06 2.65e-06 2.55e-06 2.85e-06 2.55e-06 2.3e-06 2.6e-06 3e-06 2.85e-06 3e-06 2.45e-06 2.55e-06 3e-06 2.55e-06 2.85e-06 2.65e-06 2.15e-06 2.85e-06 2.75e-06 2.45e-06 3.1e-06 2.75e-06 2.9e-06 2.8e-06 2.55e-06 2.45e-06 3e-06 2.95e-06 2.85e-06
16 2.45e-06 3e-06 2.4e-06 3.1e-06 1.65e-06 1.7e-06 3.2e-06 2.55e-06 2.65e-06 1.25e-06 1.8e-06 1.8e-06 3e-06 1.8e-06 1.5e-06 2e-06 1.9e-06 1.55e-06 2.75e-06 3.2e-06 2.55e-06 1.95e-06 2.2e-06 1.15e-06 2.45e-06 2.1e-06 2.65e-06 2e-06 1.55e-06 1.7e-06 2.75e-06 1.85e-06 3.5e-06 1.95e-06 1.35e-06 2.75e-06 2.4e-06 2.2e-06 2.8e-06 1.3e-06 1.75e-06 2.65e-06 2.05e-06 2.2e-06 2.3e-06 2.4e-06 1.95e-06 1.6e-06 1.7e-06 2.7e-06 2.65e-06 2.3e-06
17 1.85e-06 2.45e-06 2.95e-06 2.6e-06 1.8e-06 1.05e-06 2.7e-06 2.45e-06 2.15e-06 1.4e-06 1.6e-06 1.25e-06 2.8e-06 1.95e-06 1.3e-06 2.55e-06 1.55e-06 1.7e-06 2.55e-06 2.7e-06 2.05e-06 2.05e-06 2.75e-06 1.3e-06 2.05e-06 2.25e-06 2.15e-06 2.15e-06 1.7e-06 1.4e-06 2.55e-06 1.65e-06 3e-06 2.1e-06 8.5e-07 2.55e-06 2.3e-06 1.5e-06 2.1e-06 1.45e-06 1.1e-06 2.85e-06 2.2e-06 1.85e-06 1.8e-06 1.9e-06 1.45e-06 2.05e-06 1.85e-06 2.5e-06 1.95e-06 2.1e-06
18 2.5e-06 2.3e-06 3.15e-06 2.55e-06 2.45e-06 2.75e-06 2.05e-06 2.95e-06 2.4e-06 2.8e-06 2.25e-06 2.45e-06 2.35e-06 2.65e-06 2.35e-06 3.05e-06 2.75e-06 2.55e-06 3.8e-06 2.35e-06 2.65e-06 2.05e-06 3.1e-06 2.7e-06 2.9e-06 2.65e-06 2.2e-06 2.85e-06 2.7e-06 2.45e-06 1.95e-06 2.25e-06 2.5e-06 2.6e-06 2.5e-06 1.95e-06 2.9e-06 2.5e-06 2.75e-06 2.65e-06 2.8e-06 2.85e-06 2.45e-06 2.45e-06 2.25e-06 2.1e-06 2.4e-06 2.45e-06 2.5e-06 2.05e-06 2.55e-06 2.45e-06
19 2.85e-06 1.5e-06 3.65e-06 1.6e-06 2.45e-06 2.85e-06 9e-07 3.25e-06 1.9e-06 3.1e-06 3.15e-06 2.2e-06 2.75e-06 2.65e-06 3e-06 3.1e-06 3.2e-06 2.7e-06 2.35e-06 1.8e-06 2.2e-06 3.55e-06 3.4e-06 3e-06 3.1e-06 2.35e-06 1.35e-06 2.7e-06 2.8e-06 2.2e-06 2.35e-06 3.2e-06 1.45e-06 2.55e-06 2.6e-06 2.35e-06 3e-06 2.35e-06 2.2e-06 2.9e-06 2.9e-06 3.5e-06 2.15e-06 3.45e-06 1.8e-06 1.65e-06 2.2e-06 3.55e-06 2.5e-06 2.35e-06 2.1e-06 2.65e-06
20 2.5e-06 2.3e-06 3e-06 2.3e-06 2.15e-06 1.95e-06 2.15e-06 2.55e-06 2.4e-06 2.2e-06 2.4e-06 1.9e-06 2.4e-06 2.5e-06 2.1e-06 2.75e-06 2.55e-06 2.05e-06 2.65e-06 2.2e-06 3.2e-06 2.9e-06 2.7e-06 2.1e-06 2.45e-06 2.5e-06 2.15e-06 2.45e-06 2.3e-06 1.95e-06 2.7e-06 2.45e-06 1.95e-06 2.65e-06 1.6e-06 2.7e-06 2.2e-06 2.45e-06 2.3e-06 2.25e-06 2e-06 2.8e-06 2.35e-06 2.8e-06 1.9e-06 2e-06 1.95e-06 2.9e-06 2.2e-06 2.7e-06 2.5e-06 2.4e-06
21 2.4e-06 3.2e-06 2.6e-06 3.55e-06 2.2e-06 2.15e-06 3.5e-06 2.7e-06 2.75e-06 1.95e-06 1.2e-06 2.4e-06 2.2e-06 2.3e-06 1.15e-06 2.9e-06 1.95e-06 2.05e-06 2.05e-06 3.55e-06 2.9e-06 9e-07 2.65e-06 1.85e-06 2.45e-06 2.85e-06 3.1e-06 2.6e-06 2.35e-06 2.3e-06 2e-06 1.2e-06 3.75e-06 2.45e-06 1.85e-06 2e-06 2.65e-06 2.5e-06 3.2e-06 2e-06 2.2e-06 2.05e-06 2.65e-06 1.5e-06 2.6e-06 2.45e-06 2.25e-06 1.2e-06 2.25e-06 2e-06 3.1e-06 1.85e-06
22 3e-06 3.55e-06 2.4e-06 3.5e-06 2.45e-06 2.75e-06 3.35e-06 2.7e-06 3.6e-06 2.35e-06 2.7e-06 3.05e-06 2.9e-06 2.8e-06 2.45e-06 2.3e-06 2.2e-06 2.75e-06 3.1e-06 3.4e-06 2.7e-06 2.65e-06 4e-06 2.25e-06 2.7e-06 2.8e-06 3.35e-06 2.75e-06 2.4e-06 2.8e-06 3.15e-06 2.75e-06 3.2e-06 2.95e-06 2.5e-06 3.15e-06 2.3e-06 3.3e-06 3.1e-06 2.4e-06 2.8e-06 2.3e-06 2.65e-06 3e-06 2.95e-06 3.2e-06 3e-06 2.45e-06 2.5e-06 3.15e-06 3.4e-06 2.9e-06
23 2.25e-06 2.7e-06 2.4e-06 3e-06 1.4e-06 1e-06 2.95e-06 2.55e-06 2.4e-06 7e-07 1.45e-06 1.45e-06 2.95e-06 1.5e-06 1e-06 2.3e-06 1.15e-06 1.3e-06 2.7e-06 3e-06 2.1e-06 1.85e-06 2.25e-06 1.2e-06 2.45e-06 1.95e-06 2.55e-06 1.7e-06 1.2e-06 1.25e-06 2.65e-06 1.5e-06 3.3e-06 1.8e-06 6e-07 2.65e-06 2.25e-06 2.2e-06 2.8e-06 9e-07 1.05e-06 2.75e-06 1.75e-06 1.9e-06 1.8e-06 2.2e-06 1.45e-06 1.45e-06 1.45e-06 2.6e-06 2.65e-06 2.05e-06
24 2.45e-06 3.2e-06 2.9e-06 3.05e-06 2.6e-06 2.35e-06 3e-06 2.65e-06 3.25e-06 2.55e-06 2.5e-06 2.6e-06 2.7e-06 2.95e-06 2.2e-06 2.65e-06 2.45e-06 2.05e-06 2.9e-06 3.1e-06 2.45e-06 2.45e-06 2.7e-06 2.45e-06 3.7e-06 2.85e-06 2.9e-06 2.9e-06 2.55e-06 2.7e-06 2.9e-06 2.55e-06 2.9e-06 3.1e-06 2.25e-06 2.9e-06 2.5e-06 2.55e-06 2.4e-06 2.6e-06 2.4e-06 2.55e-06 2.8e-06 2.65e-06 2.65e-06 2.85e-06 2.7e-06 2.7e-06 2.65e-06 2.9e-06 2.6e-06 2.6e-06
25 2.65e-06 2.3e-06 3e-06 2.3e-06 1.95e-06 2.3e-06 2e-06 3.05e-06 2.45e-06 2.05e-06 2.6e-06 2.15e-06 3.05e-06 2.15e-06 2.3e-06 2.55e-06 2.1e-06 2.25e-06 2.65e-06 2.35e-06 2.5e-06 2.85e-06 2.8e-06 1.95e-06 2.85e-06 3.7e-06 1.95e-06 2.3e-06 1.9e-06 2.05e-06 2.6e-06 2.65e-06 2.55e-06 2.25e-06 2.05e-06 2.6e-06 2.9e-06 2.45e-06 2.65e-06 2.05e-06 2.35e-06 3.25e-06 1.9e-06 2.9e-06 2.05e-06 2.2e-06 2.2e-06 2.5e-06 1.95e-06 2.6e-06 2.45e-06 2.6e-06
26 2.55e-06 1.2e-06 3.55e-06 1.25e-06 2.1e-06 2.4e-06 9e-07 3.05e-06 1.35e-06 2.65e-06 2.7e-06 1.6e-06 2.7e-06 2.15e-06 2.55e-06 2.85e-06 2.65e-06 2.15e-06 2.2e-06 1.35e-06 2.15e-06 3.1e-06 3.35e-06 2.55e-06 2.9e-06 1.95e-06 1.7e-06 2.3e-06 2.45e-06 1.7e-06 2.1e-06 2.75e-06 1.6e-06 2e-06 2.15e-06 2.1e-06 2.95e-06 1.75e-06 1.95e-06 2.4e-06 2.45e-06 3.45e-06 1.9e-06 3e-06 1.55e-06 1.25e-06 1.7e-06 3.1e-06 2.15e-06 2.1e-06 1.75e-06 2.25e-06
27 3e-06 2.35e-06 2.9e-06 2.35e-06 1.85e-06 2.05e-06 2.55e-06 3.1e-06 2e-06 1.75e-06 2.35e-06 2e-06 3e-06 1.75e-06 2.05e-06 2.55e-06 2e-06 2.15e-06 2.85e-06 2.7e-06 2.45e-06 2.6e-06 2.75e-06 1.7e-06 2.9e-06 2.3e-06 2.3e-06 3.2e-06 2.15e-06 1.75e-06 2.75e-06 2.4e-06 2.9e-06 1.85e-06 1.8e-06 2.75e-06 2.85e-06 2.25e-06 2.65e-06 1.75e-06 2.1e-06 3.2e-06 2.05e-06 2.65e-06 2.2e-06 2.05e-06 1.85e-06 2.25e-06 1.9e-06 2.75e-06 2.75e-06 2e-06
28 2.2e-06 2.7e-06 2.6e-06 2.85e-06 1.8e-06 1.55e-06 2.6e-06 2.6e-06 2.75e-06 1.3e-06 2e-06 1.85e-06 3.05e-06 1.95e-06 1.6e-06 2.3e-06 1.55e-06 1.7e-06 2.7e-06 2.8e-06 2.3e-06 2.35e-06 2.4e-06 1.2e-06 2.55e-06 1.9e-06 2.45e-06 2.15e-06 2.3e-06 1.8e-06 2.7e-06 2.05e-06 3.05e-06 2.2e-06 1.25e-06 2.7e-06 2.45e-06 2.45e-06 2.8e-06 1.45e-06 1.6e-06 2.9e-06 1.85e-06 2.35e-06 1.95e-06 2.55e-06 1.95e-06 1.95e-06 1.85e-06 2.7e-06 2.6e-06 2.5e-06
29 2.35e-06 1.8e-06 2.9e-06 2.15e-06 1.6e-06 1.3e-06 2.05e-06 2.7e-06 1.5e-06 1.35e-06 1.75e-06 1.1e-06 2.8e-06 1.55e-06 1.45e-06 2.6e-06 1.7e-06 1.4e-06 2.45e-06 2.2e-06 1.95e-06 2.3e-06 2.8e-06 1.25e-06 2.7e-06 2.05e-06 1.7e-06 1.75e-06 1.8e-06 1.8e-06 2.35e-06 1.8e-06 2.55e-06 1.6e-06 9e-07 2.35e-06 2.45e-06 1.7e-06 2.3e-06 1.3e-06 1.35e-06 3.1e-06 1.8e-06 2.2e-06 1.5e-06 1.45e-06 1.15e-06 2.1e-06 1.65e-06 2.3e-06 2.15e-06 1.9e-06
30 2.5e-06 2.15e-06 3.1e-06 2.45e-06 2.45e-06 2.7e-06 1.9e-06 2.95e-06 2.25e-06 2.75e-06 2.2e-06 2.4e-06 2.4e-06 2.55e-06 2.3e-06 3e-06 2.75e-06 2.55e-06 1.95e-06 2.35e-06 2.7e-06 2e-06 3.15e-06 2.65e-06 2.9e-06 2.6e-06 2.1e-06 2.75e-06 2.7e-06 2.35e-06 3.7e-06 2.2e-06 2.5e-06 2.45e-06 2.45e-06 1.85e-06 2.95e-06 2.45e-06 2.7e-06 2.55e-06 2.75e-06 2.9e-06 2.35e-06 2.4e-06 2.15e-06 2.05e-06 2.3e-06 2.4e-06 2.5e-06 1.95e-06 2.5e-06 2.35e-06
31 2.15e-06 2.85e-06 2.7e-06 3.2e-06 2.05e-06 1.6e-06 3.15e-06 2.5e-06 2.5e-06 1.55e-06 1.25e-06 1.8e-06 2.45e-06 2.15e-06 1.2e-06 2.85e-06 1.85e-06 1.65e-06 2.25e-06 3.2e-06 2.45e-06 1.2e-06 2.75e-06 1.5e-06 2.55e-06 2.65e-06 2.75e-06 2.4e-06 2.05e-06 1.8e-06 2.2e-06 2.4e-06 3.45e-06 2.3e-06 1.2e-06 2.2e-06 2.45e-06 2.3e-06 2.95e-06 1.65e-06 1.65e-06 2.55e-06 2.45e-06 1.65e-06 2.15e-06 2.25e-06 1.8e-06 1.55e-06 2.1e-06 2.2e-06 2.8e-06 2.05e-06
32 2.95e-06 1.75e-06 3.5e-06 1.7e-06 2.65e-06 3.15e-06 1.05e-06 3.1e-06 2.3e-06 3.4e-06 3.4e-06 2.55e-06 2.45e-06 3e-06 3.25e-06 3e-06 3.5e-06 3e-06 2.5e-06 1.45e-06 1.95e-06 3.75e-06 3.2e-06 3.3e-06 2.9e-06 2.55e-06 1.6e-06 2.9e-06 3.05e-06 2.55e-06 2.5e-06 3.45e-06 2e-06 2.9e-06 2.9e-06 2.5e-06 2.8e-06 2.7e-06 2.15e-06 3.2e-06 3.2e-06 3.25e-06 2.35e-06 3.7e-06 2e-06 1.9e-06 2.55e-06 3.8e-06 2.7e-06 2.45e-06 2.3e-06 2.8e-06
33 2.95e-06 1.85e-06 3.1e-06 2.35e-06 1.85e-06 2.15e-06 2.25e-06 3.25e-06 1.4e-06 1.9e-06 2.25e-06 1.75e-06 3e-06 1.55e-06 2.1e-06 2.45e-06 1.95e-06 2.1e-06 2.6e-06 2.55e-06 2.65e-06 2.45e-06 2.95e-06 1.8e-06 3.1e-06 2.25e-06 2e-06 1.85e-06 2.2e-06 1.6e-06 2.45e-06 2.3e-06 2.9e-06 2.4e-06 1.9e-06 2.45e-06 3.05e-06 1.75e-06 2.6e-06 1.55e-06 2.2e-06 3.35e-06 1.95e-06 2.55e-06 2.1e-06 1.7e-06 1.6e-06 2.15e-06 1.9e-06 2.45e-06 2.5e-06 2.1e-06
34 1.8e-06 2.25e-06 2.65e-06 2.6e-06 1.5e-06 5e-07 2.55e-06 2.2e-06 2e-06 7e-07 1.15e-06 8.5e-07 2.75e-06 1.6e-06 7e-07 2.55e-06 1.35e-06 8.5e-07 2.5e-06 2.6e-06 1.6e-06 1.85e-06 2.5e-06 6e-07 2.25e-06 2.05e-06 2.15e-06 1.8e-06 1.25e-06 9e-07 2.45e-06 1.2e-06 2.9e-06 1.9e-06 0.0 2.45e-06 1.9e-06 1.85e-06 2.45e-06 9e-07 5.5e-07 2.7e-06 1.85e-06 1.7e-06 1.3e-06 1.8e-06 9.5e-07 1.75e-06 1.55e-06 2.4e-06 2.25e-06 1.85e-06
35 2.5e-06 2.15e-06 3.1e-06 2.45e-06 2.45e-06 2.7e-06 1.9e-06 2.95e-06 2.25e-06 2.75e-06 2.2e-06 2.4e-06 2.4e-06 2.55e-06 2.3e-06 3e-06 2.75e-06 2.55e-06 1.95e-06 2.35e-06 2.7e-06 2e-06 3.15e-06 2.65e-06 2.9e-06 2.6e-06 2.1e-06 2.75e-06 2.7e-06 2.35e-06 1.85e-06 2.2e-06 2.5e-06 2.45e-06 2.45e-06 3.7e-06 2.95e-06 2.45e-06 2.7e-06 2.55e-06 2.75e-06 2.9e-06 2.35e-06 2.4e-06 2.15e-06 2.05e-06 2.3e-06 2.4e-06 2.5e-06 1.95e-06 2.5e-06 2.35e-06
36 2.55e-06 3.1e-06 2.65e-06 3.1e-06 2.55e-06 2.25e-06 2.95e-06 2.35e-06 3.2e-06 2.35e-06 2.4e-06 2.45e-06 2.7e-06 2.9e-06 2.15e-06 2.55e-06 2.4e-06 2.3e-06 2.9e-06 3e-06 2.2e-06 2.65e-06 2.3e-06 2.25e-06 2.5e-06 2.9e-06 2.95e-06 2.85e-06 2.45e-06 2.45e-06 2.95e-06 2.45e-06 2.8e-06 3.05e-06 1.9e-06 2.95e-06 3.8e-06 2.95e-06 2.75e-06 2.4e-06 2.3e-06 2.3e-06 2.75e-06 2.8e-06 2.45e-06 2.8e-06 2.5e-06 2.75e-06 2.6e-06 2.95e-06 3e-06 2.7e-06
37 2.45e-06 1.8e-06 3.5e-06 2.1e-06 2.1e-06 1.9e-06 2.2e-06 3.05e-06 1.35e-06 2.3e-06 2.25e-06 1.55e-06 2.85e-06 1.95e-06 2.1e-06 2.85e-06 2.2e-06 1.5e-06 2.5e-06 2.35e-06 2.45e-06 2.5e-06 3.3e-06 2.2e-06 2.55e-06 2.45e-06 1.75e-06 2.25e-06 2.45e-06 1.7e-06 2.45e-06 2.3e-06 2.7e-06 1.75e-06 1.85e-06 2.45e-06 2.95e-06 2.3e-06 2e-06 2.1e-06 1.95e-06 3.3e-06 2.35e-06 2.35e-06 2.05e-06 1.5e-06 1.55e-06 2.6e-06 2.15e-06 2.45e-06 1.9e-06 2.1e-06
38 2.65e-06 2.2e-06 3.3e-06 2.1e-06 2.55e-06 2.5e-06 2e-06 2.85e-06 2.25e-06 2.9e-06 2.9e-06 2.2e-06 2.75e-06 2.7e-06 2.75e-06 2.65e-06 2.8e-06 2.1e-06 2.75e-06 2.2e-06 2.3e-06 3.2e-06 3.1e-06 2.8e-06 2.4e-06 2.65e-06 1.95e-06 2.65e-06 2.8e-06 2.3e-06 2.7e-06 2.95e-06 2.15e-06 2.6e-06 2.45e-06 2.7e-06 2.75e-06 2e-06 3.5e-06 2.7e-06 2.55e-06 3.15e-06 2.55e-06 3e-06 2.25e-06 2.05e-06 2.3e-06 3.25e-06 2.6e-06 2.7e-06 2.1e-06 2.55e-06
39 2.35e-06 2.5e-06 2.55e-06 2.85e-06 1.55e-06 1.3e-06 2.75e-06 2.65e-06 2.2e-06 1e-06 1.6e-06 1.45e-06 2.95e-06 1.55e-06 1.3e-06 2.15e-06 1.3e-06 1.45e-06 2.65e-06 2.9e-06 2.25e-06 2e-06 2.4e-06 9e-07 2.6e-06 2.05e-06 2.4e-06 1.75e-06 1.45e-06 1.3e-06 2.55e-06 1.65e-06 3.2e-06 1.55e-06 9e-07 2.55e-06 2.4e-06 2.1e-06 2.7e-06 1.8e-06 1.35e-06 2.9e-06 1.8e-06 2.05e-06 1.85e-06 2.1e-06 1.5e-06 1.6e-06 1.6e-06 2.5e-06 2.55e-06 2.1e-06
40 2e-06 2.55e-06 2.95e-06 2.85e-06 1.8e-06 5.5e-07 2.8e-06 2.6e-06 2.25e-06 1.15e-06 1.6e-06 1.4e-06 3.05e-06 1.9e-06 1.15e-06 2.85e-06 1.75e-06 1.1e-06 2.8e-06 2.9e-06 2e-06 2.2e-06 2.8e-06 1.05e-06 2.4e-06 2.35e-06 2.45e-06 2.1e-06 1.6e-06 1.35e-06 2.75e-06 1.65e-06 3.2e-06 2.2e-06 5.5e-07 2.75e-06 2.3e-06 1.95e-06 2.55e-06 1.35e-06 1.1e-06 3e-06 2.15e-06 1.65e-06 1.7e-06 2.1e-06 1.35e-06 2.1e-06 1.85e-06 2.75e-06 2.4e-06 2.15e-06
41 2.95e-06 3.6e-06 2.7e-06 3.6e-06 2.85e-06 2.95e-06 3.45e-06 2.7e-06 3.6e-06 2.85e-06 2.5e-06 3.2e-06 2.6e-06 3.2e-06 2.25e-06 2.75e-06 2.65e-06 2.85e-06 2.85e-06 3.5e-06 2.8e-06 2.05e-06 2.3e-06 2.75e-06 2.55e-06 3.25e-06 3.45e-06 3.2e-06 2.9e-06 3.1e-06 2.9e-06 2.55e-06 3.25e-06 3.35e-06 2.7e-06 2.9e-06 2.3e-06 3.3e-06 3.15e-06 2.9e-06 3e-06 3.6e-06 3.1e-06 2.8e-06 3.05e-06 3.15e-06 3.1e-06 2.55e-06 2.9e-06 2.9e-06 3.45e-06 2.65e-06
42 2.6e-06 2e-06 2.8e-06 2.25e-06 1.8e-06 2.1e-06 1.7e-06 3e-06 2.15e-06 1.85e-06 2.4e-06 2.05e-06 2.9e-06 1.9e-06 2.1e-06 2.45e-06 2.05e-06 2.2e-06 2.45e-06 2.15e-06 2.35e-06 2.65e-06 2.65e-06 1.75e-06 2.8e-06 1.9e-06 1.9e-06 2.05e-06 1.85e-06 1.8e-06 2.35e-06 2.45e-06 2.35e-06 1.95e-06 1.85e-06 2.35e-06 2.75e-06 2.35e-06 2.55e-06 1.8e-06 2.15e-06 3.1e-06 3.3e-06 2.7e-06 1.8e-06 2e-06 1.95e-06 2.3e-06 1.85e-06 2.35e-06 2.35e-06 2.35e-06
43 2.3e-06 3.1e-06 2.95e-06 3.4e-06 2.3e-06 1.6e-06 3.35e-06 2.85e-06 2.7e-06 2e-06 1.65e-06 2.3e-06 2.7e-06 2.4e-06 1.6e-06 3.1e-06 2.2e-06 1.85e-06 2.45e-06 3.45e-06 2.8e-06 1.5e-06 3e-06 1.9e-06 2.65e-06 2.9e-06 3e-06 2.65e-06 2.35e-06 2.2e-06 2.4e-06 1.65e-06 3.7e-06 2.55e-06 1.7e-06 2.4e-06 2.8e-06 2.35e-06 3e-06 2.05e-06 1.65e-06 2.8e-06 2.7e-06 3e-06 2.5e-06 2.5e-06 2.15e-06 1.85e-06 2.35e-06 2.5e-06 2.9e-06 2.3e-06
44 2.2e-06 1.6e-06 3.1e-06 1.9e-06 1.95e-06 1.65e-06 1.35e-06 2.7e-06 1.8e-06 1.9e-06 2.1e-06 1.5e-06 2.7e-06 2.05e-06 1.8e-06 2.75e-06 2.3e-06 1.8e-06 2.25e-06 1.8e-06 1.9e-06 2.6e-06 2.95e-06 1.8e-06 2.65e-06 2.05e-06 1.55e-06 2.2e-06 1.95e-06 1.5e-06 2.15e-06 2.15e-06 2e-06 2.1e-06 1.3e-06 2.15e-06 2.45e-06 2.05e-06 2.25e-06 1.85e-06 1.7e-06 3.05e-06 1.8e-06 2.5e-06 2.6e-06 1.65e-06 1.5e-06 2.6e-06 2e-06 2.15e-06 2e-06 2.15e-06
45 2.6e-06 1.3e-06 3.4e-06 1.6e-06 1.65e-06 2.05e-06 1.45e-06 3e-06 1.1e-06 2.3e-06 2.15e-06 1.4e-06 2.4e-06 1.85e-06 2.05e-06 2.9e-06 2.4e-06 1.9e-06 2.1e-06 1.65e-06 2e-06 2.45e-06 3.2e-06 2.2e-06 2.85e-06 2.2e-06 1.25e-06 2.05e-06 2.55e-06 1.45e-06 2.05e-06 2.25e-06 1.9e-06 1.7e-06 1.8e-06 2.05e-06 2.8e-06 1.5e-06 2.05e-06 2.1e-06 2.1e-06 3.15e-06 2e-06 2.5e-06 1.65e-06 1.4e-06 1.4e-06 2.55e-06 1.7e-06 2e-06 1.95e-06 1.85e-06
46 2.35e-06 1.55e-06 3.15e-06 2.05e-06 1.75e-06 1.3e-06 2e-06 2.75e-06 1.05e-06 1.55e-06 1.75e-06 1.15e-06 2.75e-06 1.5e-06 1.45e-06 2.8e-06 1.95e-06 1.45e-06 2.4e-06 2.2e-06 1.95e-06 2.25e-06 3e-06 1.45e-06 2.7e-06 2.2e-06 1.7e-06 1.85e-06 1.95e-06 1.15e-06 2.3e-06 1.8e-06 2.55e-06 1.6e-06 9.5e-07 2.3e-06 2.5e-06 1.55e-06 2.3e-06 1.5e-06 1.35e-06 3.1e-06 1.95e-06 2.15e-06 1.5e-06 1.4e-06 1.9e-06 2.25e-06 1.8e-06 2.3e-06 2.15e-06 1.8e-06
47 2.55e-06 3.25e-06 2.4e-06 3.55e-06 1.9e-06 2.05e-06 3.5e-06 2.8e-06 2.85e-06 1.55e-06 1.45e-06 2.35e-06 2.65e-06 2e-06 1.45e-06 2.55e-06 1.6e-06 2.05e-06 2.45e-06 3.55e-06 2.9e-06 1.2e-06 2.45e-06 1.45e-06 2.7e-06 2.5e-06 3.1e-06 2.25e-06 1.95e-06 2.1e-06 2.4e-06 1.55e-06 3.8e-06 2.15e-06 1.75e-06 2.4e-06 2.75e-06 2.6e-06 3.25e-06 1.6e-06 2.1e-06 2.55e-06 2.3e-06 1.85e-06 2.6e-06 2.55e-06 2.25e-06 2.3e-06 1.95e-06 2.3e-06 3.15e-06 2.2e-06
48 2.55e-06 2.35e-06 2.7e-06 2.5e-06 1.35e-06 1.8e-06 2.4e-06 2.85e-06 2.15e-06 1.55e-06 2.05e-06 1.85e-06 2.7e-06 1.75e-06 1.75e-06 2.45e-06 1.7e-06 1.85e-06 2.5e-06 2.5e-06 2.2e-06 2.25e-06 2.5e-06 1.45e-06 2.65e-06 1.95e-06 2.15e-06 1.9e-06 1.85e-06 1.65e-06 2.5e-06 2.1e-06 2.7e-06 1.9e-06 1.55e-06 2.5e-06 2.6e-06 2.15e-06 2.6e-06 1.6e-06 1.85e-06 2.9e-06 1.85e-06 2.35e-06 2e-06 1.7e-06 1.8e-06 1.95e-06 2.7e-06 2.5e-06 2.5e-06 2.15e-06
49 2.5e-06 2.2e-06 3.1e-06 2.5e-06 2.45e-06 2.7e-06 1.95e-06 2.95e-06 2.3e-06 2.7e-06 2.1e-06 2.35e-06 2.45e-06 2.55e-06 2.25e-06 3e-06 2.7e-06 2.5e-06 2.05e-06 2.35e-06 2.7e-06 2e-06 3.15e-06 2.6e-06 2.9e-06 2.6e-06 2.1e-06 2.75e-06 2.7e-06 2.3e-06 1.95e-06 2.2e-06 2.45e-06 2.45e-06 2.4e-06 1.95e-06 2.95e-06 2.45e-06 2.7e-06 2.5e-06 2.75e-06 2.9e-06 2.35e-06 2.5e-06 2.15e-06 2e-06 2.3e-06 2.3e-06 2.5e-06 3.6e-06 2.5e-06 2.35e-06
50 2.4e-06 2e-06 3.6e-06 2.1e-06 2.45e-06 2.35e-06 1.7e-06 3.1e-06 2.15e-06 2.75e-06 2.75e-06 2e-06 3e-06 2.6e-06 2.6e-06 2.95e-06 2.65e-06 1.95e-06 2.55e-06 2.1e-06 2.5e-06 3.1e-06 3.4e-06 2.65e-06 2.6e-06 2.45e-06 1.75e-06 2.75e-06 2.6e-06 2.15e-06 2.5e-06 2.8e-06 2.3e-06 2.5e-06 2.25e-06 2.5e-06 3e-06 1.9e-06 2.1e-06 2.55e-06 2.4e-06 3.45e-06 2.35e-06 2.9e-06 2e-06 1.95e-06 2.15e-06 3.15e-06 2.5e-06 2.5e-06 3.3e-06 2.65e-06
51 2.8e-06 2.25e-06 3.05e-06 2.3e-06 2.1e-06 2.1e-06 2.5e-06 2.95e-06 1.85e-06 2.15e-06 2e-06 2e-06 2.55e-06 2.05e-06 1.7e-06 2.85e-06 2.3e-06 2.1e-06 2.45e-06 2.65e-06 2.4e-06 1.85e-06 2.9e-06 2.05e-06 2.6e-06 2.6e-06 2.25e-06 2e-06 2.5e-06 1.9e-06 2.35e-06 2.05e-06 2.8e-06 2.1e-06 1.85e-06 2.35e-06 2.7e-06 2.1e-06 2.55e-06 2.1e-06 2.15e-06 2.65e-06 2.35e-06 2.3e-06 2.15e-06 1.85e-06 1.8e-06 2.2e-06 2.15e-06 2.35e-06 2.65e-06 3.1e-06
