 slim_761915419 slim_761915384 slim_761915385 slim_761915425 slim_761915379 slim_761915398 slim_761915407 slim_761915391 slim_761915380 slim_761915392 slim_761915413 slim_761915418 slim_761915428 slim_761915400 slim_761915403 slim_761915394 slim_761915389 slim_761915387 slim_761915409 slim_761915411 slim_761915415 slim_761915395 slim_761915424 slim_761915402 slim_761915390 slim_761915414 slim_761915410 slim_761915421 slim_761915388 slim_761915386 slim_761915381 slim_761915401 slim_761915393 slim_761915405 slim_761915422 slim_761915429 slim_761915396 slim_761915417 slim_761915376 slim_761915382 slim_761915383 slim_761915416 slim_761915397 slim_761915406 slim_761915378 slim_761915423 slim_761915408 slim_761915412 slim_761915377 slim_761915404 slim_761915427 slim_761915426 slim_761915399 slim_761915420
0 0.0001685 0.00013785 8.715e-05 0.0001642 0.0001358 0.0001568 0.0001359 0.00012715 0.000153 0.00012415 0.00016055 0.00014425 0.0001683 0.00013025 0.00012275 0.00013535 0.0001379 0.00015095 0.0001735 0.0001422 0.0001523 0.00013545 0.00012365 0.00016275 0.000127 0.0001722 0.00014445 0.0001588 0.0001641 0.0001642 0.00013425 0.0001642 9.615e-05 0.0001343 0.00015185 0.0001466 0.0001735 0.00012785 0.0001393 0.00016935 0.00015575 0.00012515 0.0001732 0.00011845 0.00013325 0.00017 0.0001701 0.0001321 0.0001179 0.00010605 0.00016555 0.0001578 0.0001724 0.00015515
1 0.00013785 0.0001813 0.00017075 0.00012245 0.00013255 0.0001646 0.00012515 0.00012405 0.0001696 0.0001257 0.0001711 0.00017085 0.00017485 0.00015095 0.00013445 0.00013175 9.07e-05 0.0001583 0.00011505 0.0001355 0.0001424 0.00013115 0.00017695 0.00015355 9.92e-05 0.00017645 0.0001776 0.00017385 0.00015755 0.00012245 0.0001732 0.0001778 9.88e-05 0.000148 0.0001797 0.00016355 0.0001736 0.00016145 0.00010605 0.00017845 0.0001379 0.0001308 0.00011145 0.00014265 0.0001757 0.00011535 0.0001314 0.0001319 0.0001661 9.3e-05 0.00017895 0.0001432 0.0001276 0.0001627
2 8.715e-05 0.00017075 1.68e-05 0.00015385 0.0001657 0.0001351 0.0001713 0.0001459 0.0001368 0.000144 0.00015565 0.0001176 0.0001757 8.645e-05 0.0001343 0.00016805 0.0001708 0.0001405 0.0001828 0.00017935 0.00016765 0.0001729 7.265e-05 0.0001486 0.0001693 0.0001804 0.0001187 0.00014335 0.00016715 0.00015385 9.665e-05 0.0001585 0.0001681 0.00015225 0.0001374 0.00013995 0.00017945 9.295e-05 0.0001738 0.00016835 0.0001736 0.00014325 0.0001832 0.00014365 9.825e-05 0.00018905 0.0001715 0.00016355 6.24e-05 0.00016535 0.00015565 0.00014945 0.00017825 0.0001434
3 0.0001642 0.00012245 0.00015385 8.34e-05 0.0001698 0.00014805 0.0001631 0.0001798 0.0001467 0.0001787 0.0001691 0.0001733 0.00016785 9.675e-05 0.00015805 0.00017085 0.0001225 0.0001764 4.78e-05 0.0001762 0.00016475 0.0001736 0.00016415 0.00013615 0.00012165 0.0001739 0.0001647 0.0001743 0.0001743 4.175e-05 0.0001576 0.000178 0.00017505 0.0001712 0.00016835 0.00017485 0.0001743 0.00016285 0.0001072 0.00017675 0.000132 0.000174 4.785e-05 0.00017815 0.0001659 7.155e-05 0.0001192 0.00016165 0.00013475 0.0001558 0.00018055 9.66e-05 8.675e-05 0.00018085
4 0.0001358 0.00013255 0.0001657 0.0001698 0.000171 0.0001652 0.00012035 0.0001263 0.00015575 0.00012725 9.54e-05 0.000108 0.0001468 0.00016265 0.00010635 0.00012435 0.0001326 9.675e-05 0.00016525 0.0001324 0.0001109 0.00012525 0.00016195 0.00017225 0.00014135 0.00016835 0.00017065 0.00016065 0.0001233 0.0001698 0.00015795 0.0001707 9.55e-05 0.00014465 0.00017825 0.00010975 0.00017035 0.0001202 0.00013195 0.0001729 0.0001495 9.675e-05 0.00017205 0.0001382 0.00017125 0.00016975 0.00017075 0.0001099 0.0001685 9.77e-05 0.00017635 0.0001592 0.00016815 0.0001392
5 0.0001568 0.0001646 0.0001351 0.00014805 0.0001652 0.0001736 0.0001697 0.00015545 0.00014795 0.00015295 0.00014925 0.0001279 0.00015205 0.0001416 0.00013835 0.0001522 0.00016465 0.00014515 0.00014865 0.00015865 0.00016245 0.0001605 0.00011065 0.0001183 0.0001635 0.0001613 0.0001396 0.0001182 0.0001496 0.00014805 0.00013955 0.0001622 0.0001737 0.00013835 0.00016225 0.0001446 0.000141 0.0001524 0.00015745 0.00014595 0.00014765 0.0001502 0.00015175 0.00014445 0.000136 0.00015965 0.00014645 0.00016525 0.0001277 0.0001701 0.0001318 0.0001578 0.00012145 0.0001494
6 0.0001359 0.00012515 0.0001713 0.0001631 0.00012035 0.0001697 0.0001588 0.0001239 0.00016335 0.0001251 0.00015965 0.0001592 0.0001581 0.0001652 0.00012745 0.00012105 0.0001252 0.0001472 0.0001556 0.00012685 0.0001073 0.00012165 0.00016795 0.00016835 0.00013395 0.0001601 0.00017125 0.00016465 0.00014765 0.0001631 0.00016575 0.0001604 8.885e-05 0.0001398 0.00017565 0.0001522 0.00016725 0.00015335 0.000123 0.00017185 0.00015255 0.0001193 0.00015635 0.00013245 0.0001711 0.00015295 0.00016555 0.00012995 0.0001618 8.955e-05 0.00017115 0.00012075 0.0001602 0.00016515
7 0.00012715 0.00012405 0.0001459 0.0001798 0.0001263 0.00015545 0.0001239 0.0001682 0.0001679 8.525e-05 0.00016075 0.0001405 0.00016895 0.00016855 0.00011855 0.0001246 0.00012405 0.0001393 0.00017535 0.00013165 0.00013965 0.0001275 0.0001504 0.0001526 0.00013345 0.00017385 0.0001697 0.00015165 0.00015045 0.0001798 0.00015725 0.0001598 9.475e-05 0.0001316 0.0001809 0.00014865 0.00017085 0.00014495 0.0001346 0.0001687 0.0001436 0.00011235 0.0001763 0.00011685 0.00015965 0.0001733 0.0001648 0.0001363 0.00015125 9.59e-05 0.000155 0.00017015 0.0001701 0.0001264
8 0.000153 0.0001696 0.0001368 0.0001467 0.00015575 0.00014795 0.00016335 0.0001679 0.0001682 0.0001653 0.0001532 0.0001648 0.0001182 0.0001235 0.00015745 0.0001395 0.00016965 0.0001709 0.00015975 0.00016435 0.0001656 0.0001458 0.0001359 0.00017165 0.0001679 0.0001565 0.00013965 0.0001373 0.000147 0.0001467 0.00012215 0.0001707 0.0001677 0.00015745 0.00015265 0.000168 0.00013975 0.0001522 0.00016305 0.0001578 0.0001641 0.00016595 0.0001687 0.0001676 0.00014685 0.0001748 0.0001441 0.0001699 0.00014565 0.00016515 0.00016665 0.0001444 0.00015755 0.00017055
9 0.00012415 0.0001257 0.000144 0.0001787 0.00012725 0.00015295 0.0001251 8.525e-05 0.0001653 0.0001632 0.00015815 0.000138 0.00016725 0.00016595 0.00011605 0.00012095 0.00012575 0.00014035 0.00017425 0.0001332 0.00014085 0.00012745 0.0001479 0.0001516 0.00013045 0.000172 0.0001677 0.00014915 0.0001515 0.0001787 0.00015465 0.0001577 9.615e-05 0.0001296 0.0001794 0.0001469 0.0001691 0.0001459 0.00013245 0.0001667 0.0001425 0.0001134 0.0001768 0.00011325 0.0001579 0.0001738 0.0001629 0.00013605 0.0001489 9.845e-05 0.000153 0.0001677 0.0001691 0.00012465
10 0.00016055 0.0001711 0.00015565 0.0001691 9.54e-05 0.00014925 0.00015965 0.00016075 0.0001532 0.00015815 5.11e-05 4.105e-05 0.00014745 0.0001557 9.635e-05 0.0001555 0.00017115 4.85e-05 0.00017035 0.00017145 0.000104 0.0001618 0.0001461 0.00016315 0.00016845 0.000171 0.000163 0.0001444 0.0001034 0.0001691 0.0001504 0.00017185 0.0001649 0.00016415 0.00017615 5.39e-05 0.0001647 0.000103 0.00016765 0.00016735 0.00016065 0.00010315 0.00017795 0.0001592 0.0001643 0.00018245 0.00016455 0.00010375 0.00015965 0.000165 0.00016815 0.0001585 0.0001677 9.91e-05
11 0.00014425 0.00017085 0.0001176 0.0001733 0.000108 0.0001279 0.0001592 0.0001405 0.0001648 0.000138 4.105e-05 0.0 0.0001667 0.00016075 7.1e-05 0.00015475 0.0001709 2.82e-05 0.00017455 0.00017365 0.00010355 0.00016305 0.00012575 0.00014095 0.00016945 0.0001811 0.0001651 0.00012305 0.00010255 0.0001733 0.00013875 0.0001645 0.0001664 0.00014585 0.0001803 4.11e-05 0.00016555 9.245e-05 0.00016705 0.00016945 0.00017135 8.275e-05 0.0001763 0.0001402 0.00014575 0.00018355 0.0001632 0.00011025 0.0001229 0.0001632 0.00014985 0.00016295 0.0001659 8.645e-05
12 0.0001683 0.00017485 0.0001757 0.00016785 0.0001468 0.00015205 0.0001581 0.00016895 0.0001182 0.00016725 0.00014745 0.0001667 0.0001244 0.00017215 0.0001613 0.00016275 0.0001749 0.0001697 0.00016345 0.0001434 0.00015835 0.0001656 0.0001473 0.00016955 0.00017125 0.0001356 0.00014685 0.0001446 0.00016795 0.00016785 0.0001643 0.00015655 0.0001633 0.0001401 0.000149 0.00016935 0.0001429 0.0001691 0.0001631 0.00014585 0.00016995 0.00016615 0.0001683 0.00015725 0.00014785 0.00017515 0.00017295 0.0001686 0.00016575 0.0001617 0.00013875 0.00016115 0.00017735 0.00017285
13 0.00013025 0.00015095 8.645e-05 9.675e-05 0.00016265 0.0001416 0.0001652 0.00016855 0.0001235 0.00016595 0.0001557 0.00016075 0.00017215 0.0001191 0.0001519 0.0001582 0.000151 0.00016595 0.0001257 0.00017985 0.00016475 0.0001645 0.00010805 0.0001524 0.0001501 0.0001738 0.00012445 0.0001577 0.0001612 9.675e-05 0.0001145 0.00017095 0.0001717 0.0001716 0.00014905 0.0001626 0.0001708 0.0001245 0.0001495 0.000161 0.00014805 0.0001655 0.00013465 0.0001673 0.0001356 0.00014455 0.0001412 0.000164 0.0001116 0.0001632 0.00017785 0.00010985 0.000131 0.00016645
14 0.00012275 0.00013445 0.0001343 0.00015805 0.00010635 0.00013835 0.00012745 0.00011855 0.00015745 0.00011605 9.635e-05 7.1e-05 0.0001613 0.0001519 0.000142 0.0001232 0.0001345 8.89e-05 0.0001535 0.0001409 0.00011785 0.0001315 0.0001356 0.00014395 0.00013245 0.00016995 0.0001605 0.0001338 0.0001255 0.00015805 0.00014425 0.00016435 0.0001073 0.0001241 0.00017375 9.07e-05 0.00015975 0.0001255 0.0001303 0.00016275 0.0001456 8.9e-05 0.00015425 0.00011965 0.0001506 0.0001588 0.00015355 0.00010325 0.00013785 9.85e-05 0.00015565 0.0001527 0.00015085 0.0001202
15 0.00013535 0.00013175 0.00016805 0.00017085 0.00012435 0.0001522 0.00012105 0.0001246 0.0001395 0.00012095 0.0001555 0.00015475 0.00016275 0.0001582 0.0001232 0.0001587 0.0001318 0.00014875 0.00016575 0.00013215 0.00013925 8.585e-05 0.00015745 0.00016735 0.0001368 0.00016715 0.00016405 0.00012435 0.0001111 0.00017085 0.00012435 0.0001712 9.42e-05 0.0001384 0.0001784 0.00015065 0.0001287 0.00015605 0.0001275 0.0001664 0.0001476 0.00012065 0.00016965 0.0001323 0.00017 0.00016495 0.0001306 0.00013095 0.00016585 9.61e-05 0.00017295 0.00016075 0.00015175 0.00016125
16 0.0001379 9.07e-05 0.0001708 0.0001225 0.0001326 0.00016465 0.0001252 0.00012405 0.00016965 0.00012575 0.00017115 0.0001709 0.0001749 0.000151 0.0001345 0.0001318 0.0001814 0.00015835 0.0001151 0.00013555 0.00014245 0.0001312 0.000177 0.0001536 9.925e-05 0.0001765 0.00017765 0.0001739 0.0001576 0.0001225 0.00017325 0.00017785 9.885e-05 0.00014805 0.00017975 0.0001636 0.00017365 0.0001615 0.0001061 0.0001785 0.00013795 0.00013085 0.0001115 0.0001427 0.00017575 0.0001154 0.00013145 0.00013195 0.00016615 9.305e-05 0.000179 0.00014325 0.00012765 0.00016275
17 0.00015095 0.0001583 0.0001405 0.0001764 9.675e-05 0.00014515 0.0001472 0.0001393 0.0001709 0.00014035 4.85e-05 2.82e-05 0.0001697 0.00016595 8.89e-05 0.00014875 0.00015835 5.62e-05 0.00017765 0.00015985 9.155e-05 0.00015165 0.00014185 0.0001545 0.0001676 0.0001821 0.0001686 0.0001404 9.3e-05 0.0001764 0.0001521 0.0001728 0.00014785 0.00015895 0.0001808 5.47e-05 0.00017 8.725e-05 0.0001577 0.0001733 0.0001703 8.28e-05 0.0001786 0.0001497 0.00015855 0.0001846 0.0001692 0.0001069 0.0001452 0.000149 0.00016295 0.00016695 0.00017145 9.88e-05
18 0.0001735 0.00011505 0.0001828 4.78e-05 0.00016525 0.00014865 0.0001556 0.00017535 0.00015975 0.00017425 0.00017035 0.00017455 0.00016345 0.0001257 0.0001535 0.00016575 0.0001151 0.00017765 4.99e-05 0.00017025 0.00015955 0.0001685 0.00017785 0.0001383 0.00011425 0.0001723 0.0001784 0.00017435 0.000175 4.79e-05 0.00017215 0.00017795 0.0001647 0.00016525 0.00018205 0.00017035 0.0001736 0.00017795 9.375e-05 0.0001789 0.0001282 0.00016945 2.505e-05 0.00017375 0.0001796 4.26e-05 0.0001173 0.0001572 0.00014095 0.00014545 0.00018055 0.00010875 7.365e-05 0.0001822
19 0.0001422 0.0001355 0.00017935 0.0001762 0.0001324 0.00015865 0.00012685 0.00013165 0.00016435 0.0001332 0.00017145 0.00017365 0.0001434 0.00017985 0.0001409 0.00013215 0.00013555 0.00015985 0.00017025 0.0001791 0.00014475 0.00013165 0.00015595 0.00016715 0.0001426 0.0001187 0.000133 0.00015395 0.00015875 0.0001762 0.0001766 0.00014455 9.715e-05 0.00010465 0.00011545 0.00016535 0.00013405 0.00016395 0.00013095 0.00013005 0.00015715 0.0001316 0.0001676 0.00013165 0.00013735 0.0001576 0.0001762 0.0001365 0.0001748 9.765e-05 0.00012465 0.0001737 0.00017395 0.0001717
20 0.0001523 0.0001424 0.00016765 0.00016475 0.0001109 0.00016245 0.0001073 0.00013965 0.0001656 0.00014085 0.000104 0.00010355 0.00015835 0.00016475 0.00011785 0.00013925 0.00014245 9.155e-05 0.00015955 0.00014475 0.0001591 0.00013985 0.00016075 0.0001662 0.0001511 0.0001729 0.00016895 0.00015775 0.0001197 0.00016475 0.0001638 0.0001734 0.00012545 0.00015575 0.0001752 0.000105 0.00016665 0.0001237 0.0001416 0.0001714 0.0001594 0.00010985 0.0001603 0.0001504 0.0001688 0.0001603 0.0001647 0.0001207 0.0001589 0.00012615 0.0001704 0.00013165 0.000162 0.00013475
21 0.00013545 0.00013115 0.0001729 0.0001736 0.00012525 0.0001605 0.00012165 0.0001275 0.0001458 0.00012745 0.0001618 0.00016305 0.0001656 0.0001645 0.0001315 8.585e-05 0.0001312 0.00015165 0.0001685 0.00013165 0.00013985 0.0001679 0.00016575 0.0001721 0.00013685 0.00016975 0.00016895 0.00013265 0.000114 0.0001736 0.00013065 0.0001741 9.12e-05 0.0001433 0.0001799 0.00015555 0.0001333 0.00015695 0.00013045 0.0001713 0.00015035 0.00012355 0.00017085 0.00013585 0.0001746 0.00016615 0.0001354 0.0001323 0.00017185 9.545e-05 0.00017785 0.00016475 0.0001565 0.00016615
22 0.00012365 0.00017695 7.265e-05 0.00016415 0.00016195 0.00011065 0.00016795 0.0001504 0.0001359 0.0001479 0.0001461 0.00012575 0.0001473 0.00010805 0.0001356 0.00015745 0.000177 0.00014185 0.00017785 0.00015595 0.00016075 0.00016575 0.0001285 0.0001464 0.00017585 0.00015695 0.0001037 0.0001198 0.00015455 0.00016415 0.0001155 0.00015515 0.00016985 0.00013565 0.00013545 0.00014065 0.0001474 0.00011895 0.00017005 0.00013245 0.00017335 0.0001472 0.00018095 0.00013905 0.000104 0.00018905 0.00016775 0.0001614 9.19e-05 0.0001665 0.00012755 0.00015955 0.00017125 0.00014445
23 0.00016275 0.00015355 0.0001486 0.00013615 0.00017225 0.0001183 0.00016835 0.0001526 0.00017165 0.0001516 0.00016315 0.00014095 0.00016955 0.0001524 0.00014395 0.00016735 0.0001536 0.0001545 0.0001383 0.00016715 0.0001662 0.0001721 0.0001464 0.0001775 0.0001525 0.0001686 0.00016205 0.00014375 0.0001649 0.00013615 0.00015925 0.0001397 0.00017495 0.0001505 0.00016985 0.00015715 0.00016125 0.00016245 0.00015255 0.00016095 0.0001328 0.0001579 0.00013245 0.0001307 0.00015255 0.0001431 0.00014855 0.0001616 0.00014645 0.00016085 0.00012415 0.00015095 0.0001206 0.0001503
24 0.000127 9.92e-05 0.0001693 0.00012165 0.00014135 0.0001635 0.00013395 0.00013345 0.0001679 0.00013045 0.00016845 0.00016945 0.00017125 0.0001501 0.00013245 0.0001368 9.925e-05 0.0001676 0.00011425 0.0001426 0.0001511 0.00013685 0.00017585 0.0001525 0.0001751 0.00017345 0.0001742 0.00017275 0.00016715 0.00012165 0.0001731 0.00017495 0.00010025 0.0001444 0.0001737 0.00016235 0.00017045 0.00017175 0.00011115 0.00017505 0.0001381 0.0001402 0.00011075 0.00013185 0.00017225 0.0001132 0.00012945 0.00013115 0.0001638 0.00010275 0.00017525 0.00014145 0.00012685 0.0001615
25 0.0001722 0.00017645 0.0001804 0.0001739 0.00016835 0.0001613 0.0001601 0.00017385 0.0001565 0.000172 0.000171 0.0001811 0.0001356 0.0001738 0.00016995 0.00016715 0.0001765 0.0001821 0.0001723 0.0001187 0.0001729 0.00016975 0.00015695 0.0001686 0.00017345 0.0001216 0.00012085 0.0001507 0.0001756 0.0001739 0.0001705 0.0001056 0.00016645 0.0001184 9.53e-05 0.00017325 0.00011445 0.00017805 0.00017025 0.0001185 0.0001704 0.00017545 0.0001765 0.0001585 0.0001204 0.0001616 0.00017525 0.0001673 0.00017595 0.0001646 0.0001105 0.0001619 0.00018075 0.0001741
26 0.00014445 0.0001776 0.0001187 0.0001647 0.00017065 0.0001396 0.00017125 0.0001697 0.00013965 0.0001677 0.000163 0.0001651 0.00014685 0.00012445 0.0001605 0.00016405 0.00017765 0.0001686 0.0001784 0.000133 0.00016895 0.00016895 0.0001037 0.00016205 0.0001742 0.00012085 0.0001858 0.00014115 0.00016555 0.0001647 0.00014075 0.0001423 0.0001712 0.00012775 9.29e-05 0.000164 0.0001298 0.00014735 0.0001712 0.00011475 0.00017195 0.00016905 0.0001779 0.00015625 0.0001076 0.00017395 0.00017015 0.00016445 0.0001339 0.0001672 0.00011975 0.00016275 0.00017355 0.00016525
27 0.0001588 0.00017385 0.00014335 0.0001743 0.00016065 0.0001182 0.00016465 0.00015165 0.0001373 0.00014915 0.0001444 0.00012305 0.0001446 0.0001577 0.0001338 0.00012435 0.0001739 0.0001404 0.00017435 0.00015395 0.00015775 0.00013265 0.0001198 0.00014375 0.00017275 0.0001507 0.00014115 0.0001627 0.00012155 0.0001743 0.00011795 0.00015325 0.00016945 0.00013385 0.0001637 0.00014375 0.0001127 0.0001542 0.0001696 0.00014465 0.00017025 0.00014565 0.00017745 0.0001414 0.00013755 0.0001819 0.00013045 0.00016045 0.00013875 0.00016585 0.0001283 0.00016685 0.00015925 0.0001453
28 0.0001641 0.00015755 0.00016715 0.0001743 0.0001233 0.0001496 0.00014765 0.00015045 0.000147 0.0001515 0.0001034 0.00010255 0.00016795 0.0001612 0.0001255 0.0001111 0.0001576 9.3e-05 0.000175 0.00015875 0.0001197 0.000114 0.00015455 0.0001649 0.00016715 0.0001756 0.00016555 0.00012155 0.0001669 0.0001743 0.0001263 0.00017665 0.0001472 0.0001666 0.00018125 0.00011005 0.0001322 0.00012635 0.00015745 0.00017035 0.00016525 0.0001195 0.0001773 0.0001607 0.00017125 0.00017965 0.0001337 0.00013125 0.000166 0.00014795 0.0001735 0.00016555 0.00015925 0.0001353
29 0.0001642 0.00012245 0.00015385 4.175e-05 0.0001698 0.00014805 0.0001631 0.0001798 0.0001467 0.0001787 0.0001691 0.0001733 0.00016785 9.675e-05 0.00015805 0.00017085 0.0001225 0.0001764 4.79e-05 0.0001762 0.00016475 0.0001736 0.00016415 0.00013615 0.00012165 0.0001739 0.0001647 0.0001743 0.0001743 8.34e-05 0.0001576 0.000178 0.00017505 0.0001712 0.00016835 0.00017485 0.0001743 0.00016285 0.0001072 0.00017675 0.000132 0.000174 4.785e-05 0.00017815 0.0001659 7.165e-05 0.0001192 0.00016165 0.00013475 0.0001558 0.00018055 9.66e-05 8.68e-05 0.00018085
30 0.00013425 0.0001732 9.665e-05 0.0001576 0.00015795 0.00013955 0.00016575 0.00015725 0.00012215 0.00015465 0.0001504 0.00013875 0.0001643 0.0001145 0.00014425 0.00012435 0.00017325 0.0001521 0.00017215 0.0001766 0.0001638 0.00013065 0.0001155 0.00015925 0.0001731 0.0001705 0.00014075 0.00011795 0.0001263 0.0001576 0.0001743 0.0001608 0.00016875 0.0001605 0.0001614 0.00014975 0.0001374 0.00012635 0.00017125 0.00016785 0.0001633 0.00015265 0.0001811 0.00015685 0.0001393 0.0001838 0.0001357 0.00016365 0.0001161 0.0001647 0.0001671 0.0001495 0.00016205 0.00015525
31 0.0001642 0.0001778 0.0001585 0.000178 0.0001707 0.0001622 0.0001604 0.0001598 0.0001707 0.0001577 0.00017185 0.0001645 0.00015655 0.00017095 0.00016435 0.0001712 0.00017785 0.0001728 0.00017795 0.00014455 0.0001734 0.0001741 0.00015515 0.0001397 0.00017495 0.0001056 0.0001423 0.00015325 0.00017665 0.000178 0.0001608 0.0001764 0.00017305 0.00013445 0.00012775 0.00017065 0.00014755 0.0001653 0.00017705 0.0001394 0.00016855 0.0001694 0.00018195 0.00013345 0.00014 0.0001721 0.00017825 0.00017335 0.0001585 0.0001691 0.00010665 0.00015925 0.00018195 0.0001624
32 9.615e-05 9.88e-05 0.0001681 0.00017505 9.55e-05 0.0001737 8.885e-05 9.475e-05 0.0001677 9.615e-05 0.0001649 0.0001664 0.0001633 0.0001717 0.0001073 9.42e-05 9.885e-05 0.00014785 0.0001647 9.715e-05 0.00012545 9.12e-05 0.00016985 0.00017495 0.00010025 0.00016645 0.0001712 0.00016945 0.0001472 0.00017505 0.00016875 0.00017305 4.06e-05 0.0001175 0.0001734 0.00015125 0.00016745 0.0001509 9.92e-05 0.00017135 0.0001374 9.335e-05 0.0001638 0.0001013 0.00016845 0.000153 0.0001714 0.00010105 0.00017125 3.56e-05 0.00017675 0.00016615 0.0001643 0.0001649
33 0.0001343 0.000148 0.00015225 0.0001712 0.00014465 0.00013835 0.0001398 0.0001316 0.00015745 0.0001296 0.00016415 0.00014585 0.0001401 0.0001716 0.0001241 0.0001384 0.00014805 0.00015895 0.00016525 0.00010465 0.00015575 0.0001433 0.00013565 0.0001505 0.0001444 0.0001184 0.00012775 0.00013385 0.0001666 0.0001712 0.0001605 0.00013445 0.0001175 0.0001795 0.00011565 0.000152 0.0001293 0.000166 0.00014025 0.0001274 0.0001581 0.00013265 0.0001634 0.0001209 0.0001228 0.00015495 0.0001686 0.00014085 0.0001483 0.00011365 0.00010975 0.0001688 0.0001665 0.00015725
34 0.00015185 0.0001797 0.0001374 0.00016835 0.00017825 0.00016225 0.00017565 0.0001809 0.00015265 0.0001794 0.00017615 0.0001803 0.000149 0.00014905 0.00017375 0.0001784 0.00017975 0.0001808 0.00018205 0.00011545 0.0001752 0.0001799 0.00013545 0.00016985 0.0001737 9.53e-05 9.29e-05 0.0001637 0.00018125 0.00016835 0.0001614 0.00012775 0.0001734 0.00011565 0.0001046 0.0001762 0.0001242 0.0001615 0.0001738 0.0001085 0.00017625 0.0001794 0.0001766 0.00016485 0.00010235 0.00016215 0.0001806 0.0001687 0.0001536 0.0001689 0.0001079 0.0001687 0.0001841 0.0001783
35 0.0001466 0.00016355 0.00013995 0.00017485 0.00010975 0.0001446 0.0001522 0.00014865 0.000168 0.0001469 5.39e-05 4.11e-05 0.00016935 0.0001626 9.07e-05 0.00015065 0.0001636 5.47e-05 0.00017035 0.00016535 0.000105 0.00015555 0.00014065 0.00015715 0.00016235 0.00017325 0.000164 0.00014375 0.00011005 0.00017485 0.00014975 0.00017065 0.00015125 0.000152 0.0001762 8.22e-05 0.00016125 0.00010795 0.000162 0.00016815 0.00016135 9.695e-05 0.00017105 0.0001492 0.0001538 0.0001703 0.00016355 9.435e-05 0.00014555 0.00015115 0.00016305 0.0001633 0.00016275 9.275e-05
36 0.0001735 0.0001736 0.00017945 0.0001743 0.00017035 0.000141 0.00016725 0.00017085 0.00013975 0.0001691 0.0001647 0.00016555 0.0001429 0.0001708 0.00015975 0.0001287 0.00017365 0.00017 0.0001736 0.00013405 0.00016665 0.0001333 0.0001474 0.00016125 0.00017045 0.00011445 0.0001298 0.0001127 0.0001322 0.0001743 0.0001374 0.00014755 0.00016745 0.0001293 0.0001242 0.00016125 0.0001797 0.0001797 0.0001685 0.00012905 0.00017065 0.00016825 0.0001733 0.00015815 0.00013315 0.00016795 0.00013505 0.00016115 0.0001715 0.00016565 0.0001245 0.0001713 0.0001634 0.00016455
37 0.00012785 0.00016145 9.295e-05 0.00016285 0.0001202 0.0001524 0.00015335 0.00014495 0.0001522 0.0001459 0.000103 9.245e-05 0.0001691 0.0001245 0.0001255 0.00015605 0.0001615 8.725e-05 0.00017795 0.00016395 0.0001237 0.00015695 0.00011895 0.00016245 0.00017175 0.00017805 0.00014735 0.0001542 0.00012635 0.00016285 0.00012635 0.0001653 0.0001509 0.000166 0.0001615 0.00010795 0.0001797 0.0001641 0.0001622 0.0001747 0.00016735 0.00011595 0.00018475 0.0001554 0.00013945 0.00018985 0.00017725 0.000136 0.00011765 0.0001516 0.0001697 0.00015495 0.00017985 0.00013115
38 0.0001393 0.00010605 0.0001738 0.0001072 0.00013195 0.00015745 0.000123 0.0001346 0.00016305 0.00013245 0.00016765 0.00016705 0.0001631 0.0001495 0.0001303 0.0001275 0.0001061 0.0001577 9.375e-05 0.00013095 0.0001416 0.00013045 0.00017005 0.00015255 0.00011115 0.00017025 0.0001712 0.0001696 0.00015745 0.0001072 0.00017125 0.00017705 9.92e-05 0.00014025 0.0001738 0.000162 0.0001685 0.0001622 0.0001769 0.00017165 0.00013375 0.00012985 8.87e-05 0.0001414 0.0001711 9.925e-05 0.0001428 0.0001287 0.00015175 9.06e-05 0.0001747 0.00013955 0.0001184 0.0001727
39 0.00016935 0.00017845 0.00016835 0.00017675 0.0001729 0.00014595 0.00017185 0.0001687 0.0001578 0.0001667 0.00016735 0.00016945 0.00014585 0.000161 0.00016275 0.0001664 0.0001785 0.0001733 0.0001789 0.00013005 0.0001714 0.0001713 0.00013245 0.00016095 0.00017505 0.0001185 0.00011475 0.00014465 0.00017035 0.00017675 0.00016785 0.0001394 0.00017135 0.0001274 0.0001085 0.00016815 0.00012905 0.0001747 0.00017165 0.0001737 0.0001705 0.0001713 0.0001784 0.00015275 0.0001294 0.00017335 0.0001711 0.0001667 0.00016435 0.00016735 0.00011315 0.00017495 0.00017615 0.00016635
40 0.00015575 0.0001379 0.0001736 0.000132 0.0001495 0.00014765 0.00015255 0.0001436 0.0001641 0.0001425 0.00016065 0.00017135 0.00016995 0.00014805 0.0001456 0.0001476 0.00013795 0.0001703 0.0001282 0.00015715 0.0001594 0.00015035 0.00017335 0.0001328 0.0001381 0.0001704 0.00017195 0.00017025 0.00016525 0.000132 0.0001633 0.00016855 0.0001374 0.0001581 0.00017625 0.00016135 0.00017065 0.00016735 0.00013375 0.0001705 0.0001871 0.0001537 0.00012815 0.0001539 0.00017605 0.00013245 0.00015065 0.00013935 0.0001739 0.000125 0.0001749 0.0001497 0.0001185 0.00015675
41 0.00012515 0.0001308 0.00014325 0.000174 9.675e-05 0.0001502 0.0001193 0.00011235 0.00016595 0.0001134 0.00010315 8.275e-05 0.00016615 0.0001655 8.9e-05 0.00012065 0.00013085 8.28e-05 0.00016945 0.0001316 0.00010985 0.00012355 0.0001472 0.0001579 0.0001402 0.00017545 0.00016905 0.00014565 0.0001195 0.000174 0.00015265 0.0001694 9.335e-05 0.00013265 0.0001794 9.695e-05 0.00016825 0.00011595 0.00012985 0.0001713 0.0001537 0.0001655 0.0001704 0.00012485 0.000159 0.00016935 0.00016795 0.00010675 0.00014735 9.45e-05 0.00016435 0.00016455 0.0001649 0.00012645
42 0.0001732 0.00011145 0.0001832 4.785e-05 0.00017205 0.00015175 0.00015635 0.0001763 0.0001687 0.0001768 0.00017795 0.0001763 0.0001683 0.00013465 0.00015425 0.00016965 0.0001115 0.0001786 2.505e-05 0.0001676 0.0001603 0.00017085 0.00018095 0.00013245 0.00011075 0.0001765 0.0001779 0.00017745 0.0001773 4.785e-05 0.0001811 0.00018195 0.0001638 0.0001634 0.0001766 0.00017105 0.0001733 0.00018475 8.87e-05 0.0001784 0.00012815 0.0001704 2.32e-05 0.0001748 0.00017795 3.055e-05 0.00011585 0.0001503 0.0001425 0.0001388 0.0001787 0.00011615 6.92e-05 0.0001829
43 0.00011845 0.00014265 0.00014365 0.00017815 0.0001382 0.00014445 0.00013245 0.00011685 0.0001676 0.00011325 0.0001592 0.0001402 0.00015725 0.0001673 0.00011965 0.0001323 0.0001427 0.0001497 0.00017375 0.00013165 0.0001504 0.00013585 0.00013905 0.0001307 0.00013185 0.0001585 0.00015625 0.0001414 0.0001607 0.00017815 0.00015685 0.00013345 0.0001013 0.0001209 0.00016485 0.0001492 0.00015815 0.0001554 0.0001414 0.00015275 0.0001539 0.00012485 0.0001748 0.0001756 0.00014615 0.00017125 0.00017065 0.00013845 0.00014555 0.00011075 0.00012085 0.0001656 0.00016935 0.00014645
44 0.00013325 0.0001757 9.825e-05 0.0001659 0.00017125 0.000136 0.0001711 0.00015965 0.00014685 0.0001579 0.0001643 0.00014575 0.00014785 0.0001356 0.0001506 0.00017 0.00017575 0.00015855 0.0001796 0.00013735 0.0001688 0.0001746 0.000104 0.00015255 0.00017225 0.0001204 0.0001076 0.00013755 0.00017125 0.0001659 0.0001393 0.00014 0.00016845 0.0001228 0.00010235 0.0001538 0.00013315 0.00013945 0.0001711 0.0001294 0.00017605 0.000159 0.00017795 0.00014615 0.0001903 0.00017555 0.0001747 0.000164 0.0001173 0.00016705 0.0001148 0.00016415 0.00017965 0.00015505
45 0.00017 0.00011535 0.00018905 7.155e-05 0.00016975 0.00015965 0.00015295 0.0001733 0.0001748 0.0001738 0.00018245 0.00018355 0.00017515 0.00014455 0.0001588 0.00016495 0.0001154 0.0001846 4.26e-05 0.0001576 0.0001603 0.00016615 0.00018905 0.0001431 0.0001132 0.0001616 0.00017395 0.0001819 0.00017965 7.165e-05 0.0001838 0.0001721 0.000153 0.00015495 0.00016215 0.0001703 0.00016795 0.00018985 9.925e-05 0.00017335 0.00013245 0.00016935 3.055e-05 0.00017125 0.00017555 3.79e-05 0.00012485 0.00015235 0.0001536 0.0001353 0.00017595 0.00012595 7.405e-05 0.00018655
46 0.0001701 0.0001314 0.0001715 0.0001192 0.00017075 0.00014645 0.00016555 0.0001648 0.0001441 0.0001629 0.00016455 0.0001632 0.00017295 0.0001412 0.00015355 0.0001306 0.00013145 0.0001692 0.0001173 0.0001762 0.0001647 0.0001354 0.00016775 0.00014855 0.00012945 0.00017525 0.00017015 0.00013045 0.0001337 0.0001192 0.0001357 0.00017825 0.0001714 0.0001686 0.0001806 0.00016355 0.00013505 0.00017725 0.0001428 0.0001711 0.00015065 0.00016795 0.00011585 0.00017065 0.0001747 0.00012485 0.0001804 0.00016015 0.000162 0.00016085 0.0001762 0.00014005 0.00011655 0.00016085
47 0.0001321 0.0001319 0.00016355 0.00016165 0.0001099 0.00016525 0.00012995 0.0001363 0.0001699 0.00013605 0.00010375 0.00011025 0.0001686 0.000164 0.00010325 0.00013095 0.00013195 0.0001069 0.0001572 0.0001365 0.0001207 0.0001323 0.0001614 0.0001616 0.00013115 0.0001673 0.00016445 0.00016045 0.00013125 0.00016165 0.00016365 0.00017335 0.00010105 0.00014085 0.0001687 9.435e-05 0.00016115 0.000136 0.0001287 0.0001667 0.00013935 0.00010675 0.0001503 0.00013845 0.000164 0.00015235 0.00016015 0.0001569 0.00016735 9.485e-05 0.0001725 0.0001627 0.0001565 0.00012395
48 0.0001179 0.0001661 6.24e-05 0.00013475 0.0001685 0.0001277 0.0001618 0.00015125 0.00014565 0.0001489 0.00015965 0.0001229 0.00016575 0.0001116 0.00013785 0.00016585 0.00016615 0.0001452 0.00014095 0.0001748 0.0001589 0.00017185 9.19e-05 0.00014645 0.0001638 0.00017595 0.0001339 0.00013875 0.000166 0.00013475 0.0001161 0.0001585 0.00017125 0.0001483 0.0001536 0.00014555 0.0001715 0.00011765 0.00015175 0.00016435 0.0001739 0.00014735 0.0001425 0.00014555 0.0001173 0.0001536 0.000162 0.00016735 0.000112 0.00016825 0.00015095 0.00014245 0.00015515 0.00014965
49 0.00010605 9.3e-05 0.00016535 0.0001558 9.77e-05 0.0001701 8.955e-05 9.59e-05 0.00016515 9.845e-05 0.000165 0.0001632 0.0001617 0.0001632 9.85e-05 9.61e-05 9.305e-05 0.000149 0.00014545 9.765e-05 0.00012615 9.545e-05 0.0001665 0.00016085 0.00010275 0.0001646 0.0001672 0.00016585 0.00014795 0.0001558 0.0001647 0.0001691 3.56e-05 0.00011365 0.0001689 0.00015115 0.00016565 0.0001516 9.06e-05 0.00016735 0.000125 9.45e-05 0.0001388 0.00011075 0.00016705 0.0001353 0.00016085 9.485e-05 0.00016825 5.16e-05 0.0001729 0.00015735 0.0001498 0.0001648
50 0.00016555 0.00017895 0.00015565 0.00018055 0.00017635 0.0001318 0.00017115 0.000155 0.00016665 0.000153 0.00016815 0.00014985 0.00013875 0.00017785 0.00015565 0.00017295 0.000179 0.00016295 0.00018055 0.00012465 0.0001704 0.00017785 0.00012755 0.00012415 0.00017525 0.0001105 0.00011975 0.0001283 0.0001735 0.00018055 0.0001671 0.00010665 0.00017675 0.00010975 0.0001079 0.00016305 0.0001245 0.0001697 0.0001747 0.00011315 0.0001749 0.00016435 0.0001787 0.00012085 0.0001148 0.00017595 0.0001762 0.0001725 0.00015095 0.0001729 0.0001407 0.000175 0.00018025 0.000153
51 0.0001578 0.0001432 0.00014945 9.66e-05 0.0001592 0.0001578 0.00012075 0.00017015 0.0001444 0.0001677 0.0001585 0.00016295 0.00016115 0.00010985 0.0001527 0.00016075 0.00014325 0.00016695 0.00010875 0.0001737 0.00013165 0.00016475 0.00015955 0.00015095 0.00014145 0.0001619 0.00016275 0.00016685 0.00016555 9.66e-05 0.0001495 0.00015925 0.00016615 0.0001688 0.0001687 0.0001633 0.0001713 0.00015495 0.00013955 0.00017495 0.0001497 0.00016455 0.00011615 0.0001656 0.00016415 0.00012595 0.00014005 0.0001627 0.00014245 0.00015735 0.000175 0.0001507 0.00012765 0.00017155
52 0.0001724 0.0001276 0.00017825 8.675e-05 0.00016815 0.00012145 0.0001602 0.0001701 0.00015755 0.0001691 0.0001677 0.0001659 0.00017735 0.000131 0.00015085 0.00015175 0.00012765 0.00017145 7.365e-05 0.00017395 0.000162 0.0001565 0.00017125 0.0001206 0.00012685 0.00018075 0.00017355 0.00015925 0.00015925 8.68e-05 0.00016205 0.00018195 0.0001643 0.0001665 0.0001841 0.00016275 0.0001634 0.00017985 0.0001184 0.00017615 0.0001185 0.0001649 6.92e-05 0.00016935 0.00017965 7.405e-05 0.00011655 0.0001565 0.00015515 0.0001498 0.00018025 0.00012765 0.0001272 0.00017345
53 0.00015515 0.0001627 0.0001434 0.00018085 0.0001392 0.0001494 0.00016515 0.0001264 0.00017055 0.00012465 9.91e-05 8.645e-05 0.00017285 0.00016645 0.0001202 0.00016125 0.00016275 9.88e-05 0.0001822 0.0001717 0.00013475 0.00016615 0.00014445 0.0001503 0.0001615 0.0001741 0.00016525 0.0001453 0.0001353 0.00018085 0.00015525 0.0001624 0.0001649 0.00015725 0.0001783 9.275e-05 0.00016455 0.00013115 0.0001727 0.00016635 0.00015675 0.00012645 0.0001829 0.00014645 0.00015505 0.00018655 0.00016085 0.00012395 0.00014965 0.0001648 0.000153 0.00017155 0.00017345 0.0001725
