 slim_762142551 slim_762142555 slim_762142575 slim_762142580 slim_762142566 slim_762142586 slim_762142592 slim_762142603 slim_762142578 slim_762142574 slim_762142579 slim_762142567 slim_762142606 slim_762142600 slim_762142583 slim_762142564 slim_762142591 slim_762142601 slim_762142581 slim_762142577 slim_762142576 slim_762142561 slim_762142598 slim_762142569 slim_762142584 slim_762142587 slim_762142559 slim_762142570 slim_762142553 slim_762142589 slim_762142573 slim_762142590 slim_762142599 slim_762142557 slim_762142605 slim_762142595 slim_762142572 slim_762142571 slim_762142565 slim_762142582 slim_762142594 slim_762142610 slim_762142609 slim_762142588 slim_762142607 slim_762142612 slim_762142585 slim_762142556 slim_762142597 slim_762142608 slim_762142604 slim_762142602 slim_762142568 slim_762142562 slim_762142611 slim_762142552 slim_762142563 slim_762142596 slim_762142593 slim_762142558 slim_762142560 slim_762142554
0 1.5e-06 2e-06 1.8e-06 1.3e-06 1.55e-06 1.5e-06 1.95e-06 1.45e-06 1.65e-06 2e-06 1.65e-06 1.25e-06 1.55e-06 1.8e-06 1.2e-06 1.85e-06 1.15e-06 1.6e-06 1.65e-06 1.75e-06 1.7e-06 1.8e-06 1.35e-06 1.5e-06 1.6e-06 1.6e-06 1.55e-06 1.75e-06 1.65e-06 1.45e-06 1.6e-06 1.5e-06 1.55e-06 1.55e-06 9.5e-07 1.35e-06 1.7e-06 1.6e-06 1.7e-06 1.95e-06 1.95e-06 1.7e-06 1.9e-06 1.75e-06 1.8e-06 2.05e-06 1.65e-06 1.3e-06 1.65e-06 1.85e-06 1.8e-06 1.55e-06 1.25e-06 1.25e-06 1.55e-06 8.5e-07 1.2e-06 1.65e-06 1.6e-06 1.85e-06 1.65e-06 1.7e-06
1 2e-06 2.7e-06 1.8e-06 1.55e-06 1.85e-06 2.85e-06 2.45e-06 2.65e-06 1.95e-06 1.8e-06 1.95e-06 1.85e-06 1.95e-06 2.6e-06 2e-06 2.45e-06 2e-06 1.8e-06 1.45e-06 1.6e-06 1.65e-06 1.8e-06 2.7e-06 1.6e-06 2.4e-06 1.9e-06 1.75e-06 1.75e-06 2.4e-06 1.6e-06 1.55e-06 1.8e-06 1.75e-06 1.7e-06 2.4e-06 2.1e-06 1.5e-06 2.4e-06 1.7e-06 1.6e-06 2.55e-06 1.8e-06 2.35e-06 1.5e-06 1.8e-06 1.35e-06 1.95e-06 2.05e-06 1.85e-06 1.7e-06 1.8e-06 1.75e-06 2e-06 2.05e-06 1.8e-06 2.1e-06 2.1e-06 1.75e-06 2.3e-06 2.2e-06 1.85e-06 1.45e-06
2 1.8e-06 1.8e-06 1.9e-06 1.65e-06 1.15e-06 2.5e-06 2.3e-06 2.35e-06 1.95e-06 1e-06 1.25e-06 1.5e-06 2.05e-06 2e-06 1.55e-06 1.85e-06 1.6e-06 1.1e-06 1.35e-06 1.45e-06 1.4e-06 1.45e-06 2.35e-06 1.1e-06 1.9e-06 1.2e-06 1.05e-06 1.05e-06 1.95e-06 1.7e-06 1.5e-06 1.85e-06 1.1e-06 1.15e-06 2.2e-06 1.65e-06 1.4e-06 1.85e-06 1.35e-06 1.35e-06 1.95e-06 1.15e-06 2.35e-06 1.45e-06 1e-06 1.75e-06 1.1e-06 1.6e-06 1.25e-06 1.5e-06 1.45e-06 1.05e-06 1.5e-06 1.65e-06 1.25e-06 1.95e-06 1.75e-06 1.3e-06 1.95e-06 2.25e-06 1.05e-06 1.5e-06
3 1.3e-06 1.55e-06 1.65e-06 1.6e-06 1.7e-06 2.35e-06 2.4e-06 1.9e-06 1.5e-06 1.55e-06 1.8e-06 1.35e-06 2.1e-06 2.3e-06 1.75e-06 2.05e-06 1.65e-06 1.75e-06 1.15e-06 1.3e-06 1.25e-06 1.9e-06 2.2e-06 1.6e-06 2.1e-06 1.75e-06 1.7e-06 1.6e-06 2.15e-06 1.5e-06 1.15e-06 1.95e-06 1.7e-06 1.7e-06 1.95e-06 1.85e-06 1.25e-06 2.1e-06 1.85e-06 1.2e-06 2.15e-06 1.55e-06 1.8e-06 1.85e-06 1.65e-06 2.1e-06 1.8e-06 1.8e-06 1.8e-06 1.95e-06 1.9e-06 1.7e-06 1.75e-06 1.8e-06 1.65e-06 1.4e-06 1.75e-06 1.75e-06 2.05e-06 2.3e-06 1.8e-06 1.2e-06
4 1.55e-06 1.85e-06 1.15e-06 1.7e-06 1.4e-06 2.25e-06 2.05e-06 2.1e-06 2e-06 1.65e-06 1.15e-06 1.25e-06 1.8e-06 1.75e-06 1.3e-06 2.05e-06 1.2e-06 8.5e-07 1.4e-06 1.5e-06 1.6e-06 1.35e-06 2.1e-06 8.5e-07 1.65e-06 8e-07 8e-07 1.25e-06 1.7e-06 1.45e-06 1.4e-06 1.6e-06 8.5e-07 9e-07 1.95e-06 1.4e-06 1.45e-06 1.6e-06 1.15e-06 1.85e-06 2.15e-06 1.2e-06 2.4e-06 1.2e-06 1.2e-06 1.5e-06 1e-06 1.35e-06 1e-06 1.25e-06 1.35e-06 8e-07 1.25e-06 1.4e-06 1e-06 1.7e-06 1.35e-06 1.05e-06 1.7e-06 2e-06 8e-07 1.55e-06
5 1.5e-06 2.85e-06 2.5e-06 2.35e-06 2.25e-06 1.3e-06 1.8e-06 1.4e-06 1.9e-06 2.6e-06 2.35e-06 2.3e-06 2.05e-06 1.45e-06 1.75e-06 1.65e-06 1.45e-06 2.35e-06 2.45e-06 2.6e-06 2.4e-06 2.45e-06 6.5e-07 2.25e-06 1.55e-06 2.3e-06 2.4e-06 2.5e-06 1.55e-06 2.4e-06 2.35e-06 1.85e-06 2.45e-06 2.4e-06 1.2e-06 1.6e-06 2.5e-06 1.5e-06 2.4e-06 2.65e-06 1.75e-06 2.3e-06 1.7e-06 2.55e-06 2.5e-06 2.75e-06 2.35e-06 1.55e-06 2.5e-06 2.6e-06 2.45e-06 2.4e-06 1.45e-06 1.8e-06 2.5e-06 1.65e-06 1.6e-06 2.45e-06 1.45e-06 1.75e-06 2.35e-06 2.5e-06
6 1.95e-06 2.45e-06 2.3e-06 2.4e-06 2.05e-06 1.8e-06 3.2e-06 2.05e-06 2.35e-06 2.55e-06 2.15e-06 2.15e-06 2.05e-06 1.95e-06 2e-06 2.1e-06 1.85e-06 2.05e-06 2.3e-06 2.45e-06 2.4e-06 1.85e-06 1.65e-06 1.85e-06 1.85e-06 2.1e-06 2.05e-06 2.3e-06 1.85e-06 2e-06 2.35e-06 1.85e-06 2.1e-06 2.05e-06 2.05e-06 1.95e-06 2.35e-06 1.75e-06 1.95e-06 2.65e-06 2.15e-06 2.25e-06 2.35e-06 1.95e-06 2.3e-06 1.9e-06 2.15e-06 1.9e-06 2.15e-06 1.8e-06 1.8e-06 2.05e-06 1.8e-06 2.05e-06 2.15e-06 2.1e-06 2e-06 2.05e-06 1.7e-06 1.8e-06 2.05e-06 2.3e-06
7 1.45e-06 2.65e-06 2.35e-06 1.9e-06 2.1e-06 1.4e-06 2.05e-06 2.5e-06 2.2e-06 2.6e-06 2.2e-06 1.8e-06 2.3e-06 1.65e-06 1.95e-06 1.95e-06 1.8e-06 2.1e-06 2.3e-06 2.35e-06 2.3e-06 2.4e-06 1.4e-06 2.1e-06 1.7e-06 2.15e-06 2.1e-06 2.35e-06 1.7e-06 2e-06 2.25e-06 2.15e-06 2.15e-06 2.1e-06 1.85e-06 1.9e-06 2.25e-06 1.7e-06 2.25e-06 2.55e-06 2.05e-06 2.3e-06 1.9e-06 2.35e-06 2.35e-06 2.65e-06 2.2e-06 1.85e-06 2.2e-06 2.4e-06 2.4e-06 2.1e-06 1.8e-06 2e-06 2.1e-06 1.6e-06 1.95e-06 2.25e-06 1.7e-06 2e-06 2.1e-06 2.35e-06
8 1.65e-06 1.95e-06 1.95e-06 1.5e-06 2e-06 1.9e-06 2.35e-06 2.2e-06 2.4e-06 1.75e-06 2.1e-06 2.05e-06 2.1e-06 2.3e-06 1.85e-06 2e-06 1.55e-06 2.15e-06 1.5e-06 1.75e-06 1.55e-06 2.1e-06 1.75e-06 1.85e-06 2.2e-06 2.05e-06 2.15e-06 1.95e-06 2.2e-06 2.05e-06 1.5e-06 1.85e-06 2.2e-06 2.15e-06 1.7e-06 1.8e-06 1.65e-06 2.1e-06 2.15e-06 1.5e-06 2.1e-06 1.75e-06 1.9e-06 2.2e-06 1.95e-06 2.3e-06 2.1e-06 1.75e-06 2.25e-06 2.25e-06 2.1e-06 2.15e-06 1.6e-06 1.9e-06 2.2e-06 1.8e-06 1.7e-06 2.1e-06 2e-06 2.3e-06 2.15e-06 1.55e-06
9 2e-06 1.8e-06 1e-06 1.55e-06 1.65e-06 2.6e-06 2.55e-06 2.6e-06 1.75e-06 1e-07 1.45e-06 2e-06 2.25e-06 2.55e-06 2e-06 1.45e-06 1.6e-06 1.95e-06 1.35e-06 1.6e-06 1e-06 1.45e-06 2.45e-06 1.6e-06 2.4e-06 1.7e-06 1.9e-06 9.5e-07 2.4e-06 2e-06 1.25e-06 2e-06 1.95e-06 1.9e-06 2.25e-06 2.05e-06 1.5e-06 2.3e-06 1.7e-06 6e-07 1.55e-06 6.5e-07 2.2e-06 1.95e-06 9.5e-07 2.05e-06 1.45e-06 2e-06 2e-06 2e-06 1.45e-06 1.9e-06 1.85e-06 2.05e-06 2e-06 2.15e-06 1.75e-06 1.85e-06 2.2e-06 2.5e-06 1.95e-06 1.4e-06
10 1.65e-06 1.95e-06 1.25e-06 1.8e-06 1.15e-06 2.35e-06 2.15e-06 2.2e-06 2.1e-06 1.45e-06 1.6e-06 1.15e-06 1.9e-06 1.95e-06 1.5e-06 2e-06 1.45e-06 1.1e-06 1.55e-06 1.65e-06 1.45e-06 1.2e-06 2.2e-06 1.05e-06 1.8e-06 1.2e-06 1.05e-06 1.25e-06 1.8e-06 1.55e-06 1.65e-06 1.7e-06 1.1e-06 1.05e-06 2.05e-06 1.55e-06 1.55e-06 1.8e-06 1.2e-06 1.8e-06 2.1e-06 1.3e-06 2.5e-06 1.3e-06 1.25e-06 1.6e-06 1e-06 1.5e-06 9.5e-07 1.35e-06 1.3e-06 1.05e-06 1.45e-06 1.55e-06 1.05e-06 1.8e-06 1.6e-06 1.2e-06 1.8e-06 2.1e-06 1.1e-06 1.65e-06
11 1.25e-06 1.85e-06 1.5e-06 1.35e-06 1.25e-06 2.3e-06 2.15e-06 1.8e-06 2.05e-06 2e-06 1.15e-06 1.5e-06 1.9e-06 1.85e-06 1.4e-06 2.2e-06 1.6e-06 1e-06 1.5e-06 1.5e-06 1.75e-06 1.65e-06 2.15e-06 1.15e-06 1.65e-06 1.3e-06 9.5e-07 1.45e-06 1.7e-06 1.3e-06 1.65e-06 1.8e-06 9.5e-07 9.5e-07 1.95e-06 1.5e-06 1.45e-06 1.75e-06 1.35e-06 2e-06 2.3e-06 1.7e-06 2.3e-06 1.3e-06 1.5e-06 1.75e-06 1.35e-06 1.45e-06 8.5e-07 1.4e-06 1.65e-06 9.5e-07 1.5e-06 1.45e-06 8.5e-07 1.35e-06 1.7e-06 1.2e-06 1.8e-06 2.05e-06 1.05e-06 1.6e-06
12 1.55e-06 1.95e-06 2.05e-06 2.1e-06 1.8e-06 2.05e-06 2.05e-06 2.3e-06 2.1e-06 2.25e-06 1.9e-06 1.9e-06 2.6e-06 2.25e-06 1.55e-06 2.3e-06 1.5e-06 1.85e-06 1.95e-06 2.15e-06 2.1e-06 1.7e-06 1.9e-06 1.55e-06 2.05e-06 1.85e-06 1.8e-06 2e-06 2.1e-06 1.6e-06 2e-06 1.35e-06 1.8e-06 1.8e-06 1.3e-06 1.7e-06 2.1e-06 2e-06 1.7e-06 2.35e-06 2.4e-06 1.95e-06 2.5e-06 1.55e-06 2.05e-06 1.3e-06 1.9e-06 1.65e-06 1.9e-06 1.75e-06 1.7e-06 1.8e-06 1.55e-06 1.6e-06 1.9e-06 1.55e-06 1.55e-06 1.75e-06 1.9e-06 1.8e-06 1.9e-06 1.95e-06
13 1.8e-06 2.6e-06 2e-06 2.3e-06 1.75e-06 1.45e-06 1.95e-06 1.65e-06 2.3e-06 2.55e-06 1.95e-06 1.85e-06 2.25e-06 2.6e-06 1.7e-06 1.95e-06 1.85e-06 1.45e-06 2.2e-06 2.2e-06 2.4e-06 2.25e-06 1.45e-06 1.75e-06 1.45e-06 1.8e-06 1.5e-06 2.05e-06 1.5e-06 2.15e-06 2.35e-06 2.1e-06 1.55e-06 1.6e-06 2e-06 1.65e-06 2.15e-06 1.5e-06 1.95e-06 2.65e-06 2.05e-06 2.25e-06 2.05e-06 2e-06 2e-06 2.4e-06 1.85e-06 1.6e-06 1.7e-06 2.05e-06 2.25e-06 1.5e-06 1.6e-06 1.8e-06 1.7e-06 1.95e-06 2e-06 1.85e-06 1.6e-06 1.9e-06 1.4e-06 2.35e-06
14 1.2e-06 2e-06 1.55e-06 1.75e-06 1.3e-06 1.75e-06 2e-06 1.95e-06 1.85e-06 2e-06 1.5e-06 1.4e-06 1.55e-06 1.7e-06 1.9e-06 2e-06 1.25e-06 1.1e-06 1.55e-06 1.65e-06 1.85e-06 1.7e-06 1.6e-06 1.25e-06 1.5e-06 1.35e-06 1.05e-06 1.5e-06 1.65e-06 1.7e-06 1.7e-06 1.5e-06 1e-06 1.15e-06 1.1e-06 1.2e-06 1.7e-06 1.6e-06 1.5e-06 2.1e-06 2.1e-06 1.7e-06 2.15e-06 1.45e-06 1.55e-06 1.85e-06 1.4e-06 1.15e-06 1.25e-06 1.6e-06 1.7e-06 1.05e-06 1.2e-06 1.05e-06 1.25e-06 1.25e-06 1.25e-06 1.3e-06 1.65e-06 1.85e-06 1.15e-06 1.7e-06
15 1.85e-06 2.45e-06 1.85e-06 2.05e-06 2.05e-06 1.65e-06 2.1e-06 1.95e-06 2e-06 1.45e-06 2e-06 2.2e-06 2.3e-06 1.95e-06 2e-06 2.9e-06 1.7e-06 2.2e-06 2.05e-06 2.2e-06 1.85e-06 2.1e-06 1.5e-06 2.05e-06 1.85e-06 2.1e-06 2.2e-06 1.8e-06 1.85e-06 2.3e-06 1.95e-06 2.1e-06 2.25e-06 2.2e-06 1.9e-06 1.95e-06 2.1e-06 1.8e-06 2.15e-06 1.75e-06 1.55e-06 1.6e-06 1.95e-06 2.35e-06 1.8e-06 2.55e-06 2e-06 1.9e-06 2.3e-06 2.4e-06 2.1e-06 2.2e-06 1.8e-06 2.05e-06 2.3e-06 2e-06 1.85e-06 2.25e-06 1.75e-06 2.05e-06 2.2e-06 2.1e-06
16 1.15e-06 2e-06 1.6e-06 1.65e-06 1.2e-06 1.45e-06 1.85e-06 1.8e-06 1.55e-06 1.6e-06 1.45e-06 1.6e-06 1.5e-06 1.85e-06 1.25e-06 1.7e-06 1.3e-06 1.65e-06 1.55e-06 1.8e-06 1.5e-06 1.45e-06 1.3e-06 1.3e-06 1.7e-06 1.25e-06 1.6e-06 1.6e-06 1.7e-06 1.6e-06 1.3e-06 1.25e-06 1.65e-06 1.6e-06 1.05e-06 1.3e-06 1.7e-06 1.6e-06 1.5e-06 1.75e-06 1.8e-06 1.15e-06 2e-06 1.65e-06 1.6e-06 1.75e-06 1.45e-06 1.25e-06 1.7e-06 1.7e-06 1.45e-06 1.6e-06 1.1e-06 1.3e-06 1.7e-06 1.3e-06 8.5e-07 1.55e-06 1.5e-06 1.8e-06 1.65e-06 1.6e-06
17 1.6e-06 1.8e-06 1.1e-06 1.75e-06 8.5e-07 2.35e-06 2.05e-06 2.1e-06 2.15e-06 1.95e-06 1.1e-06 1e-06 1.85e-06 1.45e-06 1.1e-06 2.2e-06 1.65e-06 4e-07 1.35e-06 1.3e-06 1.85e-06 1.5e-06 2.2e-06 7.5e-07 1.3e-06 9e-07 2e-07 1.1e-06 1.5e-06 1.45e-06 1.75e-06 1.75e-06 2e-07 3.5e-07 2.1e-06 1.15e-06 1.35e-06 1.5e-06 1.05e-06 2.1e-06 2.3e-06 1.65e-06 2.45e-06 9.5e-07 1.1e-06 1.5e-06 9.5e-07 1.1e-06 4.5e-07 1.05e-06 1.5e-06 2e-07 1.25e-06 1.15e-06 4.5e-07 1.7e-06 1.75e-06 7e-07 1.7e-06 1.95e-06 2.5e-07 1.6e-06
18 1.65e-06 1.45e-06 1.35e-06 1.15e-06 1.4e-06 2.45e-06 2.3e-06 2.3e-06 1.5e-06 1.35e-06 1.55e-06 1.5e-06 1.95e-06 2.2e-06 1.55e-06 2.05e-06 1.55e-06 1.35e-06 1.8e-06 1.15e-06 1.2e-06 1.6e-06 2.3e-06 1.15e-06 2e-06 1.45e-06 1.3e-06 1.3e-06 2.1e-06 1.6e-06 1.1e-06 1.75e-06 1.3e-06 1.35e-06 2e-06 1.65e-06 1.15e-06 1.95e-06 1.55e-06 1.15e-06 2.15e-06 1.35e-06 1.95e-06 1.5e-06 1.35e-06 1.7e-06 1.5e-06 1.6e-06 1.45e-06 1.6e-06 1.6e-06 1.3e-06 1.5e-06 1.6e-06 1.4e-06 1.75e-06 1.65e-06 1.35e-06 1.95e-06 2.2e-06 1.4e-06 1.05e-06
19 1.75e-06 1.6e-06 1.45e-06 1.3e-06 1.5e-06 2.6e-06 2.45e-06 2.35e-06 1.75e-06 1.6e-06 1.65e-06 1.5e-06 2.15e-06 2.2e-06 1.65e-06 2.2e-06 1.8e-06 1.3e-06 1.15e-06 2.3e-06 1.45e-06 1.85e-06 2.45e-06 1.35e-06 2e-06 1.55e-06 1.25e-06 1.4e-06 2.1e-06 1.75e-06 1.35e-06 2e-06 1.25e-06 1.3e-06 2.2e-06 1.75e-06 1.25e-06 2.05e-06 1.65e-06 1.4e-06 2.3e-06 1.6e-06 2.1e-06 1.6e-06 1.45e-06 1.95e-06 1.6e-06 1.7e-06 1.4e-06 1.7e-06 1.85e-06 1.25e-06 1.7e-06 1.7e-06 1.35e-06 1.85e-06 1.9e-06 1.45e-06 2.1e-06 2.35e-06 1.35e-06 1.3e-06
20 1.7e-06 1.65e-06 1.4e-06 1.25e-06 1.6e-06 2.4e-06 2.4e-06 2.3e-06 1.55e-06 1e-06 1.45e-06 1.75e-06 2.1e-06 2.4e-06 1.85e-06 1.85e-06 1.5e-06 1.85e-06 1.2e-06 1.45e-06 1.9e-06 1.45e-06 2.25e-06 1.5e-06 2.25e-06 1.65e-06 1.8e-06 1.4e-06 2.25e-06 1.75e-06 1.15e-06 1.85e-06 1.85e-06 1.8e-06 2.05e-06 1.9e-06 1.35e-06 2.15e-06 1.7e-06 1e-06 1.95e-06 1.15e-06 2e-06 1.85e-06 1.4e-06 1.95e-06 1.45e-06 1.85e-06 1.9e-06 1.9e-06 1.55e-06 1.8e-06 1.7e-06 1.9e-06 1.85e-06 1.85e-06 1.65e-06 1.75e-06 2.05e-06 2.35e-06 1.85e-06 1.25e-06
21 1.8e-06 1.8e-06 1.45e-06 1.9e-06 1.35e-06 2.45e-06 1.85e-06 2.4e-06 2.1e-06 1.45e-06 1.2e-06 1.65e-06 1.7e-06 2.25e-06 1.7e-06 2.1e-06 1.45e-06 1.5e-06 1.6e-06 1.85e-06 1.45e-06 1.6e-06 2.3e-06 1.1e-06 2.1e-06 1.4e-06 1.45e-06 1.45e-06 2.1e-06 1.4e-06 1.65e-06 1.45e-06 1.5e-06 1.45e-06 2.1e-06 1.75e-06 1.75e-06 2e-06 1.2e-06 1.8e-06 2.2e-06 1.3e-06 2.6e-06 1.25e-06 1.45e-06 1.1e-06 1.2e-06 1.7e-06 1.55e-06 1.15e-06 9e-07 1.45e-06 1.55e-06 1.75e-06 1.55e-06 1.95e-06 1.6e-06 1.35e-06 1.85e-06 1.95e-06 1.5e-06 1.6e-06
22 1.35e-06 2.7e-06 2.35e-06 2.2e-06 2.1e-06 6.5e-07 1.65e-06 1.4e-06 1.75e-06 2.45e-06 2.2e-06 2.15e-06 1.9e-06 1.45e-06 1.6e-06 1.5e-06 1.3e-06 2.2e-06 2.3e-06 2.45e-06 2.25e-06 2.3e-06 1e-06 2.1e-06 1.4e-06 2.15e-06 2.25e-06 2.35e-06 1.4e-06 2.25e-06 2.2e-06 1.7e-06 2.3e-06 2.25e-06 1.05e-06 1.45e-06 2.35e-06 1.35e-06 2.25e-06 2.5e-06 1.6e-06 2.15e-06 1.7e-06 2.4e-06 2.35e-06 2.6e-06 2.2e-06 1.4e-06 2.35e-06 2.45e-06 2.3e-06 2.25e-06 1.3e-06 1.65e-06 2.35e-06 1.5e-06 1.45e-06 2.3e-06 1.3e-06 1.6e-06 2.2e-06 2.35e-06
23 1.5e-06 1.6e-06 1.1e-06 1.6e-06 8.5e-07 2.25e-06 1.85e-06 2.1e-06 1.85e-06 1.6e-06 1.05e-06 1.15e-06 1.55e-06 1.75e-06 1.25e-06 2.05e-06 1.3e-06 7.5e-07 1.15e-06 1.35e-06 1.5e-06 1.1e-06 2.1e-06 7e-07 1.6e-06 9e-07 7e-07 1.15e-06 1.65e-06 1.2e-06 1.45e-06 1.35e-06 7.5e-07 7.5e-07 1.9e-06 1.3e-06 1.3e-06 1.45e-06 8.5e-07 1.75e-06 2.15e-06 1.3e-06 2.35e-06 9e-07 1.15e-06 1.05e-06 9.5e-07 1.25e-06 8.5e-07 9.5e-07 1.1e-06 7e-07 1.05e-06 1.3e-06 8.5e-07 1.65e-06 1.45e-06 6.5e-07 1.4e-06 1.8e-06 7.5e-07 1.15e-06
24 1.6e-06 2.4e-06 1.9e-06 2.1e-06 1.65e-06 1.55e-06 1.85e-06 1.7e-06 2.2e-06 2.4e-06 1.8e-06 1.65e-06 2.05e-06 1.45e-06 1.5e-06 1.85e-06 1.7e-06 1.3e-06 2e-06 2e-06 2.25e-06 2.1e-06 1.4e-06 1.6e-06 2.5e-06 1.7e-06 1.3e-06 1.85e-06 1.4e-06 2e-06 2.15e-06 1.95e-06 1.3e-06 1.35e-06 1.75e-06 1.45e-06 2e-06 1.4e-06 1.8e-06 2.5e-06 1.95e-06 2.1e-06 2.05e-06 1.8e-06 1.9e-06 2.25e-06 1.75e-06 1.4e-06 1.45e-06 1.9e-06 2.1e-06 1.3e-06 1.5e-06 1.5e-06 1.45e-06 1.7e-06 1.8e-06 1.6e-06 1.5e-06 1.75e-06 1.4e-06 2.15e-06
25 1.6e-06 1.9e-06 1.2e-06 1.75e-06 8e-07 2.3e-06 2.1e-06 2.15e-06 2.05e-06 1.7e-06 1.2e-06 1.3e-06 1.85e-06 1.8e-06 1.35e-06 2.1e-06 1.25e-06 9e-07 1.45e-06 1.55e-06 1.65e-06 1.4e-06 2.15e-06 9e-07 1.7e-06 1.5e-06 8.5e-07 1.3e-06 1.75e-06 1.5e-06 1.45e-06 1.65e-06 9e-07 9.5e-07 2e-06 1.45e-06 1.5e-06 1.65e-06 1.2e-06 1.9e-06 2.2e-06 1.25e-06 2.45e-06 1.25e-06 1.25e-06 1.55e-06 1e-06 1.4e-06 1.05e-06 1.3e-06 1.4e-06 8.5e-07 1.3e-06 1.45e-06 1.05e-06 1.75e-06 1.4e-06 1.1e-06 1.75e-06 2.05e-06 8.5e-07 1.6e-06
26 1.55e-06 1.75e-06 1.05e-06 1.7e-06 8e-07 2.4e-06 2.05e-06 2.1e-06 2.15e-06 1.9e-06 1.05e-06 9.5e-07 1.8e-06 1.5e-06 1.05e-06 2.2e-06 1.6e-06 2e-07 1.3e-06 1.25e-06 1.8e-06 1.45e-06 2.25e-06 7e-07 1.3e-06 8.5e-07 3e-07 1.05e-06 1.5e-06 1.4e-06 1.7e-06 1.7e-06 1.5e-07 3e-07 2.05e-06 1.15e-06 1.3e-06 1.5e-06 1e-06 2.05e-06 2.3e-06 1.6e-06 2.45e-06 9e-07 1.05e-06 1.45e-06 9e-07 1.1e-06 4e-07 1e-06 1.45e-06 1.5e-07 1.25e-06 1.1e-06 4e-07 1.65e-06 1.7e-06 6.5e-07 1.7e-06 1.95e-06 2.5e-07 1.55e-06
27 1.75e-06 1.75e-06 1.05e-06 1.6e-06 1.25e-06 2.5e-06 2.3e-06 2.35e-06 1.95e-06 9.5e-07 1.25e-06 1.45e-06 2e-06 2.05e-06 1.5e-06 1.8e-06 1.6e-06 1.1e-06 1.3e-06 1.4e-06 1.4e-06 1.45e-06 2.35e-06 1.15e-06 1.85e-06 1.3e-06 1.05e-06 1.9e-06 1.95e-06 1.7e-06 1.45e-06 1.85e-06 1.05e-06 1.1e-06 2.1e-06 1.6e-06 1.4e-06 1.9e-06 1.35e-06 1.3e-06 1.9e-06 1.1e-06 2.3e-06 1.4e-06 1e-06 1.75e-06 1.2e-06 1.55e-06 1.2e-06 1.5e-06 1.45e-06 1.05e-06 1.55e-06 1.55e-06 1.2e-06 1.85e-06 1.7e-06 1.25e-06 1.95e-06 2.2e-06 1.15e-06 1.45e-06
28 1.65e-06 2.4e-06 1.95e-06 2.15e-06 1.7e-06 1.55e-06 1.85e-06 1.7e-06 2.2e-06 2.4e-06 1.8e-06 1.7e-06 2.1e-06 1.5e-06 1.65e-06 1.85e-06 1.7e-06 1.5e-06 2.1e-06 2.1e-06 2.25e-06 2.1e-06 1.4e-06 1.65e-06 1.4e-06 1.75e-06 1.5e-06 1.95e-06 2.5e-06 2e-06 2.2e-06 1.95e-06 1.55e-06 1.4e-06 1.85e-06 1.6e-06 1.9e-06 1.45e-06 1.7e-06 2.5e-06 1.95e-06 2.1e-06 2.1e-06 1.75e-06 1.95e-06 2.25e-06 1.8e-06 1.55e-06 1.6e-06 1.8e-06 2.1e-06 1.5e-06 1.55e-06 1.7e-06 1.6e-06 1.8e-06 1.85e-06 1.75e-06 1.5e-06 1.8e-06 1.5e-06 2.2e-06
29 1.45e-06 1.6e-06 1.7e-06 1.5e-06 1.45e-06 2.4e-06 2e-06 2e-06 2.05e-06 2e-06 1.55e-06 1.3e-06 1.6e-06 2.15e-06 1.7e-06 2.3e-06 1.6e-06 1.45e-06 1.6e-06 1.75e-06 1.75e-06 1.4e-06 2.25e-06 1.2e-06 2e-06 1.5e-06 1.4e-06 1.7e-06 2e-06 1.9e-06 1.7e-06 1.4e-06 1.45e-06 1.4e-06 2.1e-06 1.75e-06 1.65e-06 1.95e-06 1.35e-06 2e-06 2.4e-06 1.7e-06 2.45e-06 1.2e-06 1.7e-06 9.5e-07 1.55e-06 1.7e-06 1.5e-06 1.35e-06 1.4e-06 1.4e-06 1.6e-06 1.75e-06 1.4e-06 1.6e-06 1.75e-06 1.4e-06 1.85e-06 1.8e-06 1.45e-06 1.6e-06
30 1.6e-06 1.55e-06 1.5e-06 1.15e-06 1.4e-06 2.35e-06 2.35e-06 2.25e-06 1.5e-06 1.25e-06 1.65e-06 1.65e-06 2e-06 2.35e-06 1.7e-06 1.95e-06 1.3e-06 1.75e-06 1.1e-06 1.35e-06 1.15e-06 1.65e-06 2.2e-06 1.45e-06 2.15e-06 1.45e-06 1.7e-06 1.45e-06 2.2e-06 1.7e-06 1.8e-06 1.8e-06 1.7e-06 1.7e-06 1.9e-06 1.8e-06 1.3e-06 2.1e-06 1.7e-06 1.1e-06 2.05e-06 1.1e-06 1.9e-06 1.75e-06 1.5e-06 1.9e-06 1.65e-06 1.75e-06 1.8e-06 1.85e-06 1.65e-06 1.7e-06 1.65e-06 1.75e-06 1.75e-06 1.7e-06 1.4e-06 1.65e-06 2e-06 2.25e-06 1.8e-06 1.15e-06
31 1.5e-06 1.8e-06 1.85e-06 1.95e-06 1.6e-06 1.85e-06 1.85e-06 2.15e-06 1.85e-06 2e-06 1.7e-06 1.8e-06 1.35e-06 2.1e-06 1.5e-06 2.1e-06 1.25e-06 1.75e-06 1.75e-06 2e-06 1.85e-06 1.45e-06 1.7e-06 1.35e-06 1.95e-06 1.65e-06 1.7e-06 1.85e-06 1.95e-06 1.4e-06 1.8e-06 2.1e-06 1.75e-06 1.7e-06 1.45e-06 1.55e-06 1.9e-06 1.85e-06 1.5e-06 2.1e-06 2.2e-06 1.7e-06 2.35e-06 1.4e-06 1.85e-06 1.05e-06 1.7e-06 1.5e-06 1.8e-06 1.55e-06 1.45e-06 1.7e-06 1.35e-06 1.55e-06 1.8e-06 1.65e-06 1.4e-06 1.6e-06 1.7e-06 1.65e-06 1.75e-06 1.75e-06
32 1.55e-06 1.75e-06 1.1e-06 1.7e-06 8.5e-07 2.45e-06 2.1e-06 2.15e-06 2.2e-06 1.95e-06 1.1e-06 9.5e-07 1.8e-06 1.55e-06 1e-06 2.25e-06 1.65e-06 2e-07 1.3e-06 1.25e-06 1.85e-06 1.5e-06 2.3e-06 7.5e-07 1.3e-06 9e-07 1.5e-07 1.05e-06 1.55e-06 1.45e-06 1.7e-06 1.75e-06 2e-07 3e-07 2e-06 1.15e-06 1.35e-06 1.55e-06 1.05e-06 2.1e-06 2.35e-06 1.65e-06 2.45e-06 9e-07 1.1e-06 1.5e-06 9.5e-07 1.1e-06 4e-07 1.05e-06 1.5e-06 1.5e-07 1.3e-06 1.05e-06 4e-07 1.6e-06 1.7e-06 6.5e-07 1.75e-06 1.95e-06 3e-07 1.55e-06
33 1.55e-06 1.7e-06 1.15e-06 1.7e-06 9e-07 2.4e-06 2.05e-06 2.1e-06 2.15e-06 1.9e-06 1.05e-06 9.5e-07 1.8e-06 1.6e-06 1.15e-06 2.2e-06 1.6e-06 3.5e-07 1.35e-06 1.3e-06 1.8e-06 1.45e-06 2.25e-06 7.5e-07 1.35e-06 9.5e-07 3e-07 1.1e-06 1.4e-06 1.4e-06 1.7e-06 1.7e-06 3e-07 5e-07 2.05e-06 1.2e-06 1.2e-06 1.55e-06 9e-07 2.05e-06 2.3e-06 1.6e-06 2.45e-06 8e-07 1.15e-06 1.45e-06 1e-06 1.15e-06 4.5e-07 9e-07 1.45e-06 3e-07 1.3e-06 1.15e-06 4.5e-07 1.65e-06 1.7e-06 7e-07 1.7e-06 1.95e-06 4.5e-07 1.55e-06
34 9.5e-07 2.4e-06 2.2e-06 1.95e-06 1.95e-06 1.2e-06 2.05e-06 1.85e-06 1.7e-06 2.25e-06 2.05e-06 1.95e-06 1.3e-06 2e-06 1.1e-06 1.9e-06 1.05e-06 2.1e-06 2e-06 2.2e-06 2.05e-06 2.1e-06 1.05e-06 1.9e-06 1.75e-06 2e-06 2.05e-06 2.1e-06 1.85e-06 2.1e-06 1.9e-06 1.45e-06 2e-06 2.05e-06 4e-07 1.35e-06 2.2e-06 1.75e-06 2.1e-06 2.3e-06 2e-06 1.95e-06 2e-06 2.15e-06 2.2e-06 2.4e-06 2.05e-06 1.3e-06 2.15e-06 2.3e-06 2.1e-06 2.05e-06 1.25e-06 1.15e-06 2.15e-06 9e-07 1e-06 2.05e-06 1.7e-06 1.9e-06 2.2e-06 2.05e-06
35 1.35e-06 2.1e-06 1.65e-06 1.85e-06 1.4e-06 1.6e-06 1.95e-06 1.9e-06 1.8e-06 2.05e-06 1.55e-06 1.5e-06 1.7e-06 1.65e-06 1.2e-06 1.95e-06 1.3e-06 1.15e-06 1.65e-06 1.75e-06 1.9e-06 1.75e-06 1.45e-06 1.3e-06 1.45e-06 1.45e-06 1.15e-06 1.6e-06 1.6e-06 1.75e-06 1.8e-06 1.55e-06 1.15e-06 1.2e-06 1.35e-06 2.2e-06 1.75e-06 1.55e-06 1.55e-06 2.15e-06 2.05e-06 1.75e-06 2.15e-06 1.55e-06 1.65e-06 1.9e-06 1.5e-06 1.1e-06 1.3e-06 1.65e-06 1.75e-06 1.15e-06 1.15e-06 1.2e-06 1.3e-06 1.45e-06 1.4e-06 1.35e-06 1.6e-06 1.85e-06 1.25e-06 1.8e-06
36 1.7e-06 1.5e-06 1.4e-06 1.25e-06 1.45e-06 2.5e-06 2.35e-06 2.25e-06 1.65e-06 1.5e-06 1.55e-06 1.45e-06 2.1e-06 2.15e-06 1.7e-06 2.1e-06 1.7e-06 1.35e-06 1.15e-06 1.25e-06 1.35e-06 1.75e-06 2.35e-06 1.3e-06 2e-06 1.5e-06 1.3e-06 1.4e-06 1.9e-06 1.65e-06 1.3e-06 1.9e-06 1.35e-06 1.2e-06 2.2e-06 1.75e-06 2.1e-06 2e-06 1.45e-06 1.3e-06 2.2e-06 1.5e-06 2.05e-06 1.45e-06 1.4e-06 1.85e-06 1.55e-06 1.7e-06 1.4e-06 1.5e-06 1.75e-06 1.3e-06 1.65e-06 1.75e-06 1.35e-06 1.85e-06 1.85e-06 1.45e-06 2e-06 2.3e-06 1.35e-06 1.25e-06
37 1.6e-06 2.4e-06 1.85e-06 2.1e-06 1.6e-06 1.5e-06 1.75e-06 1.7e-06 2.1e-06 2.3e-06 1.8e-06 1.75e-06 2e-06 1.5e-06 1.6e-06 1.8e-06 1.6e-06 1.5e-06 1.95e-06 2.05e-06 2.15e-06 2e-06 1.35e-06 1.45e-06 1.4e-06 1.65e-06 1.5e-06 1.9e-06 1.45e-06 1.95e-06 2.1e-06 1.85e-06 1.55e-06 1.55e-06 1.75e-06 1.55e-06 2e-06 2.5e-06 1.8e-06 2.4e-06 1.85e-06 2e-06 2.05e-06 1.85e-06 1.9e-06 2.15e-06 1.7e-06 1.5e-06 1.65e-06 1.9e-06 2e-06 1.5e-06 1.35e-06 1.65e-06 1.65e-06 1.75e-06 1.75e-06 1.7e-06 1.45e-06 1.75e-06 1.5e-06 2.1e-06
38 1.7e-06 1.7e-06 1.35e-06 1.85e-06 1.15e-06 2.4e-06 1.95e-06 2.25e-06 2.15e-06 1.7e-06 1.2e-06 1.35e-06 1.7e-06 1.95e-06 1.5e-06 2.15e-06 1.5e-06 1.05e-06 1.55e-06 1.65e-06 1.7e-06 1.2e-06 2.25e-06 8.5e-07 1.8e-06 1.2e-06 1e-06 1.35e-06 1.7e-06 1.35e-06 1.7e-06 1.5e-06 1.05e-06 9e-07 2.1e-06 1.55e-06 1.45e-06 1.8e-06 1.5e-06 1.95e-06 2.25e-06 1.45e-06 2.55e-06 9.5e-07 1.35e-06 1.15e-06 1.2e-06 1.5e-06 1.1e-06 1e-06 1.2e-06 1e-06 1.45e-06 1.55e-06 1.1e-06 1.85e-06 1.65e-06 1e-06 1.65e-06 1.9e-06 1.05e-06 1.5e-06
39 1.95e-06 1.6e-06 1.35e-06 1.2e-06 1.85e-06 2.65e-06 2.65e-06 2.55e-06 1.5e-06 6e-07 1.8e-06 2e-06 2.35e-06 2.65e-06 2.1e-06 1.75e-06 1.75e-06 2.1e-06 1.15e-06 1.4e-06 1e-06 1.8e-06 2.5e-06 1.75e-06 2.5e-06 1.9e-06 2.05e-06 1.3e-06 2.5e-06 2e-06 1.1e-06 2.1e-06 2.1e-06 2.05e-06 2.3e-06 2.15e-06 1.3e-06 2.4e-06 1.95e-06 1.2e-06 1.85e-06 1.05e-06 1.95e-06 2.1e-06 1.3e-06 2.2e-06 1.8e-06 2.1e-06 2.15e-06 2.15e-06 1.8e-06 2.05e-06 1.95e-06 2.15e-06 2.1e-06 2.1e-06 1.9e-06 2e-06 2.3e-06 2.6e-06 2.1e-06 1.2e-06
40 1.95e-06 2.55e-06 1.95e-06 2.15e-06 2.15e-06 1.75e-06 2.15e-06 2.05e-06 2.1e-06 1.55e-06 2.1e-06 2.3e-06 2.4e-06 2.05e-06 2.1e-06 1.55e-06 1.8e-06 2.3e-06 2.15e-06 2.3e-06 1.95e-06 2.2e-06 1.6e-06 2.15e-06 1.95e-06 2.2e-06 2.3e-06 1.9e-06 1.95e-06 2.4e-06 2.05e-06 2.2e-06 2.35e-06 2.3e-06 2e-06 2.05e-06 2.2e-06 1.85e-06 2.25e-06 1.85e-06 3.1e-06 1.7e-06 2.05e-06 2.45e-06 1.9e-06 2.65e-06 2.1e-06 2e-06 2.4e-06 2.5e-06 2.2e-06 2.3e-06 1.9e-06 2.15e-06 2.4e-06 2.1e-06 1.95e-06 2.35e-06 1.85e-06 2.15e-06 2.3e-06 2.2e-06
41 1.7e-06 1.8e-06 1.15e-06 1.55e-06 1.2e-06 2.3e-06 2.25e-06 2.3e-06 1.75e-06 6.5e-07 1.3e-06 1.7e-06 1.95e-06 2.25e-06 1.7e-06 1.6e-06 1.15e-06 1.65e-06 1.35e-06 1.6e-06 1.15e-06 1.3e-06 2.15e-06 1.3e-06 2.1e-06 1.25e-06 1.6e-06 1.1e-06 2.1e-06 1.7e-06 1.1e-06 1.7e-06 1.65e-06 1.6e-06 1.95e-06 1.75e-06 1.5e-06 2e-06 1.45e-06 1.05e-06 1.7e-06 1.3e-06 2.2e-06 1.65e-06 1.1e-06 1.75e-06 1.3e-06 1.7e-06 1.7e-06 1.7e-06 1.3e-06 1.6e-06 1.55e-06 1.75e-06 1.7e-06 1.85e-06 1.3e-06 1.55e-06 1.9e-06 2.2e-06 1.65e-06 1.4e-06
42 1.9e-06 2.35e-06 2.35e-06 1.8e-06 2.4e-06 1.7e-06 2.35e-06 1.9e-06 1.9e-06 2.2e-06 2.5e-06 2.3e-06 2.5e-06 2.05e-06 2.15e-06 1.95e-06 2e-06 2.45e-06 1.95e-06 2.1e-06 2e-06 2.6e-06 1.7e-06 2.35e-06 2.05e-06 2.45e-06 2.45e-06 2.3e-06 2.1e-06 2.45e-06 1.9e-06 2.35e-06 2.45e-06 2.45e-06 2e-06 2.15e-06 2.05e-06 2.05e-06 2.55e-06 1.95e-06 2.05e-06 2.2e-06 3.3e-06 2.6e-06 2.35e-06 2.85e-06 2.5e-06 2.1e-06 2.55e-06 2.7e-06 2.6e-06 2.45e-06 2.05e-06 2.2e-06 2.5e-06 2e-06 2.1e-06 2.5e-06 2e-06 2.25e-06 2.5e-06 2e-06
43 1.75e-06 1.5e-06 1.45e-06 1.85e-06 1.2e-06 2.55e-06 1.95e-06 2.35e-06 2.2e-06 1.95e-06 1.3e-06 1.3e-06 1.55e-06 2e-06 1.45e-06 2.35e-06 1.65e-06 9.5e-07 1.5e-06 1.6e-06 1.85e-06 1.25e-06 2.4e-06 9e-07 1.8e-06 1.25e-06 9e-07 1.4e-06 1.75e-06 1.2e-06 1.75e-06 1.4e-06 9e-07 8e-07 2.15e-06 1.55e-06 1.45e-06 1.85e-06 9.5e-07 2.1e-06 2.45e-06 1.65e-06 2.6e-06 1.4e-06 1.45e-06 8e-07 1.3e-06 1.5e-06 1e-06 9e-07 1.25e-06 9e-07 1.5e-06 1.5e-06 1e-06 1.85e-06 1.75e-06 1e-06 1.8e-06 1.75e-06 1e-06 1.55e-06
44 1.8e-06 1.8e-06 1e-06 1.65e-06 1.2e-06 2.5e-06 2.3e-06 2.35e-06 1.95e-06 9.5e-07 1.25e-06 1.5e-06 2.05e-06 2e-06 1.55e-06 1.8e-06 1.6e-06 1.1e-06 1.35e-06 1.45e-06 1.4e-06 1.45e-06 2.35e-06 1.15e-06 1.9e-06 1.25e-06 1.05e-06 1e-06 1.95e-06 1.7e-06 1.5e-06 1.85e-06 1.1e-06 1.15e-06 2.2e-06 1.65e-06 1.4e-06 1.9e-06 1.35e-06 1.3e-06 1.9e-06 1.1e-06 2.35e-06 1.45e-06 1.9e-06 1.75e-06 1.15e-06 1.6e-06 1.25e-06 1.5e-06 1.45e-06 1.05e-06 1.55e-06 1.65e-06 1.25e-06 1.95e-06 1.75e-06 1.3e-06 1.95e-06 2.25e-06 1.05e-06 1.5e-06
45 2.05e-06 1.35e-06 1.75e-06 2.1e-06 1.5e-06 2.75e-06 1.9e-06 2.65e-06 2.3e-06 2.05e-06 1.6e-06 1.75e-06 1.3e-06 2.4e-06 1.85e-06 2.55e-06 1.75e-06 1.5e-06 1.7e-06 1.95e-06 1.95e-06 1.1e-06 2.6e-06 1.05e-06 2.25e-06 1.55e-06 1.45e-06 1.75e-06 2.25e-06 9.5e-07 1.9e-06 1.05e-06 1.5e-06 1.45e-06 2.4e-06 1.9e-06 1.85e-06 2.15e-06 1.15e-06 2.2e-06 2.65e-06 1.75e-06 2.85e-06 8e-07 1.75e-06 0.0 1.6e-06 1.85e-06 1.55e-06 1.05e-06 1.1e-06 1.45e-06 1.7e-06 1.9e-06 1.55e-06 2.2e-06 1.9e-06 1.3e-06 1.95e-06 1.55e-06 1.5e-06 1.65e-06
46 1.65e-06 1.95e-06 1.1e-06 1.8e-06 1e-06 2.35e-06 2.15e-06 2.2e-06 2.1e-06 1.45e-06 1e-06 1.35e-06 1.9e-06 1.85e-06 1.4e-06 2e-06 1.45e-06 9.5e-07 1.5e-06 1.6e-06 1.45e-06 1.2e-06 2.2e-06 9.5e-07 1.75e-06 1e-06 9e-07 1.2e-06 1.8e-06 1.55e-06 1.65e-06 1.7e-06 9.5e-07 1e-06 2.05e-06 1.5e-06 1.55e-06 1.7e-06 1.2e-06 1.8e-06 2.1e-06 1.3e-06 2.5e-06 1.3e-06 1.15e-06 1.6e-06 1.6e-06 1.45e-06 1.1e-06 1.35e-06 1.3e-06 9e-07 1.35e-06 1.5e-06 1.1e-06 1.8e-06 1.6e-06 1.15e-06 1.8e-06 2.1e-06 9e-07 1.65e-06
47 1.3e-06 2.05e-06 1.6e-06 1.8e-06 1.35e-06 1.55e-06 1.9e-06 1.85e-06 1.75e-06 2e-06 1.5e-06 1.45e-06 1.65e-06 1.6e-06 1.15e-06 1.9e-06 1.25e-06 1.1e-06 1.6e-06 1.7e-06 1.85e-06 1.7e-06 1.4e-06 1.25e-06 1.4e-06 1.4e-06 1.1e-06 1.55e-06 1.55e-06 1.7e-06 1.75e-06 1.5e-06 1.1e-06 1.15e-06 1.3e-06 1.1e-06 1.7e-06 1.5e-06 1.5e-06 2.1e-06 2e-06 1.7e-06 2.1e-06 1.5e-06 1.6e-06 1.85e-06 1.45e-06 2.1e-06 1.25e-06 1.6e-06 1.7e-06 1.1e-06 1.1e-06 1.15e-06 1.25e-06 1.4e-06 1.35e-06 1.3e-06 1.55e-06 1.8e-06 1.2e-06 1.75e-06
48 1.65e-06 1.85e-06 1.25e-06 1.8e-06 1e-06 2.5e-06 2.15e-06 2.2e-06 2.25e-06 2e-06 9.5e-07 8.5e-07 1.9e-06 1.7e-06 1.25e-06 2.3e-06 1.7e-06 4.5e-07 1.45e-06 1.4e-06 1.9e-06 1.55e-06 2.35e-06 8.5e-07 1.45e-06 1.05e-06 4e-07 1.2e-06 1.6e-06 1.5e-06 1.8e-06 1.8e-06 4e-07 4.5e-07 2.15e-06 1.3e-06 1.4e-06 1.65e-06 1.1e-06 2.15e-06 2.4e-06 1.7e-06 2.55e-06 1e-06 1.25e-06 1.55e-06 1.1e-06 1.25e-06 7e-07 1.1e-06 1.55e-06 4e-07 1.4e-06 1.25e-06 4.5e-07 1.75e-06 1.8e-06 8e-07 1.8e-06 2.05e-06 5.5e-07 1.65e-06
49 1.85e-06 1.7e-06 1.5e-06 1.95e-06 1.25e-06 2.6e-06 1.8e-06 2.4e-06 2.25e-06 2e-06 1.35e-06 1.4e-06 1.75e-06 2.05e-06 1.6e-06 2.4e-06 1.7e-06 1.05e-06 1.6e-06 1.7e-06 1.9e-06 1.15e-06 2.45e-06 9.5e-07 1.9e-06 1.3e-06 1e-06 1.5e-06 1.8e-06 1.35e-06 1.85e-06 1.55e-06 1.05e-06 9e-07 2.3e-06 1.65e-06 1.5e-06 1.9e-06 1e-06 2.15e-06 2.5e-06 1.7e-06 2.7e-06 9e-07 1.5e-06 1.05e-06 1.35e-06 1.6e-06 1.1e-06 1.5e-06 1.1e-06 1e-06 1.55e-06 1.65e-06 1.1e-06 2e-06 1.85e-06 1.1e-06 1.85e-06 1.95e-06 1.05e-06 1.65e-06
50 1.8e-06 1.8e-06 1.45e-06 1.9e-06 1.35e-06 2.45e-06 1.8e-06 2.4e-06 2.1e-06 1.45e-06 1.3e-06 1.65e-06 1.7e-06 2.25e-06 1.7e-06 2.1e-06 1.45e-06 1.5e-06 1.6e-06 1.85e-06 1.55e-06 9e-07 2.3e-06 1.1e-06 2.1e-06 1.4e-06 1.45e-06 1.45e-06 2.1e-06 1.4e-06 1.65e-06 1.45e-06 1.5e-06 1.45e-06 2.1e-06 1.75e-06 1.75e-06 2e-06 1.2e-06 1.8e-06 2.2e-06 1.3e-06 2.6e-06 1.25e-06 1.45e-06 1.1e-06 1.3e-06 1.7e-06 1.55e-06 1.1e-06 1.6e-06 1.45e-06 1.55e-06 1.75e-06 1.55e-06 1.95e-06 1.6e-06 1.35e-06 1.85e-06 1.95e-06 1.5e-06 1.6e-06
51 1.55e-06 1.75e-06 1.05e-06 1.7e-06 8e-07 2.4e-06 2.05e-06 2.1e-06 2.15e-06 1.9e-06 1.05e-06 9.5e-07 1.8e-06 1.5e-06 1.05e-06 2.2e-06 1.6e-06 2e-07 1.3e-06 1.25e-06 1.8e-06 1.45e-06 2.25e-06 7e-07 1.3e-06 8.5e-07 1.5e-07 1.05e-06 1.5e-06 1.4e-06 1.7e-06 1.7e-06 1.5e-07 3e-07 2.05e-06 1.15e-06 1.3e-06 1.5e-06 1e-06 2.05e-06 2.3e-06 1.6e-06 2.45e-06 9e-07 1.05e-06 1.45e-06 9e-07 1.1e-06 4e-07 1e-06 1.45e-06 3e-07 1.25e-06 1.1e-06 4e-07 1.65e-06 1.7e-06 6.5e-07 1.7e-06 1.95e-06 2.5e-07 1.55e-06
52 1.25e-06 2e-06 1.5e-06 1.75e-06 1.25e-06 1.45e-06 1.8e-06 1.8e-06 1.6e-06 1.85e-06 1.45e-06 1.5e-06 1.55e-06 1.6e-06 1.2e-06 1.8e-06 1.1e-06 1.25e-06 1.5e-06 1.7e-06 1.7e-06 1.55e-06 1.3e-06 1.05e-06 1.5e-06 1.3e-06 1.25e-06 1.55e-06 1.55e-06 1.6e-06 1.65e-06 1.35e-06 1.3e-06 1.3e-06 1.25e-06 1.15e-06 1.65e-06 1.35e-06 1.45e-06 1.95e-06 1.9e-06 1.55e-06 2.05e-06 1.5e-06 1.55e-06 1.7e-06 1.35e-06 1.1e-06 1.4e-06 1.55e-06 1.55e-06 1.25e-06 1.8e-06 1.25e-06 1.4e-06 1.4e-06 1.25e-06 1.35e-06 1.45e-06 1.75e-06 1.25e-06 1.65e-06
53 1.25e-06 2.05e-06 1.65e-06 1.8e-06 1.4e-06 1.8e-06 2.05e-06 2e-06 1.9e-06 2.05e-06 1.55e-06 1.45e-06 1.6e-06 1.8e-06 1.05e-06 2.05e-06 1.3e-06 1.15e-06 1.6e-06 1.7e-06 1.9e-06 1.75e-06 1.65e-06 1.3e-06 1.5e-06 1.45e-06 1.1e-06 1.55e-06 1.7e-06 1.75e-06 1.75e-06 1.55e-06 1.05e-06 1.15e-06 1.15e-06 1.2e-06 1.75e-06 1.65e-06 1.55e-06 2.15e-06 2.15e-06 1.75e-06 2.2e-06 1.5e-06 1.65e-06 1.9e-06 1.5e-06 1.15e-06 1.25e-06 1.65e-06 1.75e-06 1.1e-06 1.25e-06 2e-06 1.25e-06 1.3e-06 1.3e-06 1.3e-06 1.7e-06 1.9e-06 1.3e-06 1.75e-06
54 1.55e-06 1.8e-06 1.25e-06 1.65e-06 1e-06 2.5e-06 2.15e-06 2.1e-06 2.2e-06 2e-06 1.05e-06 8.5e-07 1.9e-06 1.7e-06 1.25e-06 2.3e-06 1.7e-06 4.5e-07 1.4e-06 1.35e-06 1.85e-06 1.55e-06 2.35e-06 8.5e-07 1.45e-06 1.05e-06 4e-07 1.2e-06 1.6e-06 1.4e-06 1.75e-06 1.8e-06 4e-07 4.5e-07 2.15e-06 1.3e-06 1.35e-06 1.65e-06 1.1e-06 2.1e-06 2.4e-06 1.7e-06 2.5e-06 1e-06 1.25e-06 1.55e-06 1.1e-06 1.25e-06 4.5e-07 1.1e-06 1.55e-06 4e-07 1.4e-06 1.25e-06 7e-07 1.65e-06 1.8e-06 8e-07 1.8e-06 2.05e-06 5.5e-07 1.6e-06
55 8.5e-07 2.1e-06 1.95e-06 1.4e-06 1.7e-06 1.65e-06 2.1e-06 1.6e-06 1.8e-06 2.15e-06 1.8e-06 1.35e-06 1.55e-06 1.95e-06 1.25e-06 2e-06 1.3e-06 1.7e-06 1.75e-06 1.85e-06 1.85e-06 1.95e-06 1.5e-06 1.65e-06 1.7e-06 1.75e-06 1.65e-06 1.85e-06 1.8e-06 1.6e-06 1.7e-06 1.65e-06 1.6e-06 1.65e-06 9e-07 1.45e-06 1.85e-06 1.75e-06 1.85e-06 2.1e-06 2.1e-06 1.85e-06 2e-06 1.85e-06 1.95e-06 2.2e-06 1.8e-06 1.4e-06 1.75e-06 2e-06 1.95e-06 1.65e-06 1.4e-06 1.3e-06 1.65e-06 1.6e-06 1.3e-06 1.75e-06 1.75e-06 1.95e-06 1.8e-06 1.8e-06
56 1.2e-06 2.1e-06 1.75e-06 1.75e-06 1.35e-06 1.6e-06 2e-06 1.95e-06 1.7e-06 1.75e-06 1.6e-06 1.7e-06 1.55e-06 2e-06 1.25e-06 1.85e-06 8.5e-07 1.75e-06 1.65e-06 1.9e-06 1.65e-06 1.6e-06 1.45e-06 1.45e-06 1.8e-06 1.4e-06 1.7e-06 1.7e-06 1.85e-06 1.75e-06 1.4e-06 1.4e-06 1.7e-06 1.7e-06 1e-06 1.4e-06 1.85e-06 1.75e-06 1.65e-06 1.9e-06 1.95e-06 1.3e-06 2.1e-06 1.75e-06 1.75e-06 1.9e-06 1.6e-06 1.35e-06 1.8e-06 1.85e-06 1.6e-06 1.7e-06 1.25e-06 1.3e-06 1.8e-06 1.3e-06 1.6e-06 1.65e-06 1.65e-06 1.9e-06 1.8e-06 1.7e-06
57 1.65e-06 1.75e-06 1.3e-06 1.75e-06 1.05e-06 2.45e-06 2.05e-06 2.25e-06 2.1e-06 1.85e-06 1.2e-06 1.2e-06 1.75e-06 1.85e-06 1.3e-06 2.25e-06 1.55e-06 7e-07 1.35e-06 1.45e-06 1.75e-06 1.35e-06 2.3e-06 6.5e-07 1.6e-06 1.1e-06 6.5e-07 1.25e-06 1.75e-06 1.4e-06 1.65e-06 1.6e-06 6.5e-07 7e-07 2.05e-06 1.35e-06 1.45e-06 1.7e-06 1e-06 2e-06 2.35e-06 1.55e-06 2.5e-06 1e-06 1.3e-06 1.3e-06 1.15e-06 1.3e-06 8e-07 1.1e-06 1.35e-06 6.5e-07 1.35e-06 1.3e-06 8e-07 1.75e-06 1.65e-06 1.2e-06 1.6e-06 1.95e-06 8e-07 1.35e-06
58 1.6e-06 2.3e-06 1.95e-06 2.05e-06 1.7e-06 1.45e-06 1.7e-06 1.7e-06 2e-06 2.2e-06 1.8e-06 1.8e-06 1.9e-06 1.6e-06 1.65e-06 1.75e-06 1.5e-06 1.7e-06 1.95e-06 2.1e-06 2.05e-06 1.85e-06 1.3e-06 1.4e-06 1.5e-06 1.75e-06 1.7e-06 1.95e-06 1.5e-06 1.85e-06 2e-06 1.7e-06 1.75e-06 1.7e-06 1.7e-06 1.6e-06 2e-06 1.45e-06 1.65e-06 2.3e-06 1.85e-06 1.9e-06 2e-06 1.8e-06 1.95e-06 1.95e-06 1.8e-06 1.55e-06 1.8e-06 1.85e-06 1.85e-06 1.7e-06 1.45e-06 1.7e-06 1.8e-06 1.75e-06 1.65e-06 1.6e-06 2.5e-06 1.65e-06 1.7e-06 1.85e-06
59 1.85e-06 2.2e-06 2.25e-06 2.3e-06 2e-06 1.75e-06 1.8e-06 2e-06 2.3e-06 2.5e-06 2.1e-06 2.05e-06 1.8e-06 1.9e-06 1.85e-06 2.05e-06 1.8e-06 1.95e-06 2.2e-06 2.35e-06 2.35e-06 1.95e-06 1.6e-06 1.8e-06 1.75e-06 2.05e-06 1.95e-06 2.2e-06 1.8e-06 1.8e-06 2.25e-06 1.65e-06 1.95e-06 1.95e-06 1.9e-06 1.85e-06 2.3e-06 1.75e-06 1.9e-06 2.6e-06 2.15e-06 2.2e-06 2.25e-06 1.75e-06 2.25e-06 1.55e-06 2.1e-06 1.8e-06 2.05e-06 1.95e-06 1.95e-06 1.95e-06 1.75e-06 1.9e-06 2.05e-06 1.95e-06 1.9e-06 1.95e-06 1.65e-06 3.1e-06 2e-06 2.2e-06
60 1.65e-06 1.85e-06 1.05e-06 1.8e-06 8e-07 2.35e-06 2.05e-06 2.1e-06 2.15e-06 1.95e-06 1.1e-06 1.05e-06 1.9e-06 1.4e-06 1.15e-06 2.2e-06 1.65e-06 2.5e-07 1.4e-06 1.35e-06 1.85e-06 1.5e-06 2.2e-06 7.5e-07 1.4e-06 8.5e-07 2.5e-07 1.15e-06 1.5e-06 1.45e-06 1.8e-06 1.75e-06 3e-07 4.5e-07 2.2e-06 1.25e-06 1.35e-06 1.5e-06 1.05e-06 2.1e-06 2.3e-06 1.65e-06 2.5e-06 1e-06 1.05e-06 1.5e-06 9e-07 1.2e-06 5.5e-07 1.05e-06 1.5e-06 2.5e-07 1.25e-06 1.3e-06 5.5e-07 1.8e-06 1.8e-06 8e-07 1.7e-06 2e-06 2e-07 1.65e-06
61 1.7e-06 1.45e-06 1.5e-06 1.2e-06 1.55e-06 2.5e-06 2.3e-06 2.35e-06 1.55e-06 1.4e-06 1.65e-06 1.6e-06 1.95e-06 2.35e-06 1.7e-06 2.1e-06 1.6e-06 1.6e-06 1.05e-06 1.3e-06 1.25e-06 1.6e-06 2.35e-06 1.15e-06 2.15e-06 1.6e-06 1.55e-06 1.45e-06 2.2e-06 1.6e-06 1.15e-06 1.75e-06 1.55e-06 1.55e-06 2.05e-06 1.8e-06 1.25e-06 2.1e-06 1.5e-06 1.2e-06 2.2e-06 1.4e-06 2e-06 1.55e-06 1.5e-06 1.65e-06 1.65e-06 1.75e-06 1.65e-06 1.65e-06 1.6e-06 1.55e-06 1.65e-06 1.75e-06 1.6e-06 1.8e-06 1.7e-06 1.35e-06 1.85e-06 2.2e-06 1.65e-06 1.9e-06
