 slim_762073306 slim_762073305 slim_762073304 slim_762073314 slim_762073300 slim_762073289 slim_762073313 slim_762073290 slim_762073277 slim_762073280 slim_762073278 slim_762073284 slim_762073274 slim_762073282 slim_762073307 slim_762073294 slim_762073321 slim_762073276 slim_762073317 slim_762073288 slim_762073298 slim_762073299 slim_762073312 slim_762073316 slim_762073292 slim_762073293 slim_762073302 slim_762073310 slim_762073272 slim_762073315 slim_762073275 slim_762073318 slim_762073291 slim_762073308 slim_762073279 slim_762073285 slim_762073287 slim_762073319 slim_762073297 slim_762073296 slim_762073286 slim_762073273 slim_762073281 slim_762073303 slim_762073283 slim_762073320 slim_762073301 slim_762073311 slim_762073295 slim_762073309
0 3.4e-06 2.45e-06 3.45e-06 2.35e-06 3.3e-06 2.65e-06 3.3e-06 2.55e-06 2.2e-06 2.55e-06 3.15e-06 2.45e-06 2.65e-06 4.15e-06 2.7e-06 2.7e-06 2.85e-06 2.4e-06 2.2e-06 2.55e-06 1.95e-06 2.6e-06 2.2e-06 2.65e-06 2.6e-06 2.75e-06 2.45e-06 3.25e-06 2.6e-06 2.8e-06 2.75e-06 2.45e-06 2.8e-06 2.6e-06 3.35e-06 2.35e-06 2.4e-06 2.2e-06 3.45e-06 2.35e-06 2.75e-06 2.65e-06 3.1e-06 2.45e-06 3.25e-06 3.6e-06 2.5e-06 2.2e-06 2.35e-06 2.65e-06
1 2.45e-06 2.4e-06 2.65e-06 1.75e-06 2.4e-06 1.7e-06 2.4e-06 1.95e-06 2.45e-06 2.05e-06 2.95e-06 2.5e-06 2.15e-06 3.8e-06 2.1e-06 2.3e-06 2.55e-06 2.1e-06 1.95e-06 1.65e-06 2.45e-06 2.1e-06 2.45e-06 1.75e-06 1.8e-06 2.1e-06 1.85e-06 2.95e-06 2.55e-06 2.4e-06 2.45e-06 2.3e-06 2.65e-06 1.7e-06 2.45e-06 2.75e-06 2.55e-06 2.45e-06 3.6e-06 1.7e-06 1.85e-06 1.75e-06 2.5e-06 2.55e-06 2.95e-06 3.45e-06 1.75e-06 2.25e-06 3e-06 2.5e-06
2 3.45e-06 2.65e-06 4.5e-06 2.7e-06 2.4e-06 2.75e-06 2.4e-06 2.95e-06 3.05e-06 2.7e-06 2.7e-06 2.95e-06 2.75e-06 2.35e-06 3.15e-06 3e-06 3.5e-06 2.65e-06 2.95e-06 2.4e-06 3.1e-06 3.05e-06 3.1e-06 2.8e-06 2.5e-06 2.8e-06 2.6e-06 2.75e-06 3.15e-06 3.25e-06 2.85e-06 3.1e-06 2.95e-06 2.75e-06 2.45e-06 3.1e-06 3.25e-06 3.05e-06 2.85e-06 2.65e-06 2.95e-06 2.5e-06 3.35e-06 3.35e-06 2.25e-06 3e-06 2.7e-06 3.1e-06 3.35e-06 2.8e-06
3 2.35e-06 1.75e-06 2.7e-06 1.4e-06 2.45e-06 1.85e-06 2.45e-06 1.95e-06 1.45e-06 1.6e-06 2.4e-06 1.3e-06 2e-06 4.15e-06 2.7e-06 1.65e-06 2.5e-06 1.35e-06 1.3e-06 1.2e-06 1.55e-06 2.3e-06 1.15e-06 1.95e-06 1.3e-06 1.55e-06 1.25e-06 2.8e-06 1.95e-06 1.9e-06 2.1e-06 1.45e-06 1.8e-06 1.9e-06 2.5e-06 1.65e-06 2.2e-06 1.45e-06 3.25e-06 8e-07 1.4e-06 1.25e-06 2.9e-06 2.6e-06 2.8e-06 3.3e-06 1.8e-06 1e-06 1.85e-06 1.7e-06
4 3.3e-06 2.4e-06 2.4e-06 2.45e-06 3.8e-06 2.45e-06 1.9e-06 2.8e-06 2.8e-06 2.5e-06 2.4e-06 2.8e-06 2.55e-06 2.3e-06 3e-06 2.65e-06 3.35e-06 2.4e-06 2.75e-06 2.05e-06 2.85e-06 2.9e-06 2.85e-06 2.65e-06 2.3e-06 2.8e-06 2.25e-06 2.35e-06 2.95e-06 3.05e-06 2.65e-06 2.9e-06 3.05e-06 2.6e-06 1.95e-06 2.85e-06 3.05e-06 2.8e-06 2.95e-06 2.4e-06 2.65e-06 2.15e-06 3.2e-06 3.2e-06 2.35e-06 3.15e-06 2.4e-06 2.85e-06 3.1e-06 2.9e-06
5 2.65e-06 1.7e-06 2.75e-06 1.85e-06 2.45e-06 2.8e-06 2.45e-06 1.65e-06 2.45e-06 1.95e-06 2.9e-06 2.5e-06 1.9e-06 3.75e-06 1.5e-06 2.4e-06 2.15e-06 2.1e-06 2.05e-06 1.75e-06 2.45e-06 1.65e-06 2.45e-06 1.55e-06 1.9e-06 2.25e-06 1.85e-06 2.9e-06 2.45e-06 2.1e-06 2.45e-06 2.4e-06 2.7e-06 1.5e-06 2.5e-06 2.75e-06 2.2e-06 2.45e-06 3.6e-06 1.8e-06 1.95e-06 1.85e-06 1.9e-06 2.1e-06 2.95e-06 3.35e-06 1.4e-06 2.25e-06 3e-06 2.55e-06
6 3.3e-06 2.4e-06 2.4e-06 2.45e-06 1.9e-06 2.45e-06 3.8e-06 2.8e-06 2.8e-06 2.5e-06 2.4e-06 2.8e-06 2.55e-06 2.3e-06 3e-06 2.65e-06 3.35e-06 2.4e-06 2.75e-06 2.05e-06 2.85e-06 2.9e-06 2.85e-06 2.65e-06 2.3e-06 2.8e-06 2.25e-06 2.35e-06 2.95e-06 3.05e-06 2.65e-06 2.9e-06 3.05e-06 2.6e-06 1.95e-06 2.85e-06 3.05e-06 2.8e-06 2.95e-06 2.4e-06 2.65e-06 2.15e-06 3.2e-06 3.2e-06 2.35e-06 3.15e-06 2.4e-06 2.85e-06 3.1e-06 2.9e-06
7 2.55e-06 1.95e-06 2.95e-06 1.95e-06 2.8e-06 1.65e-06 2.8e-06 2.3e-06 2.55e-06 1.9e-06 2.95e-06 2.5e-06 1.85e-06 3.7e-06 1.15e-06 2.7e-06 1.9e-06 2.3e-06 1.8e-06 2.15e-06 2.65e-06 1.4e-06 2.55e-06 1.55e-06 2.15e-06 2.55e-06 2.25e-06 3.05e-06 2.45e-06 2.15e-06 2.2e-06 2.1e-06 2.75e-06 1.5e-06 2.85e-06 2.7e-06 2.05e-06 2.55e-06 3.5e-06 2e-06 2.25e-06 2.25e-06 1.75e-06 1.85e-06 2.85e-06 3.2e-06 1.55e-06 2.4e-06 2.95e-06 2.6e-06
8 2.2e-06 2.45e-06 3.05e-06 1.45e-06 2.8e-06 2.45e-06 2.8e-06 2.55e-06 1.6e-06 2.1e-06 2.5e-06 1.35e-06 2.3e-06 3.95e-06 3.1e-06 1.85e-06 2.7e-06 1.25e-06 2.05e-06 1.8e-06 1.45e-06 2.7e-06 1e-06 2.6e-06 1.95e-06 2e-06 1.35e-06 2.4e-06 2.1e-06 2.25e-06 2.2e-06 1.65e-06 2e-06 2.55e-06 2.85e-06 1.15e-06 1.95e-06 8.5e-07 2.9e-06 1.45e-06 1.9e-06 1.9e-06 3.2e-06 2.55e-06 2.9e-06 3.2e-06 2.3e-06 1.45e-06 1.25e-06 1.85e-06
9 2.55e-06 2.05e-06 2.7e-06 1.6e-06 2.5e-06 1.95e-06 2.5e-06 1.9e-06 2.1e-06 2.1e-06 2.65e-06 1.85e-06 1.55e-06 3.55e-06 2.35e-06 2.05e-06 2.45e-06 1.6e-06 1.9e-06 1.35e-06 2.1e-06 1.7e-06 1.9e-06 2.05e-06 1.35e-06 2.25e-06 1.9e-06 2.85e-06 1.95e-06 2.2e-06 1.6e-06 1.95e-06 1.95e-06 2e-06 2.55e-06 1.9e-06 2.15e-06 2.1e-06 3e-06 1.6e-06 1.95e-06 1.35e-06 2.45e-06 1.95e-06 2.4e-06 3.1e-06 1.8e-06 1.8e-06 2.15e-06 1.9e-06
10 3.15e-06 2.95e-06 2.7e-06 2.4e-06 2.4e-06 2.9e-06 2.4e-06 2.95e-06 2.5e-06 2.65e-06 4.2e-06 2.3e-06 2.75e-06 2.35e-06 3.2e-06 2.85e-06 3.25e-06 2.45e-06 2.9e-06 2.6e-06 2.85e-06 3e-06 2.45e-06 3.05e-06 2.7e-06 2.9e-06 2.45e-06 2.35e-06 2.9e-06 2.95e-06 2.85e-06 2.85e-06 2.85e-06 3e-06 2.45e-06 2.55e-06 2.9e-06 2.5e-06 2.7e-06 2.35e-06 2.95e-06 2.65e-06 3.4e-06 3.15e-06 2.35e-06 2.9e-06 2.75e-06 2.6e-06 2.7e-06 2.75e-06
11 2.45e-06 2.5e-06 2.95e-06 1.3e-06 2.8e-06 2.5e-06 2.8e-06 2.5e-06 1.35e-06 1.85e-06 2.3e-06 1.7e-06 2.25e-06 3.9e-06 3.25e-06 1.75e-06 2.8e-06 1.5e-06 1.9e-06 1.65e-06 1.65e-06 2.7e-06 1.1e-06 2.6e-06 1.7e-06 1.9e-06 1.7e-06 2.8e-06 1.9e-06 2.35e-06 2.05e-06 1.65e-06 1.75e-06 2.55e-06 2.85e-06 1e-06 2.15e-06 1.35e-06 2.75e-06 1.3e-06 1.9e-06 1.7e-06 3.45e-06 2.75e-06 2.6e-06 3.15e-06 2.35e-06 1.45e-06 1.3e-06 1.65e-06
12 2.65e-06 2.15e-06 2.75e-06 2e-06 2.55e-06 1.9e-06 2.55e-06 1.85e-06 2.3e-06 1.55e-06 2.75e-06 2.25e-06 2.8e-06 3.3e-06 1.9e-06 2.4e-06 2.4e-06 1.8e-06 2.25e-06 1.7e-06 2.45e-06 1.7e-06 2.3e-06 2e-06 1.8e-06 2.6e-06 2.1e-06 2.75e-06 2.3e-06 2.2e-06 1.8e-06 2.3e-06 2.4e-06 1.95e-06 2.6e-06 2.25e-06 2.1e-06 2.3e-06 3.05e-06 2e-06 2.35e-06 1.8e-06 2e-06 1.95e-06 2.45e-06 3.15e-06 1.75e-06 2.3e-06 2.5e-06 2.25e-06
13 4.15e-06 3.8e-06 2.35e-06 4.15e-06 2.3e-06 3.75e-06 2.3e-06 3.7e-06 3.95e-06 3.55e-06 2.35e-06 3.9e-06 3.3e-06 9e-07 3.45e-06 4.15e-06 4.1e-06 3.6e-06 4.35e-06 3.75e-06 4.4e-06 3.55e-06 4.25e-06 3.85e-06 3.85e-06 4.25e-06 3.8e-06 2.15e-06 4.05e-06 4.15e-06 3.35e-06 4.2e-06 3.95e-06 3.8e-06 2.35e-06 3.8e-06 3.75e-06 3.95e-06 2.2e-06 4.1e-06 4.5e-06 3.85e-06 3.65e-06 3.7e-06 1.7e-06 2.55e-06 3.6e-06 4.55e-06 4e-06 3.8e-06
14 2.7e-06 2.1e-06 3.15e-06 2.7e-06 3e-06 1.5e-06 3e-06 1.15e-06 3.1e-06 2.35e-06 3.2e-06 3.25e-06 1.9e-06 3.45e-06 0.0 3.35e-06 1.45e-06 2.85e-06 2.65e-06 2.85e-06 3.35e-06 1e-06 3.3e-06 1.3e-06 2.85e-06 3.2e-06 2.8e-06 3e-06 2.95e-06 2.15e-06 2.85e-06 3e-06 3.45e-06 1.25e-06 3.05e-06 3.45e-06 1.95e-06 3.1e-06 3.7e-06 2.65e-06 2.75e-06 2.95e-06 1e-06 1.45e-06 3.1e-06 3.2e-06 1.45e-06 3.1e-06 3.65e-06 3.3e-06
15 2.7e-06 2.3e-06 3e-06 1.65e-06 2.65e-06 2.4e-06 2.65e-06 2.7e-06 1.85e-06 2.05e-06 2.85e-06 1.75e-06 2.4e-06 4.15e-06 3.35e-06 2.9e-06 3.1e-06 1.75e-06 2e-06 1.5e-06 1.8e-06 2.85e-06 1.7e-06 2.55e-06 1.7e-06 2.1e-06 1.8e-06 3e-06 2.2e-06 2.7e-06 2.2e-06 2e-06 2.25e-06 2.5e-06 2.65e-06 1.7e-06 2.5e-06 1.85e-06 2.95e-06 1.55e-06 1.85e-06 1.6e-06 3.55e-06 2.95e-06 2.95e-06 3.6e-06 2.35e-06 1.85e-06 1.55e-06 2.1e-06
16 2.85e-06 2.55e-06 3.5e-06 2.5e-06 3.35e-06 2.15e-06 3.35e-06 1.9e-06 2.7e-06 2.45e-06 3.25e-06 2.8e-06 2.4e-06 4.1e-06 1.45e-06 3.1e-06 2.9e-06 2.75e-06 2.65e-06 2.9e-06 3e-06 1.7e-06 2.75e-06 2.05e-06 2.9e-06 2.85e-06 2.65e-06 3.2e-06 2.3e-06 2.4e-06 3.1e-06 2.8e-06 3.1e-06 2e-06 3.4e-06 3e-06 2.3e-06 2.7e-06 3.75e-06 2.4e-06 2.5e-06 3e-06 2.05e-06 2e-06 3.45e-06 2.85e-06 2.05e-06 2.75e-06 3.1e-06 2.95e-06
17 2.4e-06 2.1e-06 2.65e-06 1.35e-06 2.4e-06 2.1e-06 2.4e-06 2.3e-06 1.25e-06 1.6e-06 2.45e-06 1.5e-06 1.8e-06 3.6e-06 2.85e-06 1.75e-06 2.75e-06 1.9e-06 1.95e-06 1.2e-06 1.65e-06 2.45e-06 1.35e-06 2.3e-06 1.4e-06 1.95e-06 1.2e-06 2.35e-06 2.05e-06 2.1e-06 1.65e-06 1.85e-06 1.8e-06 2.25e-06 2.45e-06 1.5e-06 2.15e-06 1.25e-06 2.85e-06 1.35e-06 1.9e-06 1.3e-06 2.85e-06 2.55e-06 2.5e-06 3.2e-06 1.95e-06 1.4e-06 1.7e-06 1.65e-06
18 2.2e-06 1.95e-06 2.95e-06 1.3e-06 2.75e-06 2.05e-06 2.75e-06 1.8e-06 2.05e-06 1.9e-06 2.9e-06 1.9e-06 2.25e-06 4.35e-06 2.65e-06 2e-06 2.65e-06 1.95e-06 1.9e-06 1.6e-06 1.55e-06 2.35e-06 1.85e-06 2e-06 1.65e-06 1.9e-06 1.8e-06 3.3e-06 2.1e-06 2.45e-06 2.2e-06 1.55e-06 2.25e-06 1.95e-06 2.8e-06 2.1e-06 2.45e-06 2.05e-06 3.5e-06 1.45e-06 1.75e-06 1.7e-06 3.05e-06 2.65e-06 3e-06 3.55e-06 2e-06 1.5e-06 2.25e-06 2.1e-06
19 2.55e-06 1.65e-06 2.4e-06 1.2e-06 2.05e-06 1.75e-06 2.05e-06 2.15e-06 1.8e-06 1.35e-06 2.6e-06 1.65e-06 1.7e-06 3.75e-06 2.85e-06 1.5e-06 2.9e-06 1.2e-06 1.6e-06 1.3e-06 1.6e-06 2.4e-06 1.6e-06 1.95e-06 9e-07 1.7e-06 1.3e-06 2.8e-06 1.95e-06 2.25e-06 1.55e-06 1.75e-06 1.8e-06 1.9e-06 2.1e-06 1.7e-06 2.35e-06 1.8e-06 3.1e-06 1.2e-06 1.55e-06 7.5e-07 2.95e-06 2.65e-06 2.45e-06 3.45e-06 1.7e-06 1.5e-06 2e-06 1.65e-06
20 1.95e-06 2.45e-06 3.1e-06 1.55e-06 2.85e-06 2.45e-06 2.85e-06 2.65e-06 1.45e-06 2.1e-06 2.85e-06 1.65e-06 2.45e-06 4.4e-06 3.35e-06 1.8e-06 3e-06 1.65e-06 1.55e-06 1.6e-06 1.7e-06 2.9e-06 1.3e-06 2.55e-06 1.75e-06 1.95e-06 1.6e-06 3.1e-06 2e-06 2.55e-06 2.4e-06 1.8e-06 2.1e-06 2.5e-06 2.9e-06 1.5e-06 2.3e-06 1.45e-06 3.25e-06 1.6e-06 1.95e-06 1.7e-06 3.55e-06 2.75e-06 3.1e-06 3.6e-06 2.3e-06 1.3e-06 1.55e-06 1.95e-06
21 2.6e-06 2.1e-06 3.05e-06 2.3e-06 2.9e-06 1.65e-06 2.9e-06 1.4e-06 2.7e-06 1.7e-06 3e-06 2.7e-06 1.7e-06 3.55e-06 1e-06 2.85e-06 1.7e-06 2.45e-06 2.35e-06 2.4e-06 2.9e-06 1.6e-06 2.75e-06 1.65e-06 2.4e-06 2.8e-06 2.45e-06 2.95e-06 2.4e-06 2.1e-06 2.4e-06 2.55e-06 2.9e-06 1.6e-06 2.95e-06 2.85e-06 1.85e-06 2.7e-06 3.4e-06 2.25e-06 2.35e-06 2.5e-06 1.4e-06 1.25e-06 2.9e-06 3e-06 1.5e-06 2.7e-06 3e-06 2.75e-06
22 2.2e-06 2.45e-06 3.1e-06 1.15e-06 2.85e-06 2.45e-06 2.85e-06 2.55e-06 1e-06 1.9e-06 2.45e-06 1.1e-06 2.3e-06 4.25e-06 3.3e-06 1.7e-06 2.75e-06 1.35e-06 1.85e-06 1.6e-06 1.3e-06 2.75e-06 1.4e-06 2.6e-06 1.7e-06 1.85e-06 1.45e-06 2.75e-06 1.95e-06 2.15e-06 2.2e-06 1.5e-06 1.8e-06 2.55e-06 2.9e-06 1.05e-06 2e-06 1e-06 3e-06 1.15e-06 1.75e-06 1.65e-06 3.4e-06 2.6e-06 2.95e-06 3.3e-06 2.3e-06 1.1e-06 1.15e-06 1.7e-06
23 2.65e-06 1.75e-06 2.8e-06 1.95e-06 2.65e-06 1.55e-06 2.65e-06 1.55e-06 2.6e-06 2.05e-06 3.05e-06 2.6e-06 2e-06 3.85e-06 1.3e-06 2.55e-06 2.05e-06 2.3e-06 2e-06 1.95e-06 2.55e-06 1.65e-06 2.6e-06 2.6e-06 1.9e-06 2.35e-06 2.1e-06 3.1e-06 2.5e-06 2.15e-06 2.55e-06 2.4e-06 2.8e-06 1.3e-06 2.7e-06 2.85e-06 2.25e-06 2.6e-06 3.65e-06 1.9e-06 2e-06 2.05e-06 1.8e-06 2.1e-06 3e-06 3.35e-06 1.55e-06 2.4e-06 3.1e-06 2.65e-06
24 2.6e-06 1.8e-06 2.5e-06 1.3e-06 2.3e-06 1.9e-06 2.3e-06 2.15e-06 1.95e-06 1.35e-06 2.7e-06 1.7e-06 1.8e-06 3.85e-06 2.85e-06 1.7e-06 2.9e-06 1.4e-06 1.65e-06 9e-07 1.75e-06 2.4e-06 1.7e-06 1.9e-06 1.7e-06 1.85e-06 1.55e-06 3e-06 2e-06 2.25e-06 1.65e-06 1.8e-06 1.8e-06 1.85e-06 2.35e-06 1.8e-06 2.4e-06 1.95e-06 3.15e-06 1.3e-06 1.7e-06 9e-07 2.85e-06 2.65e-06 2.5e-06 3.45e-06 1.85e-06 1.55e-06 2.1e-06 1.75e-06
25 2.75e-06 2.1e-06 2.8e-06 1.55e-06 2.8e-06 2.25e-06 2.8e-06 2.55e-06 2e-06 2.25e-06 2.9e-06 1.9e-06 2.6e-06 4.25e-06 3.2e-06 2.1e-06 2.85e-06 1.95e-06 1.9e-06 1.7e-06 1.95e-06 2.8e-06 1.85e-06 2.35e-06 1.85e-06 2.6e-06 1.65e-06 3.25e-06 2.3e-06 2.55e-06 2.8e-06 2.15e-06 1.8e-06 2.3e-06 2.85e-06 2.25e-06 2.75e-06 2e-06 3.45e-06 1.5e-06 1.75e-06 1.8e-06 3.4e-06 3.1e-06 3.05e-06 3.3e-06 2.2e-06 1.75e-06 2.45e-06 1.7e-06
26 2.45e-06 1.85e-06 2.6e-06 1.25e-06 2.25e-06 1.85e-06 2.25e-06 2.25e-06 1.35e-06 1.9e-06 2.45e-06 1.7e-06 2.1e-06 3.8e-06 2.8e-06 1.8e-06 2.65e-06 1.2e-06 1.8e-06 1.3e-06 1.6e-06 2.45e-06 1.45e-06 2.1e-06 1.55e-06 1.65e-06 1.6e-06 2.35e-06 2.15e-06 2e-06 2.25e-06 2e-06 2.05e-06 2.05e-06 2.3e-06 1.95e-06 2.35e-06 1.35e-06 3.25e-06 1.2e-06 1.6e-06 1.4e-06 2.8e-06 2.75e-06 2.85e-06 3.25e-06 1.7e-06 1.3e-06 2.15e-06 1.9e-06
27 3.25e-06 2.95e-06 2.75e-06 2.8e-06 2.35e-06 2.9e-06 2.35e-06 3.05e-06 2.4e-06 2.85e-06 2.35e-06 2.8e-06 2.75e-06 2.15e-06 3e-06 3e-06 3.2e-06 2.35e-06 3.3e-06 2.8e-06 3.1e-06 2.95e-06 2.75e-06 3.1e-06 3e-06 3.25e-06 2.35e-06 3.6e-06 3.15e-06 3e-06 2.8e-06 3.15e-06 3.25e-06 3.05e-06 2.4e-06 2.75e-06 2.9e-06 2.4e-06 2.7e-06 2.7e-06 3.1e-06 2.9e-06 3.1e-06 3.1e-06 2.5e-06 2.9e-06 2.75e-06 2.95e-06 2.85e-06 3.1e-06
28 2.6e-06 2.55e-06 3.15e-06 1.95e-06 2.95e-06 2.45e-06 2.95e-06 2.45e-06 2.1e-06 1.95e-06 2.9e-06 1.9e-06 2.3e-06 4.05e-06 2.95e-06 2.2e-06 2.3e-06 2.05e-06 2.1e-06 1.95e-06 2e-06 2.4e-06 1.95e-06 2.5e-06 2e-06 2.3e-06 2.15e-06 3.15e-06 3.1e-06 2.65e-06 2.25e-06 2.15e-06 2.3e-06 2.45e-06 3e-06 1.9e-06 2.4e-06 2.1e-06 3.2e-06 1.9e-06 2.15e-06 2.05e-06 3.15e-06 2.5e-06 2.9e-06 2.9e-06 2.3e-06 2.15e-06 2.05e-06 2.15e-06
29 2.8e-06 2.4e-06 3.25e-06 1.9e-06 3.05e-06 2.1e-06 3.05e-06 2.15e-06 2.25e-06 2.2e-06 2.95e-06 2.35e-06 2.2e-06 4.15e-06 2.15e-06 2.7e-06 2.4e-06 2.1e-06 2.45e-06 2.25e-06 2.55e-06 2.1e-06 2.15e-06 2.15e-06 2.25e-06 2.55e-06 2e-06 3e-06 2.65e-06 3.3e-06 2.75e-06 2.6e-06 2.7e-06 2.1e-06 3.1e-06 2.7e-06 2.4e-06 2.25e-06 3.7e-06 1.85e-06 2.35e-06 2.3e-06 1.7e-06 2.4e-06 3.3e-06 3.45e-06 1.95e-06 1.95e-06 2.85e-06 2.6e-06
30 2.75e-06 2.45e-06 2.85e-06 2.1e-06 2.65e-06 2.45e-06 2.65e-06 2.2e-06 2.2e-06 1.6e-06 2.85e-06 2.05e-06 1.8e-06 3.35e-06 2.85e-06 2.2e-06 3.1e-06 1.65e-06 2.2e-06 1.55e-06 2.4e-06 2.4e-06 2.2e-06 2.55e-06 1.65e-06 2.8e-06 2.25e-06 2.8e-06 2.25e-06 2.75e-06 1.9e-06 2e-06 2.3e-06 2.5e-06 2.7e-06 1.8e-06 2.35e-06 2.2e-06 2.8e-06 2.15e-06 2.6e-06 1.65e-06 2.95e-06 2.45e-06 2.3e-06 3.4e-06 2.3e-06 2.45e-06 2.05e-06 2.15e-06
31 2.45e-06 2.3e-06 3.1e-06 1.45e-06 2.9e-06 2.4e-06 2.9e-06 2.1e-06 1.65e-06 1.95e-06 2.85e-06 1.65e-06 2.3e-06 4.2e-06 3e-06 2e-06 2.8e-06 1.85e-06 1.55e-06 1.75e-06 1.8e-06 2.55e-06 1.5e-06 2.4e-06 1.8e-06 2.15e-06 2e-06 3.15e-06 2.15e-06 2.6e-06 2e-06 2.4e-06 2.2e-06 2.35e-06 2.95e-06 1.4e-06 2.15e-06 1.6e-06 3.2e-06 1.6e-06 1.9e-06 1.85e-06 3.3e-06 2.55e-06 2.9e-06 3.45e-06 2.35e-06 1.9e-06 1.65e-06 2.05e-06
32 2.8e-06 2.65e-06 2.95e-06 1.8e-06 3.05e-06 2.7e-06 3.05e-06 2.75e-06 2e-06 1.95e-06 2.85e-06 1.75e-06 2.4e-06 3.95e-06 3.45e-06 2.25e-06 3.1e-06 1.8e-06 2.25e-06 1.8e-06 2.1e-06 2.9e-06 1.8e-06 2.8e-06 1.8e-06 1.8e-06 2.05e-06 3.25e-06 2.3e-06 2.7e-06 2.3e-06 2.2e-06 3.1e-06 2.75e-06 3.1e-06 1.9e-06 2.65e-06 2e-06 3.05e-06 1.8e-06 2.35e-06 1.8e-06 3.55e-06 3e-06 2.7e-06 3.25e-06 2.55e-06 1.8e-06 2.1e-06 1.55e-06
33 2.6e-06 1.7e-06 2.75e-06 1.9e-06 2.6e-06 1.5e-06 2.6e-06 1.5e-06 2.55e-06 2e-06 3e-06 2.55e-06 1.95e-06 3.8e-06 1.25e-06 2.5e-06 2e-06 2.25e-06 1.95e-06 1.9e-06 2.5e-06 1.6e-06 2.55e-06 1.3e-06 1.85e-06 2.3e-06 2.05e-06 3.05e-06 2.45e-06 2.1e-06 2.5e-06 2.35e-06 2.75e-06 2.5e-06 2.65e-06 2.8e-06 2.2e-06 2.55e-06 3.6e-06 1.85e-06 1.95e-06 2e-06 1.75e-06 2.05e-06 2.95e-06 3.3e-06 1.5e-06 2.35e-06 3.05e-06 2.6e-06
34 3.35e-06 2.45e-06 2.45e-06 2.5e-06 1.95e-06 2.5e-06 1.95e-06 2.85e-06 2.85e-06 2.55e-06 2.45e-06 2.85e-06 2.6e-06 2.35e-06 3.05e-06 2.65e-06 3.4e-06 2.45e-06 2.8e-06 2.1e-06 2.9e-06 2.95e-06 2.9e-06 2.7e-06 2.35e-06 2.85e-06 2.3e-06 2.4e-06 3e-06 3.1e-06 2.7e-06 2.95e-06 3.1e-06 2.65e-06 3.9e-06 2.9e-06 3.1e-06 2.85e-06 3e-06 2.45e-06 2.7e-06 2.2e-06 3.25e-06 3.25e-06 2.4e-06 3.2e-06 2.45e-06 2.9e-06 3.15e-06 2.95e-06
35 2.35e-06 2.75e-06 3.1e-06 1.65e-06 2.85e-06 2.75e-06 2.85e-06 2.7e-06 1.15e-06 1.9e-06 2.55e-06 1e-06 2.25e-06 3.8e-06 3.45e-06 1.7e-06 3e-06 1.5e-06 2.1e-06 1.7e-06 1.5e-06 2.85e-06 1.05e-06 2.85e-06 1.8e-06 2.25e-06 1.95e-06 2.75e-06 1.9e-06 2.7e-06 1.8e-06 1.4e-06 1.9e-06 2.8e-06 2.9e-06 9e-07 1.9e-06 1.1e-06 2.55e-06 1.7e-06 2.1e-06 1.8e-06 3.65e-06 2.6e-06 2.55e-06 3.25e-06 2.6e-06 1.85e-06 8e-07 1.75e-06
36 2.4e-06 2.55e-06 3.25e-06 2.2e-06 3.05e-06 2.2e-06 3.05e-06 2.05e-06 1.95e-06 2.15e-06 2.9e-06 2.15e-06 2.1e-06 3.75e-06 1.95e-06 2.5e-06 2.3e-06 2.15e-06 2.45e-06 2.35e-06 2.3e-06 1.85e-06 2e-06 2.25e-06 2.4e-06 2.75e-06 2.35e-06 2.9e-06 2.4e-06 2.4e-06 2.35e-06 2.15e-06 2.65e-06 2.2e-06 3.1e-06 1.9e-06 3.3e-06 1.95e-06 3.1e-06 2.2e-06 2.5e-06 2.45e-06 2.35e-06 1.8e-06 2.95e-06 3.25e-06 2.05e-06 2.45e-06 2e-06 2.5e-06
37 2.2e-06 2.45e-06 3.05e-06 1.45e-06 2.8e-06 2.45e-06 2.8e-06 2.55e-06 8.5e-07 2.1e-06 2.5e-06 1.35e-06 2.3e-06 3.95e-06 3.1e-06 1.85e-06 2.7e-06 1.25e-06 2.05e-06 1.8e-06 1.45e-06 2.7e-06 1e-06 2.6e-06 1.95e-06 2e-06 1.35e-06 2.4e-06 2.1e-06 2.25e-06 2.2e-06 1.6e-06 2e-06 2.55e-06 2.85e-06 1.1e-06 1.95e-06 1.6e-06 2.9e-06 1.45e-06 1.9e-06 1.9e-06 3.2e-06 2.55e-06 2.9e-06 3.2e-06 2.3e-06 1.45e-06 1.25e-06 1.85e-06
38 3.45e-06 3.6e-06 2.85e-06 3.25e-06 2.95e-06 3.6e-06 2.95e-06 3.5e-06 2.9e-06 3e-06 2.7e-06 2.75e-06 3.05e-06 2.2e-06 3.7e-06 2.95e-06 3.75e-06 2.85e-06 3.5e-06 3.1e-06 3.25e-06 3.4e-06 3e-06 3.65e-06 3.15e-06 3.45e-06 3.25e-06 2.7e-06 3.2e-06 3.7e-06 2.8e-06 3.2e-06 3.05e-06 3.6e-06 3e-06 2.55e-06 3.1e-06 2.9e-06 4.2e-06 3.15e-06 3.6e-06 3.2e-06 3.9e-06 3.35e-06 2.2e-06 2.9e-06 3.45e-06 3.45e-06 2.4e-06 2.9e-06
39 2.35e-06 1.7e-06 2.65e-06 8e-07 2.4e-06 1.8e-06 2.4e-06 2e-06 1.45e-06 1.6e-06 2.35e-06 1.3e-06 2e-06 4.1e-06 2.65e-06 1.55e-06 2.4e-06 1.35e-06 1.45e-06 1.2e-06 1.6e-06 2.25e-06 1.15e-06 1.9e-06 1.3e-06 1.5e-06 1.2e-06 2.7e-06 1.9e-06 1.85e-06 2.15e-06 1.6e-06 1.8e-06 1.85e-06 2.45e-06 1.7e-06 2.2e-06 1.45e-06 3.15e-06 1.3e-06 1.3e-06 1.25e-06 2.85e-06 2.55e-06 2.8e-06 3.2e-06 1.75e-06 1e-06 1.8e-06 1.7e-06
40 2.75e-06 1.85e-06 2.95e-06 1.4e-06 2.65e-06 1.95e-06 2.65e-06 2.25e-06 1.9e-06 1.95e-06 2.95e-06 1.9e-06 2.35e-06 4.5e-06 2.75e-06 1.85e-06 2.5e-06 1.9e-06 1.75e-06 1.55e-06 1.95e-06 2.35e-06 1.75e-06 2e-06 1.7e-06 1.75e-06 1.6e-06 3.1e-06 2.15e-06 2.35e-06 2.6e-06 1.9e-06 2.35e-06 1.95e-06 2.7e-06 2.1e-06 2.5e-06 1.9e-06 3.6e-06 1.3e-06 2.1e-06 1.65e-06 3.05e-06 2.65e-06 3.3e-06 3.45e-06 2e-06 1.75e-06 2.25e-06 2.2e-06
41 2.65e-06 1.75e-06 2.5e-06 1.25e-06 2.15e-06 1.85e-06 2.15e-06 2.25e-06 1.9e-06 1.35e-06 2.65e-06 1.7e-06 1.8e-06 3.85e-06 2.95e-06 1.6e-06 3e-06 1.3e-06 1.7e-06 7.5e-07 1.7e-06 2.5e-06 1.65e-06 2.05e-06 9e-07 1.8e-06 1.4e-06 2.9e-06 2.05e-06 2.3e-06 1.65e-06 1.85e-06 1.8e-06 2e-06 2.2e-06 1.8e-06 2.45e-06 1.9e-06 3.2e-06 1.25e-06 1.65e-06 1.5e-06 3.05e-06 2.75e-06 2.55e-06 3.55e-06 1.8e-06 1.45e-06 2.1e-06 1.75e-06
42 3.1e-06 2.5e-06 3.35e-06 2.9e-06 3.2e-06 1.9e-06 3.2e-06 1.75e-06 3.2e-06 2.45e-06 3.4e-06 3.45e-06 2e-06 3.65e-06 1e-06 3.55e-06 2.05e-06 2.85e-06 3.05e-06 2.95e-06 3.55e-06 1.4e-06 3.4e-06 1.8e-06 2.85e-06 3.4e-06 2.8e-06 3.1e-06 3.15e-06 1.7e-06 2.95e-06 3.3e-06 3.55e-06 1.75e-06 3.25e-06 3.65e-06 2.35e-06 3.2e-06 3.9e-06 2.85e-06 3.05e-06 3.05e-06 2e-07 1.85e-06 3.3e-06 3.4e-06 1.75e-06 3.2e-06 3.85e-06 3.4e-06
43 2.45e-06 2.55e-06 3.35e-06 2.6e-06 3.2e-06 2.1e-06 3.2e-06 1.85e-06 2.55e-06 1.95e-06 3.15e-06 2.75e-06 1.95e-06 3.7e-06 1.45e-06 2.95e-06 2e-06 2.55e-06 2.65e-06 2.65e-06 2.75e-06 1.25e-06 2.6e-06 2.1e-06 2.65e-06 3.1e-06 2.75e-06 3.1e-06 2.5e-06 2.4e-06 2.45e-06 2.55e-06 3e-06 2.05e-06 3.25e-06 2.6e-06 1.8e-06 2.55e-06 3.35e-06 2.55e-06 2.65e-06 2.75e-06 1.85e-06 2.3e-06 3.05e-06 3.15e-06 1.95e-06 2.85e-06 2.65e-06 2.85e-06
44 3.25e-06 2.95e-06 2.25e-06 2.8e-06 2.35e-06 2.95e-06 2.35e-06 2.85e-06 2.9e-06 2.4e-06 2.35e-06 2.6e-06 2.45e-06 1.7e-06 3.1e-06 2.95e-06 3.45e-06 2.5e-06 3e-06 2.45e-06 3.1e-06 2.9e-06 2.95e-06 3e-06 2.5e-06 3.05e-06 2.85e-06 2.5e-06 2.9e-06 3.3e-06 2.3e-06 2.9e-06 2.7e-06 2.95e-06 2.4e-06 2.55e-06 2.95e-06 2.9e-06 2.2e-06 2.8e-06 3.3e-06 2.55e-06 3.3e-06 3.05e-06 3.2e-06 2.65e-06 2.8e-06 3.2e-06 2.8e-06 2.55e-06
45 3.6e-06 3.45e-06 3e-06 3.3e-06 3.15e-06 3.35e-06 3.15e-06 3.2e-06 3.2e-06 3.1e-06 2.9e-06 3.15e-06 3.15e-06 2.55e-06 3.2e-06 3.6e-06 2.85e-06 3.2e-06 3.55e-06 3.45e-06 3.6e-06 3e-06 3.3e-06 3.35e-06 3.45e-06 3.3e-06 3.25e-06 2.9e-06 2.9e-06 3.45e-06 3.4e-06 3.45e-06 3.25e-06 3.3e-06 3.2e-06 3.25e-06 3.25e-06 3.2e-06 2.9e-06 3.2e-06 3.45e-06 3.55e-06 3.4e-06 3.15e-06 2.65e-06 4.8e-06 3.2e-06 3.55e-06 3.35e-06 3.1e-06
46 2.5e-06 1.75e-06 2.7e-06 1.8e-06 2.4e-06 1.4e-06 2.4e-06 1.55e-06 2.3e-06 1.8e-06 2.75e-06 2.35e-06 1.75e-06 3.6e-06 1.45e-06 2.35e-06 2.05e-06 1.95e-06 2e-06 1.7e-06 2.3e-06 1.5e-06 2.3e-06 1.55e-06 1.85e-06 2.2e-06 1.7e-06 2.75e-06 2.3e-06 1.95e-06 2.3e-06 2.35e-06 2.55e-06 1.5e-06 2.45e-06 2.6e-06 2.05e-06 2.3e-06 3.45e-06 1.75e-06 2e-06 1.8e-06 1.75e-06 1.95e-06 2.8e-06 3.2e-06 2.5e-06 2.1e-06 2.85e-06 2.4e-06
47 2.2e-06 2.25e-06 3.1e-06 1e-06 2.85e-06 2.25e-06 2.85e-06 2.4e-06 1.45e-06 1.8e-06 2.6e-06 1.45e-06 2.3e-06 4.55e-06 3.1e-06 1.85e-06 2.75e-06 1.4e-06 1.5e-06 1.5e-06 1.3e-06 2.7e-06 1.1e-06 2.4e-06 1.55e-06 1.75e-06 1.3e-06 2.95e-06 2.15e-06 1.95e-06 2.45e-06 1.9e-06 1.8e-06 2.35e-06 2.9e-06 1.85e-06 2.45e-06 1.45e-06 3.45e-06 1e-06 1.75e-06 1.45e-06 3.2e-06 2.85e-06 3.2e-06 3.55e-06 2.1e-06 1e-06 1.9e-06 1.8e-06
48 2.35e-06 3e-06 3.35e-06 1.85e-06 3.1e-06 3e-06 3.1e-06 2.95e-06 1.25e-06 2.15e-06 2.7e-06 1.3e-06 2.5e-06 4e-06 3.65e-06 1.55e-06 3.1e-06 1.7e-06 2.25e-06 2e-06 1.55e-06 3e-06 1.15e-06 3.1e-06 2.1e-06 2.45e-06 2.15e-06 2.85e-06 2.05e-06 2.85e-06 2.05e-06 1.65e-06 2.1e-06 3.05e-06 3.15e-06 8e-07 2e-06 1.25e-06 2.4e-06 1.8e-06 2.25e-06 2.1e-06 3.85e-06 2.65e-06 2.8e-06 3.35e-06 2.85e-06 1.9e-06 1.1e-06 1.95e-06
49 2.65e-06 2.5e-06 2.8e-06 1.7e-06 2.9e-06 2.55e-06 2.9e-06 2.6e-06 1.85e-06 1.9e-06 2.75e-06 1.65e-06 2.25e-06 3.8e-06 3.3e-06 2.1e-06 2.95e-06 1.65e-06 2.1e-06 1.65e-06 1.95e-06 2.75e-06 1.7e-06 2.65e-06 1.75e-06 1.7e-06 1.9e-06 3.1e-06 2.15e-06 2.6e-06 2.15e-06 2.05e-06 1.55e-06 2.6e-06 2.95e-06 1.75e-06 2.5e-06 1.85e-06 2.9e-06 1.7e-06 2.2e-06 1.75e-06 3.4e-06 2.85e-06 2.55e-06 3.1e-06 2.4e-06 1.8e-06 1.95e-06 2.8e-06
