 slim_762248236 slim_762248218 slim_762248240 slim_762248195 slim_762248211 slim_762248241 slim_762248210 slim_762248251 slim_762248196 slim_762248248 slim_762248209 slim_762248227 slim_762248223 slim_762248213 slim_762248250 slim_762248234 slim_762248237 slim_762248192 slim_762248216 slim_762248239 slim_762248229 slim_762248225 slim_762248200 slim_762248244 slim_762248190 slim_762248197 slim_762248207 slim_762248221 slim_762248247 slim_762248206 slim_762248193 slim_762248203 slim_762248217 slim_762248226 slim_762248194 slim_762248199 slim_762248249 slim_762248246 slim_762248252 slim_762248230 slim_762248212 slim_762248204 slim_762248222 slim_762248201 slim_762248228 slim_762248191 slim_762248220 slim_762248243 slim_762248208 slim_762248202 slim_762248231 slim_762248233 slim_762248238 slim_762248232 slim_762248253 slim_762248235 slim_762248214 slim_762248189 slim_762248245 slim_762248224 slim_762248205 slim_762248219 slim_762248242 slim_762248215 slim_762248198
0 2.8e-06 2.05e-06 2.9e-06 2.65e-06 2e-06 2.05e-06 2.15e-06 1.8e-06 2.05e-06 2.7e-06 2.4e-06 3.7e-06 2.65e-06 2.45e-06 2.7e-06 2.35e-06 2e-06 2.45e-06 1.85e-06 1.8e-06 1.9e-06 2.15e-06 3.2e-06 1.95e-06 3.85e-06 3.3e-06 2.25e-06 2.85e-06 2.15e-06 1.5e-06 1.9e-06 3.2e-06 2.45e-06 2.3e-06 2.5e-06 3.2e-06 2.1e-06 2.7e-06 1.85e-06 2.4e-06 1.6e-06 2.6e-06 1.75e-06 1.85e-06 1.5e-06 1.55e-06 2.3e-06 2.6e-06 2.45e-06 1.8e-06 2.35e-06 2.3e-06 2.3e-06 1.9e-06 2.05e-06 1.9e-06 2.4e-06 2e-06 3.2e-06 2.15e-06 1.5e-06 2.5e-06 1.95e-06 2.2e-06 4.5e-06
1 2.05e-06 2.2e-06 2.4e-06 2.1e-06 1.95e-06 2.6e-06 2.45e-06 1.7e-06 1.75e-06 2.15e-06 1.9e-06 3.25e-06 2.65e-06 2.05e-06 2.65e-06 3e-06 2e-06 2.5e-06 1.55e-06 1.5e-06 1.25e-06 1.8e-06 3.1e-06 1.6e-06 3.55e-06 3.05e-06 2.2e-06 2.5e-06 2.4e-06 2e-06 2.75e-06 3.15e-06 2.65e-06 2e-06 2.15e-06 3.1e-06 2.35e-06 3.1e-06 1.75e-06 1.8e-06 2e-06 1.85e-06 2.3e-06 2.3e-06 2.7e-06 1.95e-06 1.75e-06 2.25e-06 2.2e-06 1.45e-06 1.95e-06 2e-06 1.75e-06 1.3e-06 1.6e-06 2e-06 2e-06 1.7e-06 2.9e-06 1.8e-06 2e-06 2.7e-06 2.45e-06 1.6e-06 4.4e-06
2 2.9e-06 2.4e-06 3.6e-06 3.1e-06 2.75e-06 2.95e-06 3e-06 2.85e-06 3e-06 2.5e-06 2.25e-06 2.8e-06 3.35e-06 2.85e-06 3.4e-06 3.35e-06 3.4e-06 2.95e-06 2.6e-06 2.55e-06 2e-06 3.15e-06 3.25e-06 2.35e-06 3.05e-06 3.15e-06 3.25e-06 3e-06 2.95e-06 2.75e-06 3.6e-06 3.25e-06 3.45e-06 2.3e-06 3.05e-06 3.15e-06 2.85e-06 2.6e-06 2.9e-06 2.35e-06 2.7e-06 2.35e-06 3.35e-06 3.45e-06 3.4e-06 2.65e-06 3.15e-06 2.75e-06 3.3e-06 2.2e-06 2.8e-06 2.65e-06 2.75e-06 2.15e-06 2.7e-06 3.15e-06 2.95e-06 2.7e-06 2.65e-06 3.15e-06 2.7e-06 2.95e-06 3.4e-06 2.7e-06 3.2e-06
3 2.65e-06 2.1e-06 3.1e-06 3e-06 2.45e-06 3.15e-06 2.55e-06 1.75e-06 1.65e-06 2.1e-06 2.35e-06 2.95e-06 2.55e-06 1.8e-06 2.6e-06 3.4e-06 1.9e-06 2.85e-06 2.25e-06 2.2e-06 2.6e-06 1.75e-06 3e-06 1.7e-06 3.2e-06 2.75e-06 2.55e-06 2.25e-06 2.5e-06 2.9e-06 3e-06 3e-06 2.7e-06 3.4e-06 1.7e-06 2.85e-06 2.6e-06 3.55e-06 1.8e-06 3.25e-06 3e-06 2.45e-06 2.7e-06 2.55e-06 3.6e-06 2.95e-06 1.75e-06 2.85e-06 1.65e-06 2.25e-06 1.7e-06 2.25e-06 2.35e-06 2.15e-06 2.1e-06 1.85e-06 1.65e-06 1.95e-06 2.75e-06 1.75e-06 3.05e-06 3.3e-06 2.75e-06 2.15e-06 4.2e-06
4 2e-06 1.95e-06 2.75e-06 2.45e-06 2.8e-06 2.35e-06 2.6e-06 1.7e-06 1.7e-06 2.75e-06 2.15e-06 3.65e-06 2.4e-06 2.5e-06 2.45e-06 2.5e-06 2.1e-06 1.85e-06 1.7e-06 1.7e-06 1.65e-06 2.25e-06 3.25e-06 1.75e-06 3.8e-06 2.95e-06 1.95e-06 2.8e-06 2.55e-06 1.85e-06 1.95e-06 3.25e-06 2.6e-06 2e-06 2.55e-06 3.05e-06 2.5e-06 3.15e-06 1.75e-06 2.1e-06 1.85e-06 2.5e-06 2.15e-06 2.1e-06 2.3e-06 1.85e-06 2.2e-06 2.25e-06 2.45e-06 1.5e-06 2.35e-06 2.05e-06 1.9e-06 1.6e-06 1.7e-06 1.8e-06 2.45e-06 2e-06 2.95e-06 2.25e-06 1.85e-06 2.5e-06 2.05e-06 1.85e-06 4.5e-06
5 2.05e-06 2.6e-06 2.95e-06 3.15e-06 2.35e-06 3.6e-06 2.75e-06 2.2e-06 2.45e-06 2.85e-06 2.85e-06 3.9e-06 3e-06 2.95e-06 3.05e-06 2.8e-06 2.4e-06 2.2e-06 2.25e-06 2.2e-06 2.3e-06 2.7e-06 3.35e-06 2.4e-06 4e-06 3.65e-06 2.65e-06 3.25e-06 2.65e-06 1.95e-06 2.35e-06 3.35e-06 2.6e-06 2.4e-06 3e-06 3.35e-06 2.65e-06 2.85e-06 2.25e-06 2.65e-06 2.05e-06 3.15e-06 2.1e-06 2.35e-06 1.95e-06 2e-06 2.8e-06 3.05e-06 2.85e-06 2.2e-06 2.8e-06 2.55e-06 2.65e-06 2.3e-06 2.45e-06 2.35e-06 2.9e-06 2.6e-06 3.2e-06 2.7e-06 2e-06 2.95e-06 2.25e-06 2.6e-06 4.4e-06
6 2.15e-06 2.45e-06 3e-06 2.55e-06 2.6e-06 2.75e-06 4.1e-06 2.5e-06 2.65e-06 2.75e-06 2.5e-06 3.2e-06 2.95e-06 2.55e-06 3e-06 2.55e-06 2.85e-06 3.05e-06 2.55e-06 2.5e-06 2.3e-06 2.65e-06 3.45e-06 2.25e-06 3.55e-06 3.05e-06 2.75e-06 3.1e-06 2.25e-06 2.2e-06 2.55e-06 3.45e-06 3.25e-06 2.85e-06 2.5e-06 3.35e-06 2.1e-06 2.85e-06 2.55e-06 2.8e-06 2.3e-06 2.65e-06 2.5e-06 2.5e-06 2.15e-06 2.25e-06 2.85e-06 2.75e-06 2.6e-06 2.35e-06 2.45e-06 2.65e-06 2.6e-06 2.3e-06 2.65e-06 2.5e-06 2.4e-06 2.5e-06 3.2e-06 2.65e-06 2.1e-06 2.65e-06 2.45e-06 2.65e-06 4.15e-06
7 1.8e-06 1.7e-06 2.85e-06 1.75e-06 1.7e-06 2.2e-06 2.5e-06 1.3e-06 9.5e-07 1.95e-06 1.95e-06 3.25e-06 2.2e-06 1.55e-06 2.25e-06 3.15e-06 8e-07 2.05e-06 1.35e-06 1.3e-06 2e-06 1.1e-06 2.5e-06 1.1e-06 3.25e-06 2.95e-06 2.05e-06 1.85e-06 2.25e-06 1.95e-06 2.2e-06 2.45e-06 1.65e-06 2.65e-06 1.6e-06 2.65e-06 2.45e-06 3.25e-06 7.5e-07 2.7e-06 2.1e-06 2.3e-06 1.75e-06 1.95e-06 2.75e-06 2.05e-06 1.25e-06 2.7e-06 1.3e-06 1.35e-06 1.4e-06 1.55e-06 2.1e-06 1.45e-06 1.55e-06 1.3e-06 1.5e-06 1.25e-06 2.8e-06 1.15e-06 2.2e-06 3.1e-06 2.25e-06 1.7e-06 4.25e-06
8 2.05e-06 1.75e-06 3e-06 1.65e-06 1.7e-06 2.45e-06 2.65e-06 9.5e-07 1.6e-06 2.2e-06 2.1e-06 3.4e-06 2.3e-06 1.8e-06 2.35e-06 3.15e-06 1.2e-06 2.05e-06 1.6e-06 1.55e-06 2.1e-06 1.4e-06 2.75e-06 1.25e-06 3.4e-06 2.95e-06 2e-06 2e-06 2.5e-06 2.2e-06 2.2e-06 2.75e-06 2e-06 2.8e-06 1.85e-06 2.6e-06 2.6e-06 3.4e-06 1e-06 2.8e-06 2.35e-06 2.45e-06 2e-06 1.85e-06 2.9e-06 2.3e-06 1.3e-06 2.7e-06 1.55e-06 1.45e-06 1.7e-06 1.7e-06 2e-06 1.55e-06 1.45e-06 1.35e-06 1.75e-06 1.5e-06 2.75e-06 1.4e-06 2.35e-06 3.1e-06 2.2e-06 1.65e-06 4.4e-06
9 2.7e-06 2.15e-06 2.5e-06 2.1e-06 2.75e-06 2.85e-06 2.75e-06 1.95e-06 2.2e-06 2.7e-06 2.25e-06 2.6e-06 3.1e-06 1.95e-06 3.15e-06 3.95e-06 2.25e-06 2.85e-06 2.35e-06 2.3e-06 2.6e-06 1.95e-06 2.95e-06 1.6e-06 3.25e-06 3.4e-06 3.2e-06 2.55e-06 2.45e-06 3e-06 3.55e-06 2.95e-06 2.55e-06 2.95e-06 1.95e-06 3.1e-06 2.65e-06 3.2e-06 2e-06 3e-06 3e-06 2.4e-06 3.05e-06 3.25e-06 3.95e-06 2.95e-06 2.05e-06 3.15e-06 2.15e-06 2.2e-06 1.75e-06 2.05e-06 2.75e-06 2.15e-06 2.55e-06 2.35e-06 1.85e-06 1.7e-06 2.65e-06 1.95e-06 3.25e-06 3.6e-06 3.35e-06 2.55e-06 3.75e-06
10 2.4e-06 1.9e-06 2.25e-06 2.35e-06 2.15e-06 2.85e-06 2.5e-06 1.95e-06 2.1e-06 2.25e-06 2.8e-06 2.75e-06 2.65e-06 2.1e-06 2.7e-06 2.9e-06 2.6e-06 2.6e-06 2.05e-06 2e-06 1.6e-06 2.4e-06 3.1e-06 1.55e-06 3.25e-06 2.8e-06 2.65e-06 2.6e-06 2.45e-06 2.3e-06 3e-06 3.1e-06 3e-06 2.3e-06 2.3e-06 3e-06 2.4e-06 3e-06 2e-06 2.2e-06 2.35e-06 2e-06 2.8e-06 2.9e-06 3.1e-06 2.3e-06 2.4e-06 2.25e-06 2.5e-06 1.55e-06 2.1e-06 2e-06 2.25e-06 1.5e-06 2.15e-06 2.4e-06 2.2e-06 1.9e-06 2.85e-06 2.4e-06 2.3e-06 2.55e-06 2.9e-06 2.15e-06 3.7e-06
11 3.7e-06 3.25e-06 2.8e-06 2.95e-06 3.65e-06 3.9e-06 3.2e-06 3.25e-06 3.4e-06 2.6e-06 2.75e-06 3.4e-06 3.65e-06 2.75e-06 3.7e-06 4e-06 3.8e-06 3.9e-06 3.6e-06 3.55e-06 3.35e-06 3.35e-06 2.7e-06 2.6e-06 2.15e-06 3.1e-06 3.9e-06 3e-06 3.05e-06 3.85e-06 4.25e-06 2.7e-06 3.3e-06 3.65e-06 2.9e-06 2.6e-06 3.1e-06 3.3e-06 3.3e-06 3.55e-06 3.9e-06 2.85e-06 4.1e-06 4.2e-06 4.5e-06 3.85e-06 3.45e-06 3.6e-06 3.15e-06 3.2e-06 2.7e-06 2.7e-06 3.35e-06 3e-06 3.7e-06 3.3e-06 2.8e-06 3.05e-06 2.75e-06 3.35e-06 3.95e-06 3.8e-06 3.9e-06 3.55e-06 1.7e-06
12 2.65e-06 2.65e-06 3.35e-06 2.55e-06 2.4e-06 3e-06 2.95e-06 2.2e-06 2.3e-06 3.1e-06 2.65e-06 3.65e-06 3.6e-06 2.35e-06 1.95e-06 2.35e-06 2e-06 2.65e-06 2.3e-06 2.25e-06 2.6e-06 2.3e-06 3.1e-06 2.7e-06 3.35e-06 2.15e-06 2.25e-06 2.4e-06 2.85e-06 2.55e-06 2.6e-06 3.1e-06 2.9e-06 3.2e-06 2.45e-06 3.15e-06 2.9e-06 3.45e-06 2.15e-06 3.15e-06 2.7e-06 2.75e-06 2.3e-06 2.45e-06 2.9e-06 2.65e-06 2.35e-06 2.2e-06 2e-06 2.65e-06 2.4e-06 2.95e-06 2.35e-06 2.6e-06 2.35e-06 1.95e-06 2.45e-06 3e-06 2.95e-06 2.3e-06 2.65e-06 2.65e-06 2.35e-06 2.35e-06 4.3e-06
13 2.45e-06 2.05e-06 2.85e-06 1.8e-06 2.5e-06 2.95e-06 2.55e-06 1.55e-06 1.8e-06 1.95e-06 2.1e-06 2.75e-06 2.35e-06 2.8e-06 2.35e-06 3.3e-06 1.6e-06 2.9e-06 2e-06 1.95e-06 2.55e-06 1.5e-06 2.6e-06 1.6e-06 2.95e-06 2.65e-06 2.65e-06 2e-06 2.35e-06 2.7e-06 3.05e-06 2.65e-06 2.4e-06 3.3e-06 1.65e-06 2.8e-06 2.55e-06 3.3e-06 1.6e-06 3.2e-06 2.8e-06 2.15e-06 2.5e-06 2.7e-06 3.5e-06 2.75e-06 1.75e-06 2.75e-06 1.55e-06 2.15e-06 1.55e-06 2.15e-06 2.5e-06 2.1e-06 2.25e-06 1.85e-06 1.5e-06 1.75e-06 2.7e-06 1.5e-06 2.95e-06 3.2e-06 2.85e-06 2.25e-06 3.8e-06
14 2.7e-06 2.65e-06 3.4e-06 2.6e-06 2.45e-06 3.05e-06 3e-06 2.25e-06 2.35e-06 3.15e-06 2.7e-06 3.7e-06 1.95e-06 2.35e-06 3.7e-06 2.4e-06 2.05e-06 2.7e-06 2.3e-06 2.25e-06 2.65e-06 2.3e-06 3.1e-06 2.75e-06 3.4e-06 2.2e-06 2.3e-06 2.55e-06 2.9e-06 2.6e-06 2.65e-06 3.15e-06 2.95e-06 3.25e-06 2.6e-06 3.2e-06 2.95e-06 3.5e-06 2.3e-06 3.2e-06 2.75e-06 2.75e-06 2.45e-06 2.5e-06 2.95e-06 2.7e-06 2.4e-06 2.25e-06 2.05e-06 2.7e-06 2.45e-06 3e-06 2.4e-06 2.65e-06 2.4e-06 2e-06 2.45e-06 3.05e-06 3e-06 2.3e-06 2.7e-06 2.7e-06 2.4e-06 2.4e-06 4.35e-06
15 2.35e-06 3e-06 3.35e-06 3.4e-06 2.5e-06 2.8e-06 2.55e-06 3.15e-06 3.15e-06 3.95e-06 2.9e-06 4e-06 2.35e-06 3.3e-06 2.4e-06 2.9e-06 3.25e-06 2.8e-06 2.8e-06 2.75e-06 2.35e-06 3.4e-06 3.75e-06 3.35e-06 3.8e-06 2.4e-06 2.35e-06 3.45e-06 2.8e-06 2.05e-06 2.1e-06 3.75e-06 3.75e-06 2.75e-06 3.5e-06 3.55e-06 2.5e-06 2.85e-06 3.2e-06 2.75e-06 2.2e-06 3.05e-06 2.4e-06 2.25e-06 1.55e-06 2.15e-06 3.45e-06 2.05e-06 3.15e-06 2.85e-06 3.35e-06 3.45e-06 2.45e-06 2.8e-06 2.75e-06 2.6e-06 3.4e-06 3.75e-06 3.3e-06 3.4e-06 1.8e-06 1.95e-06 1.95e-06 2.75e-06 4.35e-06
16 2e-06 2e-06 3.4e-06 1.9e-06 2.1e-06 2.4e-06 2.85e-06 8e-07 1.2e-06 2.25e-06 2.6e-06 3.8e-06 2e-06 1.6e-06 2.05e-06 3.25e-06 4e-07 2.4e-06 1.4e-06 1.35e-06 2.55e-06 9e-07 2.55e-06 1.75e-06 3.4e-06 2.85e-06 2.15e-06 1.75e-06 2.5e-06 2.2e-06 2.4e-06 2.5e-06 1.55e-06 3.2e-06 1.65e-06 2.95e-06 2.8e-06 3.6e-06 9e-07 3.25e-06 2.35e-06 2.6e-06 1.6e-06 1.9e-06 2.9e-06 2.3e-06 1.15e-06 2.85e-06 9e-07 2e-06 1.45e-06 2.2e-06 2.4e-06 2.1e-06 1.7e-06 1.3e-06 1.55e-06 1.8e-06 3.1e-06 9e-07 2.55e-06 3.4e-06 2.35e-06 1.85e-06 4.8e-06
17 2.45e-06 2.5e-06 2.95e-06 2.85e-06 1.85e-06 2.2e-06 3.05e-06 2.05e-06 2.05e-06 2.85e-06 2.6e-06 3.9e-06 2.65e-06 2.9e-06 2.7e-06 2.8e-06 2.4e-06 3.2e-06 2.2e-06 2.15e-06 2.2e-06 2.65e-06 3.4e-06 2.2e-06 4e-06 3.25e-06 2.3e-06 3.2e-06 3e-06 2.3e-06 2.25e-06 3.4e-06 2.7e-06 2.3e-06 2.95e-06 3.2e-06 2.95e-06 3.25e-06 2.1e-06 2.55e-06 2.4e-06 3.05e-06 2.5e-06 2.45e-06 2.7e-06 2.35e-06 2.6e-06 2.65e-06 2.75e-06 2e-06 2.75e-06 2.35e-06 2.3e-06 2.1e-06 2.15e-06 2.1e-06 2.85e-06 2.5e-06 2.95e-06 2.65e-06 2.3e-06 2.9e-06 2.35e-06 2.3e-06 4.5e-06
18 1.85e-06 1.55e-06 2.6e-06 2.25e-06 1.7e-06 2.25e-06 2.55e-06 1.35e-06 1.6e-06 2.35e-06 2.05e-06 3.6e-06 2.3e-06 2e-06 2.3e-06 2.8e-06 1.4e-06 2.2e-06 2.4e-06 1.2e-06 1.45e-06 1.6e-06 2.9e-06 1.65e-06 3.6e-06 2.95e-06 2.1e-06 2.3e-06 2.4e-06 1.7e-06 2.4e-06 2.95e-06 2.2e-06 2e-06 2.1e-06 3.1e-06 2.45e-06 3.15e-06 1.4e-06 2.05e-06 1.7e-06 2.1e-06 1.85e-06 2.05e-06 2.4e-06 1.7e-06 1.75e-06 2.25e-06 1.85e-06 1.4e-06 1.9e-06 2.1e-06 2.05e-06 1.5e-06 1.5e-06 1.85e-06 1.95e-06 1.8e-06 3.15e-06 1.6e-06 1.8e-06 2.65e-06 2.35e-06 1.65e-06 4.6e-06
19 1.8e-06 1.5e-06 2.55e-06 2.2e-06 1.7e-06 2.2e-06 2.5e-06 1.3e-06 1.55e-06 2.3e-06 2e-06 3.55e-06 2.25e-06 1.95e-06 2.25e-06 2.75e-06 1.35e-06 2.15e-06 1.2e-06 2.3e-06 1.4e-06 1.55e-06 2.85e-06 1.6e-06 3.55e-06 2.9e-06 2.05e-06 2.25e-06 2.35e-06 1.65e-06 2.35e-06 2.9e-06 2.15e-06 1.95e-06 2.05e-06 3.05e-06 2.4e-06 3.1e-06 1.35e-06 2e-06 1.7e-06 2.05e-06 1.8e-06 2e-06 2.35e-06 1.65e-06 1.7e-06 2.2e-06 1.8e-06 1.35e-06 1.85e-06 2.05e-06 2e-06 1.45e-06 1.45e-06 1.8e-06 1.9e-06 1.75e-06 3.1e-06 1.55e-06 1.75e-06 2.6e-06 2.3e-06 1.6e-06 4.55e-06
20 1.9e-06 1.25e-06 2e-06 2.6e-06 1.65e-06 2.3e-06 2.3e-06 2e-06 2.1e-06 2.6e-06 1.6e-06 3.35e-06 2.6e-06 2.55e-06 2.65e-06 2.35e-06 2.55e-06 2.2e-06 1.45e-06 1.4e-06 7e-07 2.55e-06 3.35e-06 1.8e-06 3.65e-06 2.9e-06 2e-06 2.85e-06 2.4e-06 1.35e-06 2.55e-06 3.35e-06 2.95e-06 1.15e-06 2.6e-06 3.2e-06 2.2e-06 2.8e-06 2.05e-06 1e-06 1.4e-06 1.85e-06 2.25e-06 2.3e-06 2.05e-06 1.35e-06 2.35e-06 1.7e-06 2.75e-06 1.05e-06 2.4e-06 2.1e-06 1.55e-06 9.5e-07 1.5e-06 2.35e-06 2.5e-06 2.05e-06 3.1e-06 2.55e-06 1.2e-06 2e-06 2.3e-06 1.5e-06 4.25e-06
21 2.15e-06 1.8e-06 3.15e-06 1.75e-06 2.25e-06 2.7e-06 2.65e-06 1.1e-06 1.4e-06 1.95e-06 2.4e-06 3.35e-06 2.3e-06 1.5e-06 2.3e-06 3.4e-06 9e-07 2.65e-06 1.6e-06 1.55e-06 2.55e-06 1.5e-06 2.65e-06 1.4e-06 3.3e-06 2.9e-06 2.45e-06 1.9e-06 2.4e-06 2.45e-06 2.7e-06 2.65e-06 2e-06 3.15e-06 1.6e-06 3e-06 2.6e-06 3.5e-06 1.2e-06 3.2e-06 2.55e-06 2.2e-06 2e-06 2.2e-06 3.15e-06 2.5e-06 1.35e-06 2.8e-06 1.2e-06 2e-06 1.4e-06 2.2e-06 2.55e-06 2.1e-06 1.85e-06 1.65e-06 1.45e-06 1.6e-06 3.05e-06 8e-07 2.7e-06 3.4e-06 2.65e-06 2e-06 4.55e-06
22 3.2e-06 3.1e-06 3.25e-06 3e-06 3.25e-06 3.35e-06 3.45e-06 2.5e-06 2.75e-06 2.95e-06 3.1e-06 2.7e-06 3.1e-06 2.6e-06 3.1e-06 3.75e-06 2.55e-06 3.4e-06 2.9e-06 2.85e-06 3.35e-06 2.65e-06 4.7e-06 2.75e-06 2.4e-06 3.1e-06 3.35e-06 2.55e-06 3.25e-06 3.3e-06 3.55e-06 2.4e-06 2.45e-06 3.6e-06 2.85e-06 2.55e-06 3.4e-06 3.45e-06 2.55e-06 3.65e-06 3.45e-06 3.05e-06 3.15e-06 3.35e-06 3.85e-06 3.4e-06 2.8e-06 3.5e-06 2.55e-06 3.05e-06 2.7e-06 2.75e-06 3.25e-06 3e-06 3.15e-06 2.7e-06 2.7e-06 3.05e-06 3e-06 2.65e-06 3.5e-06 3.85e-06 3.35e-06 3.15e-06 2.35e-06
23 1.95e-06 1.6e-06 2.35e-06 1.7e-06 1.75e-06 2.4e-06 2.25e-06 1.1e-06 1.25e-06 1.6e-06 1.55e-06 2.6e-06 2.7e-06 1.6e-06 2.75e-06 3.35e-06 1.75e-06 2.2e-06 1.65e-06 1.6e-06 1.8e-06 1.4e-06 2.75e-06 1.1e-06 3.25e-06 3.2e-06 2.4e-06 2.25e-06 2.05e-06 2.15e-06 2.55e-06 2.75e-06 2.15e-06 2.35e-06 1.65e-06 2.65e-06 2.15e-06 3.05e-06 1.15e-06 2.4e-06 2.2e-06 2e-06 2.35e-06 2.45e-06 3.05e-06 2.15e-06 1.7e-06 2.75e-06 1.9e-06 1.15e-06 1.45e-06 1.35e-06 2.15e-06 1.25e-06 1.75e-06 1.7e-06 1.55e-06 9e-07 2.65e-06 1.4e-06 2.3e-06 3e-06 2.6e-06 1.9e-06 3.85e-06
24 3.85e-06 3.55e-06 3.05e-06 3.2e-06 3.8e-06 4e-06 3.55e-06 3.25e-06 3.4e-06 3.25e-06 3.25e-06 2.15e-06 3.35e-06 2.95e-06 3.4e-06 3.8e-06 3.4e-06 4e-06 3.6e-06 3.55e-06 3.65e-06 3.3e-06 2.4e-06 3.25e-06 3e-06 2.45e-06 3.75e-06 2.55e-06 3.5e-06 3.9e-06 4.1e-06 2.4e-06 3.25e-06 4.05e-06 3.15e-06 2.45e-06 3.5e-06 3.25e-06 3.3e-06 3.95e-06 4.05e-06 3.05e-06 3.8e-06 3.9e-06 4.3e-06 4e-06 3.4e-06 3.55e-06 2.85e-06 3.6e-06 3e-06 3.2e-06 3.5e-06 3.4e-06 3.7e-06 3.3e-06 3.05e-06 3.8e-06 2.75e-06 3.3e-06 3.95e-06 3.9e-06 3.75e-06 3.55e-06 1.5e-06
25 3.3e-06 3.05e-06 3.15e-06 2.75e-06 2.95e-06 3.65e-06 3.05e-06 2.95e-06 2.95e-06 3.4e-06 2.8e-06 3.1e-06 2.15e-06 2.65e-06 2.2e-06 2.4e-06 2.85e-06 3.25e-06 2.95e-06 2.9e-06 2.9e-06 2.9e-06 3.1e-06 3.2e-06 2.45e-06 2.9e-06 2.65e-06 2.5e-06 3.1e-06 3.15e-06 3.15e-06 3.1e-06 3.7e-06 3.65e-06 2.85e-06 3.05e-06 3e-06 3.25e-06 3e-06 3.45e-06 3.3e-06 2.7e-06 3.05e-06 3e-06 3.35e-06 3.25e-06 2.95e-06 2.25e-06 2.3e-06 3.2e-06 2.7e-06 3.4e-06 2.6e-06 3e-06 2.9e-06 2.55e-06 2.75e-06 3.75e-06 2.7e-06 2.9e-06 3.1e-06 2.7e-06 2.75e-06 2.75e-06 3.45e-06
26 2.25e-06 2.2e-06 3.25e-06 2.55e-06 1.95e-06 2.65e-06 2.75e-06 2.05e-06 2e-06 3.2e-06 2.65e-06 3.9e-06 2.25e-06 2.65e-06 2.3e-06 2.35e-06 2.15e-06 2.3e-06 2.1e-06 2.05e-06 2e-06 2.45e-06 3.35e-06 2.4e-06 3.75e-06 2.65e-06 2.9e-06 2.9e-06 2.75e-06 2.1e-06 2.15e-06 3.35e-06 2.85e-06 2.65e-06 2.7e-06 3.1e-06 2.7e-06 3.35e-06 2.1e-06 2.55e-06 2.25e-06 2.85e-06 2.2e-06 2.1e-06 2.35e-06 2.2e-06 2.3e-06 2.35e-06 2.35e-06 2.15e-06 2.55e-06 2.55e-06 1.8e-06 2.05e-06 2e-06 1.6e-06 2.6e-06 2.65e-06 2.9e-06 2.45e-06 2.1e-06 2.65e-06 1.85e-06 2e-06 4.65e-06
27 2.85e-06 2.5e-06 3e-06 2.25e-06 2.8e-06 3.25e-06 3.1e-06 1.85e-06 2e-06 2.55e-06 2.6e-06 3e-06 2.4e-06 2e-06 2.55e-06 3.45e-06 1.75e-06 3.2e-06 2.3e-06 2.25e-06 2.85e-06 1.9e-06 2.55e-06 2.25e-06 2.55e-06 2.5e-06 2.9e-06 3.1e-06 2.9e-06 2.95e-06 3.25e-06 2.55e-06 2.6e-06 3.65e-06 2.1e-06 2.8e-06 3.05e-06 3.35e-06 1.8e-06 3.55e-06 3.1e-06 2.45e-06 2.55e-06 2.75e-06 3.65e-06 3.05e-06 1.9e-06 2.9e-06 1.75e-06 2.55e-06 2.05e-06 2.65e-06 2.8e-06 2.5e-06 2.4e-06 2.25e-06 2.1e-06 2.55e-06 2.8e-06 1.9e-06 3.15e-06 3.4e-06 3.05e-06 2.4e-06 3.45e-06
28 2.15e-06 2.4e-06 2.95e-06 2.5e-06 2.55e-06 2.65e-06 2.25e-06 2.25e-06 2.5e-06 2.45e-06 2.45e-06 3.05e-06 2.85e-06 2.35e-06 2.9e-06 2.8e-06 2.5e-06 3e-06 2.4e-06 2.35e-06 2.4e-06 2.4e-06 3.25e-06 2.05e-06 3.5e-06 3.1e-06 2.75e-06 2.9e-06 3.8e-06 2.1e-06 2.65e-06 3.25e-06 2.9e-06 2.9e-06 2.35e-06 3.25e-06 2.15e-06 2.95e-06 2.3e-06 2.85e-06 2.15e-06 2.65e-06 2.45e-06 2.6e-06 2.45e-06 2.1e-06 2.6e-06 2.9e-06 2.4e-06 2.3e-06 2.15e-06 2.45e-06 2.55e-06 2.25e-06 2.6e-06 2.25e-06 2.25e-06 2.25e-06 3.05e-06 2.4e-06 2.35e-06 2.85e-06 2.5e-06 2.6e-06 4.1e-06
29 1.5e-06 2e-06 2.75e-06 2.9e-06 1.85e-06 1.95e-06 2.2e-06 1.95e-06 2.2e-06 3e-06 2.3e-06 3.85e-06 2.55e-06 2.7e-06 2.6e-06 2.05e-06 2.2e-06 2.3e-06 1.7e-06 1.65e-06 1.35e-06 2.45e-06 3.3e-06 2.15e-06 3.9e-06 3.15e-06 2.1e-06 2.95e-06 2.1e-06 2e-06 1.9e-06 3.3e-06 2.6e-06 1.8e-06 2.75e-06 3.3e-06 2.15e-06 2.7e-06 2e-06 1.9e-06 1.15e-06 2.55e-06 1.7e-06 1.85e-06 1.25e-06 1.1e-06 2.55e-06 2.2e-06 2.65e-06 1.6e-06 2.6e-06 2.45e-06 2.15e-06 1.7e-06 1.9e-06 2.15e-06 2.65e-06 2.3e-06 3.4e-06 2.45e-06 1.1e-06 2.2e-06 1.9e-06 2.05e-06 4.5e-06
30 1.9e-06 2.75e-06 3.6e-06 3e-06 1.95e-06 2.35e-06 2.55e-06 2.2e-06 2.2e-06 3.55e-06 3e-06 4.25e-06 2.6e-06 3.05e-06 2.65e-06 2.1e-06 2.4e-06 2.25e-06 2.4e-06 2.35e-06 2.55e-06 2.7e-06 3.55e-06 2.55e-06 4.1e-06 3.15e-06 2.15e-06 3.25e-06 2.65e-06 1.9e-06 2.8e-06 3.55e-06 2.9e-06 2.8e-06 3.1e-06 3.35e-06 2.5e-06 3.05e-06 2.25e-06 2.95e-06 2.05e-06 3.3e-06 1.95e-06 1.8e-06 1.5e-06 2e-06 2.75e-06 2.75e-06 2.75e-06 2.35e-06 2.95e-06 2.7e-06 2.4e-06 2.45e-06 2.35e-06 1.95e-06 3e-06 2.8e-06 3.3e-06 2.7e-06 1.8e-06 2.6e-06 1.7e-06 2.5e-06 4.8e-06
31 3.2e-06 3.15e-06 3.25e-06 3e-06 3.25e-06 3.35e-06 3.45e-06 2.45e-06 2.75e-06 2.95e-06 3.1e-06 2.7e-06 3.1e-06 2.65e-06 3.15e-06 3.75e-06 2.5e-06 3.4e-06 2.95e-06 2.9e-06 3.35e-06 2.65e-06 2.4e-06 2.75e-06 2.4e-06 3.1e-06 3.35e-06 2.55e-06 3.25e-06 3.3e-06 3.55e-06 4.7e-06 2.45e-06 3.6e-06 2.85e-06 2.55e-06 3.4e-06 3.45e-06 2.55e-06 3.65e-06 3.45e-06 3.1e-06 3.15e-06 3.35e-06 3.85e-06 3.4e-06 2.8e-06 3.5e-06 2.55e-06 3.05e-06 2.65e-06 2.75e-06 3.25e-06 3e-06 3.15e-06 2.7e-06 2.75e-06 3.05e-06 3e-06 2.7e-06 3.5e-06 3.85e-06 3.35e-06 3.15e-06 2.35e-06
32 2.45e-06 2.65e-06 3.45e-06 2.7e-06 2.6e-06 2.6e-06 3.25e-06 1.65e-06 2e-06 2.55e-06 3e-06 3.3e-06 2.9e-06 2.4e-06 2.95e-06 3.75e-06 1.55e-06 2.7e-06 2.2e-06 2.15e-06 2.95e-06 2e-06 2.45e-06 2.15e-06 3.25e-06 3.7e-06 2.85e-06 2.6e-06 2.9e-06 2.6e-06 2.9e-06 2.45e-06 2.8e-06 3.05e-06 2.45e-06 2.7e-06 3.2e-06 3.65e-06 1.7e-06 3.25e-06 2.75e-06 3.25e-06 2.4e-06 2.7e-06 3.3e-06 2.7e-06 2.1e-06 3.5e-06 2.1e-06 2.4e-06 2.3e-06 2.2e-06 2.9e-06 2.5e-06 2.5e-06 2e-06 2.35e-06 2.2e-06 3.25e-06 1.95e-06 2.95e-06 3.85e-06 2.85e-06 2.65e-06 3.4e-06
33 2.3e-06 2e-06 2.3e-06 3.4e-06 2e-06 2.4e-06 2.85e-06 2.65e-06 2.8e-06 2.95e-06 2.3e-06 3.65e-06 3.2e-06 3.3e-06 3.25e-06 2.75e-06 3.2e-06 2.3e-06 2e-06 1.95e-06 1.15e-06 3.15e-06 3.6e-06 2.35e-06 4.05e-06 3.65e-06 2.65e-06 3.65e-06 2.9e-06 1.8e-06 2.8e-06 3.6e-06 3.05e-06 1e-06 3.35e-06 3.5e-06 2.7e-06 3e-06 2.7e-06 8.5e-07 1.75e-06 2.5e-06 2.7e-06 2.8e-06 2.3e-06 1.7e-06 3.15e-06 2.25e-06 3.55e-06 1.6e-06 3.1e-06 2.25e-06 2.3e-06 1.7e-06 2.1e-06 3e-06 3.25e-06 2.6e-06 3.5e-06 3.15e-06 1.65e-06 2.5e-06 2.75e-06 2.25e-06 4.1e-06
34 2.5e-06 2.15e-06 3.05e-06 1.7e-06 2.55e-06 3e-06 2.5e-06 1.6e-06 1.85e-06 1.95e-06 2.3e-06 2.9e-06 2.45e-06 1.65e-06 2.6e-06 3.5e-06 1.65e-06 2.95e-06 2.1e-06 2.05e-06 2.6e-06 1.6e-06 2.85e-06 1.65e-06 3.15e-06 2.85e-06 2.7e-06 2.1e-06 2.35e-06 2.75e-06 3.1e-06 2.85e-06 2.45e-06 3.35e-06 2.9e-06 3e-06 2.55e-06 3.5e-06 1.55e-06 3.25e-06 2.85e-06 2.4e-06 2.45e-06 2.75e-06 3.55e-06 2.8e-06 1.8e-06 2.95e-06 1.5e-06 2.2e-06 1.55e-06 2.2e-06 2.55e-06 2.15e-06 2.3e-06 1.9e-06 1.5e-06 1.8e-06 2.9e-06 1.6e-06 3e-06 3.4e-06 2.9e-06 2.3e-06 4.15e-06
35 3.2e-06 3.1e-06 3.15e-06 2.85e-06 3.05e-06 3.35e-06 3.35e-06 2.65e-06 2.6e-06 3.1e-06 3e-06 2.6e-06 3.15e-06 2.8e-06 3.2e-06 3.55e-06 2.95e-06 3.2e-06 3.1e-06 3.05e-06 3.2e-06 3e-06 2.55e-06 2.65e-06 2.45e-06 3.05e-06 3.1e-06 2.8e-06 3.25e-06 3.3e-06 3.35e-06 2.55e-06 2.7e-06 3.5e-06 3e-06 4.5e-06 3.3e-06 3.35e-06 2.7e-06 3.5e-06 3.45e-06 3.15e-06 3.3e-06 3.2e-06 3.75e-06 3.4e-06 2.95e-06 3.45e-06 2.85e-06 2.95e-06 2.85e-06 2.65e-06 2.95e-06 2.85e-06 3e-06 2.55e-06 2.9e-06 3.05e-06 2.75e-06 3e-06 3.4e-06 3.65e-06 3.1e-06 3.05e-06 2.25e-06
36 2.1e-06 2.35e-06 2.85e-06 2.6e-06 2.5e-06 2.65e-06 2.1e-06 2.45e-06 2.6e-06 2.65e-06 2.4e-06 3.1e-06 2.9e-06 2.55e-06 2.95e-06 2.5e-06 2.8e-06 2.95e-06 2.45e-06 2.4e-06 2.2e-06 2.6e-06 3.4e-06 2.15e-06 3.5e-06 3e-06 2.7e-06 3.05e-06 2.15e-06 2.15e-06 2.5e-06 3.4e-06 3.2e-06 2.7e-06 2.55e-06 3.3e-06 4e-06 2.75e-06 2.5e-06 2.65e-06 2.2e-06 2.55e-06 2.45e-06 2.45e-06 2.1e-06 2.15e-06 2.8e-06 2.7e-06 2.6e-06 2.25e-06 2.35e-06 2.55e-06 2.5e-06 2.2e-06 2.55e-06 2.45e-06 2.45e-06 2.45e-06 3.1e-06 2.6e-06 2.05e-06 2.55e-06 2.4e-06 2.55e-06 4.1e-06
37 2.7e-06 3.1e-06 2.6e-06 3.55e-06 3.15e-06 2.85e-06 2.85e-06 3.25e-06 3.4e-06 3.2e-06 3e-06 3.3e-06 3.45e-06 3.3e-06 3.5e-06 2.85e-06 3.6e-06 3.25e-06 3.15e-06 3.1e-06 2.8e-06 3.5e-06 3.45e-06 3.05e-06 3.25e-06 3.25e-06 3.35e-06 3.35e-06 2.95e-06 2.7e-06 3.05e-06 3.45e-06 3.65e-06 3e-06 3.5e-06 3.35e-06 2.75e-06 4.8e-06 3.3e-06 3.1e-06 2.75e-06 3.05e-06 3.05e-06 3.05e-06 2.5e-06 2.7e-06 3.6e-06 3.15e-06 3.5e-06 2.95e-06 3.3e-06 3.2e-06 3.15e-06 2.9e-06 3.25e-06 3.2e-06 3.4e-06 3.4e-06 2.9e-06 3.5e-06 2.55e-06 2.95e-06 2.95e-06 3.25e-06 3.4e-06
38 1.85e-06 1.75e-06 2.9e-06 1.8e-06 1.75e-06 2.25e-06 2.55e-06 7.5e-07 1e-06 2e-06 2e-06 3.3e-06 2.15e-06 1.6e-06 2.3e-06 3.2e-06 9e-07 2.1e-06 1.4e-06 1.35e-06 2.05e-06 1.2e-06 2.55e-06 1.15e-06 3.3e-06 3e-06 2.1e-06 1.8e-06 2.3e-06 2e-06 2.25e-06 2.55e-06 1.7e-06 2.7e-06 1.55e-06 2.7e-06 2.5e-06 3.3e-06 1.4e-06 2.75e-06 2.15e-06 2.35e-06 1.7e-06 2e-06 2.8e-06 2.1e-06 1.3e-06 2.75e-06 1.35e-06 1.4e-06 1.5e-06 1.6e-06 2.15e-06 1.5e-06 1.6e-06 1.35e-06 1.55e-06 1.3e-06 2.85e-06 1.2e-06 2.25e-06 3.15e-06 2.3e-06 1.75e-06 4.3e-06
39 2.4e-06 1.8e-06 2.35e-06 3.25e-06 2.1e-06 2.65e-06 2.8e-06 2.7e-06 2.8e-06 3e-06 2.2e-06 3.55e-06 3.15e-06 3.2e-06 3.2e-06 2.75e-06 3.25e-06 2.55e-06 2.05e-06 2e-06 1e-06 3.2e-06 3.65e-06 2.4e-06 3.95e-06 3.45e-06 2.55e-06 3.55e-06 2.85e-06 1.9e-06 2.95e-06 3.65e-06 3.25e-06 8.5e-07 3.25e-06 3.5e-06 2.65e-06 3.1e-06 2.75e-06 1.7e-06 1.85e-06 2.4e-06 2.8e-06 2.85e-06 2.45e-06 1.8e-06 3e-06 2.2e-06 3.45e-06 1.65e-06 3e-06 2.3e-06 2e-06 1.55e-06 2.1e-06 2.9e-06 3.15e-06 2.65e-06 3.4e-06 3.2e-06 1.75e-06 2.45e-06 2.7e-06 2.1e-06 4.15e-06
40 1.6e-06 2e-06 2.7e-06 3e-06 1.85e-06 2.05e-06 2.3e-06 2.1e-06 2.35e-06 3e-06 2.35e-06 3.9e-06 2.7e-06 2.8e-06 2.75e-06 2.2e-06 2.35e-06 2.4e-06 1.7e-06 1.7e-06 1.4e-06 2.55e-06 3.45e-06 2.2e-06 4.05e-06 3.3e-06 2.25e-06 3.1e-06 2.15e-06 1.15e-06 2.05e-06 3.45e-06 2.75e-06 1.75e-06 2.85e-06 3.45e-06 2.2e-06 2.75e-06 2.15e-06 1.85e-06 2.3e-06 2.55e-06 1.85e-06 2e-06 1.4e-06 1.15e-06 2.65e-06 2.3e-06 2.8e-06 1.65e-06 2.65e-06 2.5e-06 2.2e-06 1.75e-06 1.95e-06 2.3e-06 2.75e-06 2.35e-06 3.45e-06 2.55e-06 1.25e-06 2.25e-06 2.05e-06 2.1e-06 4.65e-06
41 2.6e-06 1.85e-06 2.35e-06 2.45e-06 2.5e-06 3.15e-06 2.65e-06 2.3e-06 2.45e-06 2.4e-06 2e-06 2.85e-06 2.75e-06 2.15e-06 2.75e-06 3.05e-06 2.6e-06 3.05e-06 2.1e-06 2.05e-06 1.85e-06 2.2e-06 3.05e-06 2e-06 3.05e-06 2.7e-06 2.85e-06 2.45e-06 2.65e-06 2.55e-06 3.3e-06 3.1e-06 3.25e-06 2.5e-06 2.4e-06 3.15e-06 2.55e-06 3.05e-06 2.35e-06 2.4e-06 2.55e-06 3.4e-06 2.85e-06 2.95e-06 3.2e-06 2.5e-06 2.45e-06 2.3e-06 2.45e-06 2e-06 2.2e-06 2.55e-06 2.5e-06 1.95e-06 2.25e-06 2.7e-06 2.25e-06 2.25e-06 3e-06 2.2e-06 2.5e-06 2.75e-06 3.1e-06 2.25e-06 3.7e-06
42 1.75e-06 2.3e-06 3.35e-06 2.7e-06 2.15e-06 2.1e-06 2.5e-06 1.75e-06 2e-06 3.05e-06 2.8e-06 4.1e-06 2.3e-06 2.5e-06 2.45e-06 2.4e-06 1.6e-06 2.5e-06 1.85e-06 1.8e-06 2.25e-06 2e-06 3.15e-06 2.35e-06 3.8e-06 3.05e-06 2.2e-06 2.55e-06 2.45e-06 1.7e-06 1.95e-06 3.15e-06 2.4e-06 2.7e-06 2.45e-06 3.3e-06 2.45e-06 3.05e-06 1.7e-06 2.8e-06 1.85e-06 2.85e-06 2.8e-06 1.75e-06 1.55e-06 1.8e-06 2.2e-06 2.65e-06 2.05e-06 2.15e-06 2.4e-06 2.65e-06 2.45e-06 2.25e-06 2.05e-06 1.9e-06 2.45e-06 2.5e-06 3.4e-06 2e-06 1.75e-06 2.75e-06 1.85e-06 2.2e-06 4.8e-06
43 1.85e-06 2.3e-06 3.45e-06 2.55e-06 2.1e-06 2.35e-06 2.5e-06 1.95e-06 1.85e-06 3.25e-06 2.9e-06 4.2e-06 2.45e-06 2.7e-06 2.5e-06 2.25e-06 1.9e-06 2.45e-06 2.05e-06 2e-06 2.3e-06 2.2e-06 3.35e-06 2.45e-06 3.9e-06 3e-06 2.1e-06 2.75e-06 2.6e-06 1.85e-06 1.8e-06 3.35e-06 2.7e-06 2.8e-06 2.75e-06 3.2e-06 2.45e-06 3.05e-06 2e-06 2.85e-06 2e-06 2.95e-06 1.75e-06 3e-06 1.6e-06 1.95e-06 2.2e-06 2.6e-06 2.25e-06 2.25e-06 2.6e-06 2.75e-06 2.3e-06 2.3e-06 1.9e-06 1.9e-06 2.65e-06 2.7e-06 3.3e-06 2.2e-06 1.75e-06 2.6e-06 1.8e-06 2.1e-06 4.9e-06
44 1.5e-06 2.7e-06 3.4e-06 3.6e-06 2.3e-06 1.95e-06 2.15e-06 2.75e-06 2.9e-06 3.95e-06 3.1e-06 4.5e-06 2.9e-06 3.5e-06 2.95e-06 1.55e-06 2.9e-06 2.7e-06 2.4e-06 2.35e-06 2.05e-06 3.15e-06 3.85e-06 3.05e-06 4.3e-06 3.35e-06 2.35e-06 3.65e-06 2.45e-06 1.25e-06 1.5e-06 3.85e-06 3.3e-06 2.3e-06 3.55e-06 3.75e-06 2.1e-06 2.5e-06 2.8e-06 2.45e-06 1.4e-06 3.2e-06 1.55e-06 1.6e-06 4e-07 1.35e-06 3.35e-06 2.55e-06 3.25e-06 2.4e-06 3.4e-06 3.2e-06 2.6e-06 2.5e-06 2.5e-06 2.6e-06 3.45e-06 3.3e-06 3.8e-06 3.15e-06 9.5e-07 2.1e-06 1.5e-06 2.65e-06 4.9e-06
45 1.55e-06 1.95e-06 2.65e-06 2.95e-06 1.85e-06 2e-06 2.25e-06 2.05e-06 2.3e-06 2.95e-06 2.3e-06 3.85e-06 2.65e-06 2.75e-06 2.7e-06 2.15e-06 2.3e-06 2.35e-06 1.7e-06 1.65e-06 1.35e-06 2.5e-06 3.4e-06 2.15e-06 4e-06 3.25e-06 2.2e-06 3.05e-06 2.1e-06 1.1e-06 2e-06 3.4e-06 2.7e-06 1.7e-06 2.8e-06 3.4e-06 2.15e-06 2.7e-06 2.1e-06 1.8e-06 1.15e-06 2.5e-06 1.8e-06 1.95e-06 1.35e-06 2.2e-06 2.6e-06 2.25e-06 2.75e-06 1.6e-06 2.6e-06 2.45e-06 2.15e-06 1.7e-06 1.9e-06 2.25e-06 2.7e-06 2.3e-06 3.4e-06 2.5e-06 1.2e-06 2.2e-06 2e-06 2.05e-06 4.6e-06
46 2.3e-06 1.75e-06 3.15e-06 1.75e-06 2.2e-06 2.8e-06 2.85e-06 1.25e-06 1.3e-06 2.05e-06 2.4e-06 3.45e-06 2.35e-06 1.75e-06 2.4e-06 3.45e-06 1.15e-06 2.6e-06 1.75e-06 1.7e-06 2.35e-06 1.35e-06 2.8e-06 1.7e-06 3.4e-06 2.95e-06 2.3e-06 1.9e-06 2.6e-06 2.55e-06 2.75e-06 2.8e-06 2.1e-06 3.15e-06 1.8e-06 2.95e-06 2.8e-06 3.6e-06 1.3e-06 3e-06 2.65e-06 2.45e-06 2.2e-06 2.2e-06 3.35e-06 2.6e-06 1.9e-06 2.75e-06 1.45e-06 2e-06 1.65e-06 2.05e-06 2.1e-06 1.9e-06 1.75e-06 1.5e-06 1.7e-06 1.75e-06 2.8e-06 1.35e-06 2.8e-06 3.35e-06 2.5e-06 1.65e-06 4.55e-06
47 2.6e-06 2.25e-06 2.75e-06 2.85e-06 2.25e-06 3.05e-06 2.75e-06 2.7e-06 2.7e-06 3.15e-06 2.25e-06 3.6e-06 2.2e-06 2.75e-06 2.25e-06 2.05e-06 2.85e-06 2.65e-06 2.25e-06 2.2e-06 1.7e-06 2.8e-06 3.5e-06 2.75e-06 3.55e-06 2.25e-06 2.35e-06 2.9e-06 2.9e-06 2.2e-06 2.75e-06 3.5e-06 3.5e-06 2.25e-06 2.95e-06 3.45e-06 2.7e-06 3.15e-06 2.75e-06 2.2e-06 2.3e-06 2.3e-06 2.65e-06 2.6e-06 2.55e-06 2.25e-06 2.75e-06 3.1e-06 2.75e-06 2.25e-06 2.8e-06 3.05e-06 2.2e-06 2.2e-06 2.2e-06 2.6e-06 2.85e-06 3.05e-06 3.15e-06 2.8e-06 2.05e-06 2.1e-06 2.5e-06 2.2e-06 4.25e-06
48 2.45e-06 2.2e-06 3.3e-06 1.65e-06 2.45e-06 2.85e-06 2.6e-06 1.3e-06 1.55e-06 2.15e-06 2.5e-06 3.15e-06 2e-06 1.55e-06 2.05e-06 3.15e-06 9e-07 2.75e-06 1.85e-06 1.8e-06 2.75e-06 1.2e-06 2.55e-06 1.9e-06 2.85e-06 2.3e-06 2.35e-06 1.75e-06 2.4e-06 2.65e-06 2.75e-06 2.55e-06 2.1e-06 3.55e-06 1.5e-06 2.85e-06 2.6e-06 3.5e-06 1.35e-06 3.45e-06 2.8e-06 2.45e-06 2.05e-06 2.25e-06 3.25e-06 2.75e-06 1.45e-06 2.75e-06 1.5e-06 2.35e-06 1.4e-06 2.35e-06 2.45e-06 2.3e-06 2.05e-06 1.6e-06 1.4e-06 2.2e-06 2.85e-06 1.15e-06 2.9e-06 3.3e-06 2.55e-06 2.05e-06 4.25e-06
49 1.8e-06 1.45e-06 2.2e-06 2.25e-06 1.5e-06 2.2e-06 2.35e-06 1.35e-06 1.45e-06 2.2e-06 1.55e-06 3.2e-06 2.65e-06 2.15e-06 2.7e-06 2.85e-06 2e-06 2e-06 1.4e-06 1.35e-06 1.05e-06 2e-06 3.05e-06 1.15e-06 3.6e-06 3.2e-06 2.15e-06 2.55e-06 2.3e-06 1.6e-06 2.35e-06 3.05e-06 2.4e-06 1.6e-06 2.2e-06 2.95e-06 2.25e-06 2.95e-06 1.4e-06 1.65e-06 1.65e-06 2e-06 2.15e-06 2.25e-06 2.4e-06 1.6e-06 2e-06 2.25e-06 2.35e-06 1.6e-06 2e-06 1.6e-06 1.9e-06 1e-06 1.5e-06 2e-06 2.1e-06 1.4e-06 3e-06 2e-06 1.6e-06 2.5e-06 2.4e-06 1.65e-06 4.2e-06
50 2.35e-06 1.95e-06 2.8e-06 1.7e-06 2.35e-06 2.8e-06 2.45e-06 1.4e-06 1.7e-06 1.75e-06 2.1e-06 2.7e-06 2.4e-06 1.55e-06 2.45e-06 3.35e-06 1.45e-06 2.75e-06 1.9e-06 1.85e-06 2.4e-06 1.4e-06 2.7e-06 1.45e-06 3e-06 2.7e-06 2.55e-06 2.05e-06 2.15e-06 2.6e-06 2.95e-06 2.65e-06 2.3e-06 3.1e-06 1.55e-06 2.85e-06 2.35e-06 3.3e-06 1.5e-06 3e-06 2.65e-06 2.2e-06 2.4e-06 2.6e-06 3.4e-06 2.6e-06 1.65e-06 2.8e-06 1.4e-06 2e-06 2.6e-06 2e-06 2.35e-06 1.95e-06 2.1e-06 1.75e-06 1.45e-06 1.65e-06 2.7e-06 1.45e-06 2.85e-06 3.2e-06 2.75e-06 2.1e-06 4e-06
51 2.3e-06 2e-06 2.65e-06 2.25e-06 2.05e-06 2.55e-06 2.65e-06 1.55e-06 1.7e-06 2.05e-06 2e-06 2.7e-06 2.95e-06 2.15e-06 3e-06 3.45e-06 2.2e-06 2.35e-06 2.1e-06 2.05e-06 2.1e-06 2.2e-06 2.75e-06 1.35e-06 3.2e-06 3.4e-06 2.55e-06 2.65e-06 2.45e-06 2.45e-06 2.7e-06 2.75e-06 2.2e-06 2.25e-06 2.2e-06 2.65e-06 2.55e-06 3.2e-06 1.6e-06 2.3e-06 2.5e-06 2.55e-06 2.65e-06 2.75e-06 3.2e-06 2.45e-06 2.05e-06 3.05e-06 2.35e-06 1.6e-06 2e-06 2e-06 2.15e-06 1.55e-06 2.2e-06 1.9e-06 2.1e-06 1.6e-06 2.65e-06 2.2e-06 2.6e-06 3.25e-06 2.6e-06 2.2e-06 3.4e-06
52 2.3e-06 1.75e-06 2.75e-06 2.35e-06 1.9e-06 2.65e-06 2.6e-06 2.1e-06 2e-06 2.75e-06 2.25e-06 3.35e-06 2.35e-06 2.5e-06 2.4e-06 2.45e-06 2.4e-06 2.3e-06 2.05e-06 2e-06 1.55e-06 2.55e-06 3.25e-06 2.15e-06 3.5e-06 2.6e-06 1.8e-06 2.8e-06 2.55e-06 2.15e-06 2.4e-06 3.25e-06 2.9e-06 2.3e-06 2.55e-06 2.95e-06 2.5e-06 3.15e-06 2.15e-06 2e-06 2.2e-06 2.5e-06 2.45e-06 2.3e-06 2.6e-06 2.15e-06 2.1e-06 2.2e-06 2.45e-06 1.9e-06 2.35e-06 2.15e-06 2.6e-06 1.6e-06 1.9e-06 1.65e-06 2.45e-06 2.4e-06 2.5e-06 2.55e-06 2.15e-06 2.45e-06 1.9e-06 1.75e-06 4.2e-06
53 1.9e-06 1.3e-06 2.15e-06 2.15e-06 1.6e-06 2.3e-06 2.3e-06 1.45e-06 1.55e-06 2.15e-06 1.5e-06 3e-06 2.6e-06 2.1e-06 2.65e-06 2.8e-06 2.1e-06 2.1e-06 1.5e-06 1.45e-06 9.5e-07 2.1e-06 3e-06 1.25e-06 3.4e-06 3e-06 2.05e-06 2.5e-06 2.25e-06 1.7e-06 2.45e-06 3e-06 2.5e-06 1.7e-06 2.15e-06 2.85e-06 2.2e-06 2.9e-06 1.5e-06 1.55e-06 1.75e-06 1.95e-06 2.25e-06 2.3e-06 2.5e-06 1.7e-06 1.9e-06 2.2e-06 2.3e-06 1e-06 1.95e-06 1.55e-06 1.6e-06 1.8e-06 1.55e-06 1.9e-06 2.05e-06 1.5e-06 2.75e-06 2.1e-06 1.7e-06 2.45e-06 2.3e-06 1.55e-06 4e-06
54 2.05e-06 1.6e-06 2.7e-06 2.1e-06 1.7e-06 2.45e-06 2.65e-06 1.55e-06 1.45e-06 2.55e-06 2.15e-06 3.7e-06 2.35e-06 2.25e-06 2.4e-06 2.75e-06 1.7e-06 2.15e-06 1.5e-06 1.45e-06 1.5e-06 1.85e-06 3.15e-06 1.75e-06 3.7e-06 2.9e-06 2e-06 2.4e-06 2.6e-06 1.9e-06 2.35e-06 3.15e-06 2.5e-06 2.1e-06 2.3e-06 3e-06 2.55e-06 3.25e-06 1.6e-06 2.1e-06 1.95e-06 2.25e-06 2.05e-06 1.9e-06 2.5e-06 1.9e-06 1.75e-06 2.2e-06 2.05e-06 1.5e-06 2.1e-06 2.2e-06 1.9e-06 1.55e-06 2.6e-06 1.85e-06 2.2e-06 2e-06 3.05e-06 1.85e-06 1.9e-06 2.6e-06 2.25e-06 1.55e-06 4.7e-06
55 1.9e-06 2e-06 3.15e-06 1.85e-06 1.8e-06 2.35e-06 2.5e-06 1.3e-06 1.35e-06 2.35e-06 2.4e-06 3.3e-06 1.95e-06 1.85e-06 2e-06 2.6e-06 1.3e-06 2.1e-06 1.85e-06 1.8e-06 2.35e-06 1.65e-06 2.7e-06 1.7e-06 3.3e-06 2.55e-06 1.6e-06 2.25e-06 2.25e-06 2.15e-06 1.95e-06 2.7e-06 2e-06 3e-06 1.9e-06 2.55e-06 2.45e-06 3.2e-06 1.35e-06 2.9e-06 2.3e-06 2.7e-06 1.9e-06 1.9e-06 2.6e-06 2.25e-06 1.5e-06 2.6e-06 1.6e-06 2e-06 1.75e-06 1.9e-06 1.65e-06 1.9e-06 1.85e-06 1.6e-06 1.8e-06 1.8e-06 2.3e-06 1.65e-06 2.4e-06 2.9e-06 1.65e-06 1.85e-06 4.2e-06
56 2.4e-06 2e-06 2.95e-06 1.65e-06 2.45e-06 2.9e-06 2.4e-06 1.5e-06 1.75e-06 1.85e-06 2.2e-06 2.8e-06 2.45e-06 1.5e-06 2.45e-06 3.4e-06 1.55e-06 2.85e-06 1.95e-06 1.9e-06 2.5e-06 1.45e-06 2.7e-06 1.55e-06 3.05e-06 2.75e-06 2.6e-06 2.1e-06 2.25e-06 2.65e-06 3e-06 2.75e-06 2.35e-06 3.25e-06 1.5e-06 2.9e-06 2.45e-06 3.4e-06 1.55e-06 3.15e-06 2.75e-06 2.25e-06 2.45e-06 2.65e-06 3.45e-06 2.7e-06 1.7e-06 2.85e-06 1.4e-06 2.1e-06 1.45e-06 2.1e-06 2.45e-06 2.05e-06 2.2e-06 1.8e-06 2.7e-06 1.7e-06 2.8e-06 1.45e-06 2.9e-06 3.3e-06 2.8e-06 2.2e-06 4.05e-06
57 2e-06 1.7e-06 2.7e-06 1.95e-06 2e-06 2.6e-06 2.5e-06 1.25e-06 1.5e-06 1.7e-06 1.9e-06 3.05e-06 3e-06 1.75e-06 3.05e-06 3.75e-06 1.8e-06 2.5e-06 1.8e-06 1.75e-06 2.05e-06 1.6e-06 3.05e-06 9e-07 3.8e-06 3.75e-06 2.65e-06 2.55e-06 2.25e-06 2.3e-06 2.8e-06 3.05e-06 2.2e-06 2.6e-06 1.8e-06 3.05e-06 2.45e-06 3.4e-06 1.3e-06 2.65e-06 2.35e-06 2.25e-06 2.5e-06 2.7e-06 3.3e-06 2.3e-06 1.75e-06 3.05e-06 2.2e-06 1.4e-06 1.65e-06 1.6e-06 2.4e-06 1.5e-06 2e-06 1.8e-06 1.7e-06 8e-07 3e-06 1.6e-06 2.55e-06 3.4e-06 2.85e-06 2.15e-06 4.4e-06
58 3.2e-06 2.9e-06 2.65e-06 2.75e-06 2.95e-06 3.2e-06 3.2e-06 2.8e-06 2.75e-06 2.65e-06 2.85e-06 2.75e-06 2.95e-06 2.7e-06 3e-06 3.3e-06 3.1e-06 2.95e-06 3.15e-06 3.1e-06 3.1e-06 3.05e-06 3e-06 2.65e-06 2.75e-06 2.7e-06 2.9e-06 2.8e-06 3.05e-06 3.4e-06 3.3e-06 3e-06 3.25e-06 3.5e-06 2.9e-06 2.75e-06 3.1e-06 2.9e-06 2.85e-06 3.4e-06 3.45e-06 3e-06 3.4e-06 3.3e-06 3.8e-06 3.4e-06 2.8e-06 3.15e-06 2.85e-06 3e-06 2.7e-06 2.65e-06 2.5e-06 2.75e-06 3.05e-06 2.3e-06 2.8e-06 3e-06 4e-06 3.05e-06 3.5e-06 3.35e-06 2.85e-06 2.9e-06 3e-06
59 2.15e-06 1.8e-06 3.15e-06 1.75e-06 2.25e-06 2.7e-06 2.65e-06 1.15e-06 1.4e-06 1.95e-06 2.4e-06 3.35e-06 2.3e-06 1.5e-06 2.3e-06 3.4e-06 9e-07 2.65e-06 1.6e-06 1.55e-06 2.55e-06 8e-07 2.65e-06 1.4e-06 3.3e-06 2.9e-06 2.45e-06 1.9e-06 2.4e-06 2.45e-06 2.7e-06 2.7e-06 1.95e-06 3.15e-06 1.6e-06 3e-06 2.6e-06 3.5e-06 1.2e-06 3.2e-06 2.55e-06 2.2e-06 2e-06 2.2e-06 3.15e-06 2.5e-06 1.35e-06 2.8e-06 1.15e-06 2e-06 1.45e-06 2.2e-06 2.55e-06 2.1e-06 1.85e-06 1.65e-06 1.45e-06 1.6e-06 3.05e-06 1.5e-06 2.7e-06 3.4e-06 2.65e-06 2e-06 4.55e-06
60 1.5e-06 2e-06 2.7e-06 3.05e-06 1.85e-06 2e-06 2.1e-06 2.2e-06 2.35e-06 3.25e-06 2.3e-06 3.95e-06 2.65e-06 2.95e-06 2.7e-06 1.8e-06 2.55e-06 2.3e-06 1.8e-06 1.75e-06 1.2e-06 2.7e-06 3.5e-06 2.3e-06 3.95e-06 3.1e-06 2.1e-06 3.15e-06 2.35e-06 1.1e-06 1.8e-06 3.5e-06 2.95e-06 1.65e-06 3e-06 3.4e-06 2.05e-06 2.55e-06 2.25e-06 1.75e-06 1.25e-06 2.5e-06 1.75e-06 1.75e-06 9.5e-07 1.2e-06 2.8e-06 2.05e-06 2.9e-06 1.6e-06 2.85e-06 2.6e-06 2.15e-06 1.7e-06 1.9e-06 2.4e-06 2.9e-06 2.55e-06 3.5e-06 2.7e-06 1.7e-06 1.95e-06 1.85e-06 2.05e-06 4.55e-06
61 2.5e-06 2.7e-06 2.95e-06 3.3e-06 2.5e-06 2.95e-06 2.65e-06 3.1e-06 3.1e-06 3.6e-06 2.55e-06 3.8e-06 2.65e-06 3.2e-06 2.7e-06 1.95e-06 3.4e-06 2.9e-06 2.65e-06 2.6e-06 2e-06 3.4e-06 3.85e-06 3e-06 3.9e-06 2.7e-06 2.65e-06 3.4e-06 2.85e-06 2.2e-06 2.6e-06 3.85e-06 3.85e-06 2.5e-06 3.4e-06 3.65e-06 2.55e-06 2.95e-06 3.15e-06 2.45e-06 2.25e-06 2.75e-06 2.75e-06 2.6e-06 2.1e-06 2.2e-06 3.35e-06 2.1e-06 3.3e-06 2.5e-06 3.2e-06 3.25e-06 2.45e-06 2.45e-06 2.6e-06 2.9e-06 3.3e-06 3.4e-06 3.35e-06 3.4e-06 1.95e-06 3.8e-06 2.45e-06 2.6e-06 4.4e-06
62 1.95e-06 2.45e-06 3.4e-06 2.75e-06 2.05e-06 2.25e-06 2.45e-06 2.25e-06 2.2e-06 3.35e-06 2.9e-06 3.9e-06 2.35e-06 2.85e-06 2.4e-06 1.95e-06 2.35e-06 2.35e-06 2.35e-06 2.3e-06 2.3e-06 2.65e-06 3.35e-06 2.6e-06 3.75e-06 2.75e-06 1.85e-06 3.05e-06 2.5e-06 1.9e-06 1.7e-06 3.35e-06 2.85e-06 2.75e-06 2.9e-06 3.1e-06 2.4e-06 2.95e-06 2.3e-06 2.7e-06 2.05e-06 3.1e-06 1.85e-06 1.8e-06 1.5e-06 2e-06 2.5e-06 2.5e-06 2.55e-06 2.4e-06 2.75e-06 2.6e-06 1.9e-06 2.3e-06 2.25e-06 1.65e-06 2.8e-06 2.85e-06 2.85e-06 2.65e-06 1.85e-06 2.45e-06 2.7e-06 2.25e-06 4.45e-06
63 2.2e-06 1.6e-06 2.7e-06 2.15e-06 1.85e-06 2.6e-06 2.65e-06 1.7e-06 1.65e-06 2.55e-06 2.15e-06 3.55e-06 2.35e-06 2.25e-06 2.4e-06 2.75e-06 1.85e-06 2.3e-06 1.65e-06 1.6e-06 1.5e-06 2e-06 3.15e-06 1.9e-06 3.55e-06 2.75e-06 2e-06 2.4e-06 2.6e-06 2.05e-06 2.5e-06 3.15e-06 2.65e-06 2.25e-06 2.3e-06 3.05e-06 2.55e-06 3.25e-06 1.75e-06 2.1e-06 2.1e-06 2.25e-06 2.2e-06 2.1e-06 2.65e-06 2.05e-06 1.65e-06 2.2e-06 2.05e-06 1.65e-06 2.1e-06 2.2e-06 1.75e-06 1.55e-06 1.55e-06 1.85e-06 2.2e-06 2.15e-06 2.9e-06 2e-06 2.05e-06 2.6e-06 2.25e-06 2.9e-06 4.55e-06
64 4.5e-06 4.4e-06 3.2e-06 4.2e-06 4.5e-06 4.4e-06 4.15e-06 4.25e-06 4.4e-06 3.75e-06 3.7e-06 1.7e-06 4.3e-06 3.8e-06 4.35e-06 4.35e-06 4.8e-06 4.5e-06 4.6e-06 4.55e-06 4.25e-06 4.55e-06 2.35e-06 3.85e-06 1.5e-06 3.45e-06 4.65e-06 3.45e-06 4.1e-06 4.5e-06 4.8e-06 2.35e-06 3.4e-06 4.1e-06 4.15e-06 2.25e-06 4.1e-06 3.4e-06 4.3e-06 4.15e-06 4.65e-06 3.7e-06 4.8e-06 4.9e-06 4.9e-06 4.6e-06 4.55e-06 4.25e-06 4.25e-06 4.2e-06 4e-06 3.4e-06 4.2e-06 4e-06 4.7e-06 4.2e-06 4.05e-06 4.4e-06 3e-06 4.55e-06 4.55e-06 4.4e-06 4.45e-06 4.55e-06 0.0
